_episodes_rmd/data/big_extent/bio13.asc
NCOLS 660 
NROWS 720 
XLLCORNER -130 
YLLCORNER -60 
CELLSIZE 0.166666666666667 
NODATA_value -32768 
[rows 34 to 67 of 720, columns 228 to 303 of 660]
86 86 86 86 86 87 87 87 87 87 86 86 86 86 86 86 86 86 86 85 85 85 85 85 85 85 84 84 84 84 84 84 84 85 85 84 84 84 84 84 84 84 85 85 85 85 85 85 84 84 84 83 83 83 83 82 82 82 -32768 -32768 -32768 -32768 -32768 -32768 -32768 -32768 -32768 -32768 78 -32768 -32768 -32768 -32768 -32768 -32768 74
87 87 87 88 88 88 88 88 88 88 88 88 88 87 87 87 87 87 87 86 86 86 86 86 86 86 85 85 85 85 85 85 85 85 85 85 85 85 85 85 85 85 85 85 86 86 86 86 85 85 85 85 84 84 84 83 83 83 83 -32768 -32768 -32768 -32768 -32768 -32768 -32768 -32768 -32768 -32768 -32768 -32768 -32768 -32768 -32768 -32768 75
88 88 88 89 89 89 89 89 89 89 89 89 89 89 89 89 89 88 88 88 88 87 87 87 87 86 86 86 86 86 86 86 86 86 86 86 86 85 85 85 85 85 85 86 86 86 86 86 86 86 86 86 85 85 85 85 84 84 84 84 -32768 -32768 -32768 -32768 -32768 -32768 -32768 -32768 -32768 -32768 -32768 -32768 78 -32768 -32768 -32768
88 89 89 90 90 90 90 90 90 90 90 90 89 90 90 90 90 89 89 89 89 89 88 88 88 87 87 87 87 87 87 87 87 87 87 87 86 86 86 86 86 86 86 86 86 86 86 87 87 87 86 86 86 86 86 86 86 85 85 84 -32768 -32768 -32768 -32768 -32768 -32768 -32768 -32768 -32768 -32768 -32768 -32768 -32768 -32768 -32768 -32768
90 90 90 90 90 91 91 91 91 91 91 91 91 91 91 91 91 91 90 90 90 89 89 89 89 89 88 88 88 88 88 87 87 87 87 87 87 87 87 87 87 87 87 87 87 87 87 87 87 87 87 87 87 87 87 87 87 86 86 -32768 -32768 -32768 -32768 -32768 -32768 -32768 -32768 -32768 -32768 -32768 -32768 -32768 -32768 79 -32768 -32768
91 91 91 91 91 92 92 92 93 93 93 93 93 92 92 92 92 91 92 91 91 91 90 90 90 90 89 89 89 89 89 88 88 88 88 88 88 88 88 88 88 88 88 88 88 88 88 88 88 88 88 88 88 88 88 88 88 87 87 87 -32768 -32768 -32768 -32768 -32768 -32768 -32768 -32768 -32768 -32768 -32768 82 82 79 -32768 -32768
91 92 92 92 92 93 93 94 94 94 94 94 94 94 94 94 93 93 93 93 93 92 92 91 91 91 90 90 90 89 89 89 89 89 89 89 88 88 88 88 88 88 88 88 89 89 89 89 89 89 89 89 89 89 89 89 88 88 88 88 -32768 88 88 88 87 87 -32768 -32768 -32768 -32768 -32768 83 82 81 81 -32768
92 92 93 94 94 94 94 95 96 96 95 95 95 95 95 94 94 94 94 93 93 93 92 92 92 92 91 91 91 90 90 90 90 90 89 89 89 89 89 89 89 89 89 89 89 89 89 89 90 89 89 89 89 89 89 89 89 89 89 90 89 89 89 89 88 88 88 -32768 -32768 -32768 -32768 -32768 83 83 -32768 -32768
92 93 93 94 95 95 95 96 96 97 96 96 96 96 95 95 95 94 94 94 93 93 93 92 92 92 92 91 91 91 91 91 90 90 90 90 90 90 89 89 89 89 90 90 90 90 90 90 90 90 90 90 90 90 90 90 90 90 90 91 90 90 90 90 90 89 89 88 -32768 -32768 -32768 -32768 -32768 -32768 -32768 -32768
93 94 95 95 96 96 96 97 97 97 97 97 97 97 97 97 96 96 95 95 94 94 94 93 93 93 92 92 92 92 91 91 91 91 91 91 90 91 91 91 90 90 90 91 91 90 90 90 90 91 91 91 90 91 91 91 91 91 91 91 92 -32768 -32768 -32768 90 90 90 89 -32768 -32768 -32768 -32768 -32768 -32768 -32768 -32768
94 95 96 96 97 98 98 98 99 99 98 98 99 99 99 98 98 97 97 96 96 95 95 94 94 94 93 93 92 92 92 92 92 91 91 91 91 91 91 91 91 91 91 91 91 91 91 91 91 91 91 91 91 91 92 92 92 92 92 93 93 93 93 -32768 -32768 -32768 -32768 -32768 -32768 -32768 -32768 -32768 -32768 -32768 86 -32768
95 96 97 97 98 99 99 100 100 100 100 100 100 100 99 99 98 98 97 97 96 96 95 95 94 94 94 94 93 93 93 92 92 92 92 92 92 92 92 92 92 92 92 92 92 92 92 92 92 91 91 92 92 92 92 93 93 93 93 94 94 94 94 -32768 -32768 -32768 -32768 -32768 -32768 -32768 -32768 -32768 -32768 -32768 -32768 -32768
96 97 98 99 99 99 100 100 101 101 101 101 101 100 100 99 99 98 98 97 96 96 95 95 94 94 94 94 93 93 93 93 92 92 92 92 92 92 92 92 92 92 92 92 92 92 92 92 92 92 92 92 92 93 93 93 94 94 95 95 95 95 95 95 -32768 -32768 -32768 -32768 -32768 -32768 -32768 -32768 -32768 -32768 -32768 88
97 98 98 99 99 100 101 102 102 103 103 103 102 102 101 100 100 99 98 97 97 96 96 95 95 95 94 94 93 93 93 93 93 92 92 92 92 92 92 92 92 92 92 92 92 92 92 92 92 92 92 93 93 93 94 94 95 95 95 95 96 96 96 95 95 95 94 -32768 -32768 -32768 -32768 -32768 -32768 -32768 90 90
97 98 99 100 100 100 101 102 103 104 104 104 103 103 102 101 100 100 99 98 98 97 96 96 96 95 95 94 94 94 93 93 93 93 92 92 92 92 92 92 92 92 92 92 92 92 92 92 92 92 92 93 93 94 94 95 95 95 96 96 96 97 97 96 96 95 95 95 -32768 -32768 -32768 -32768 -32768 -32768 91 91
97 98 99 100 100 101 102 103 103 104 105 105 104 103 103 102 101 100 100 99 98 97 97 96 96 96 95 95 95 94 94 93 93 92 92 92 92 92 92 92 92 92 92 93 92 92 92 92 92 92 93 93 94 94 94 95 95 96 96 97 97 97 97 97 97 96 96 95 95 -32768 -32768 -32768 -32768 -32768 -32768 -32768
97 98 99 99 100 101 102 103 104 105 106 105 104 104 103 102 101 101 100 99 98 97 96 96 95 95 95 95 95 94 94 93 93 93 92 92 92 92 92 92 92 92 92 92 92 92 92 92 92 92 93 93 94 94 95 95 96 96 97 97 98 98 98 98 97 97 97 96 96 95 -32768 -32768 -32768 -32768 93 93
97 98 99 100 100 101 102 103 104 105 106 106 105 105 104 102 101 101 100 99 98 97 96 96 95 95 95 94 94 94 94 93 93 92 92 92 92 92 92 92 92 91 92 92 92 92 92 92 92 92 93 93 94 95 95 96 96 97 97 98 98 98 98 98 98 97 97 97 96 96 -32768 -32768 -32768 94 94 93
97 98 98 99 100 101 101 102 103 104 105 105 105 104 103 102 101 100 100 99 97 97 96 95 95 95 94 94 94 94 93 93 93 93 92 92 92 92 92 92 92 91 91 91 91 91 91 91 92 92 93 93 94 95 96 96 97 97 98 98 98 98 98 98 97 97 97 97 97 96 96 95 95 94 94 94
97 98 98 98 99 100 101 101 102 103 104 104 104 103 102 102 101 100 99 99 98 97 96 96 95 95 94 94 94 94 93 93 93 93 92 92 92 91 91 91 91 91 91 90 90 90 91 91 92 92 93 93 94 95 96 96 97 97 97 98 98 97 97 97 97 97 97 97 97 97 96 96 95 95 95 95
97 97 98 98 99 99 100 101 102 102 103 103 103 102 102 101 101 100 99 98 97 97 96 96 94 94 94 94 94 94 94 93 93 93 92 92 91 91 91 91 91 90 90 90 89 90 90 91 91 92 93 93 95 96 96 96 97 97 97 98 97 97 97 97 97 97 97 97 97 97 97 96 96 96 96 96
97 97 97 97 98 99 99 100 101 101 102 102 102 101 100 100 99 99 98 98 97 96 95 95 94 94 94 93 93 93 93 93 93 93 92 92 91 91 90 90 90 90 90 89 89 89 90 90 91 91 93 94 95 96 96 97 97 97 97 97 97 97 97 97 97 97 97 97 98 98 99 98 97 97 96 97
96 96 97 97 97 98 99 99 100 100 101 101 100 100 100 99 99 99 98 97 96 95 94 94 93 93 93 92 93 93 93 93 93 93 92 91 91 91 90 90 90 90 89 89 88 88 89 89 90 91 92 93 95 96 96 96 96 96 96 97 97 97 97 97 97 97 97 98 100 101 101 101 100 100 99 98
95 96 96 97 97 98 97 98 99 99 99 99 99 99 99 98 98 97 97 96 94 94 93 93 92 92 92 92 92 92 93 93 93 92 92 91 90 90 90 90 89 89 88 88 87 87 87 88 89 91 92 93 94 95 95 95 95 96 96 97 96 96 96 97 98 98 99 100 101 101 102 102 101 101 101 101
96 96 97 97 98 99 99 99 98 98 98 99 99 99 98 97 97 96 95 93 92 91 91 92 92 92 92 92 92 92 92 92 92 92 91 92 91 91 90 90 89 88 87 86 86 86 86 87 89 90 92 93 93 94 94 95 95 95 96 96 96 96 97 97 98 99 100 100 101 101 101 101 102 102 102 102
96 97 98 99 99 100 101 100 99 98 98 98 99 98 98 97 95 94 93 91 90 89 90 91 92 93 93 93 93 93 93 93 92 92 92 92 92 92 91 91 90 88 86 85 84 84 85 86 88 89 91 92 93 94 95 95 95 95 96 97 97 97 97 98 98 99 99 100 100 100 101 101 101 101 102 102
97 97 99 100 101 102 103 102 101 99 97 98 98 97 96 94 93 92 91 90 89 89 90 91 93 93 94 94 94 94 94 94 93 93 93 93 93 93 92 92 90 89 87 85 83 84 84 86 87 89 90 92 93 94 95 95 96 96 97 97 98 98 97 98 98 98 99 99 100 100 100 101 101 101 101 102
98 98 99 100 102 104 105 105 103 101 98 97 97 96 95 93 92 90 89 88 87 88 90 92 94 94 94 94 95 95 95 94 94 94 94 94 94 93 92 91 90 88 87 85 84 84 85 85 86 87 89 91 92 94 94 95 95 95 96 96 96 96 97 97 97 98 98 98 99 99 100 100 101 102 102 103
98 98 99 101 103 106 108 107 104 102 99 97 96 95 94 93 90 89 88 87 87 88 90 93 95 96 96 96 96 96 96 95 95 95 95 95 95 94 93 92 90 88 86 84 85 84 85 85 86 86 88 89 91 92 93 93 94 94 94 94 94 95 95 95 96 97 98 98 99 99 100 101 101 102 103 104
98 98 98 100 103 106 109 108 105 102 99 96 96 95 94 92 91 88 87 87 87 88 90 94 96 98 98 97 97 97 97 98 96 96 95 95 95 94 93 91 89 87 85 85 85 85 86 87 87 88 87 87 89 90 91 92 92 92 93 93 93 93 94 95 96 97 98 99 98 99 100 101 101 102 103 104
97 97 98 100 102 105 107 107 105 102 99 96 95 94 93 92 90 89 86 87 89 90 92 95 97 98 99 99 98 98 98 97 97 96 95 95 95 95 94 92 91 89 87 86 86 87 88 88 89 88 88 88 88 88 89 89 90 90 91 91 92 93 95 96 97 98 98 98 99 100 101 101 102 103 104 106
96 95 96 98 101 103 104 104 103 101 98 96 94 93 91 90 90 88 88 88 89 91 90 92 97 98 99 99 100 98 98 97 96 95 95 95 96 95 95 94 93 91 89 88 88 89 90 90 90 90 89 88 88 88 88 89 89 90 90 91 92 94 95 96 97 98 98 98 98 99 99 100 102 104 105 107
95 94 93 95 98 100 102 102 101 99 97 94 93 91 89 89 89 90 90 89 88 89 89 90 93 94 96 98 99 98 97 96 96 96 95 97 96 96 96 95 95 93 92 92 92 91 92 92 92 91 90 89 89 88 88 88 89 89 90 91 92 94 94 95 97 97 97 97 97 97 98 99 100 102 104 106
95 91 91 94 96 98 100 100 99 98 96 93 91 90 89 89 90 90 91 90 87 87 90 91 92 92 93 93 95 94 94 93 95 95 96 97 97 97 97 97 98 98 97 96 95 95 95 95 94 92 91 90 90 89 88 88 88 89 89 90 92 93 94 95 96 96 96 95 95 96 97 98 99 101 103 105
