_episodes_rmd/data/big_extent/bio11.asc
NCOLS 660 
NROWS 720 
XLLCORNER -130 
YLLCORNER -60 
CELLSIZE 0.166666666666667 
NODATA_value -32768 
[rows 68 to 101 of 720, columns 76 to 151 of 660]
-42 -48 -36 -57 -55 -32 -52 -47 -41 -61 -56 -64 -54 -66 -63 -68 -63 -74 -71 -61 -57 -77 -78 -83 -69 -65 -63 -62 -62 -63 -62 -60 -59 -59 -59 -61 -66 -71 -75 -76 -77 -78 -80 -81 -82 -83 -84 -85 -85 -85 -85 -87 -89 -92 -95 -97 -100 -101 -102 -103 -104 -105 -105 -108 -109 -109 -109 -108 -105 -104 -103 -103 -106 -108 -109 -110
-37 -43 -35 -49 -43 -28 -49 -59 -38 -56 -40 -49 -50 -62 -65 -68 -60 -53 -55 -53 -61 -61 -72 -79 -68 -64 -61 -59 -59 -58 -58 -58 -58 -57 -58 -59 -63 -67 -70 -72 -73 -74 -75 -76 -77 -80 -81 -80 -78 -76 -79 -82 -84 -87 -90 -94 -96 -97 -98 -100 -100 -100 -100 -101 -103 -102 -102 -101 -101 -101 -102 -102 -104 -107 -108 -108
-29 -34 -31 -34 -27 -24 -40 -54 -45 -63 -49 -51 -50 -56 -56 -66 -62 -48 -44 -56 -60 -63 -65 -70 -75 -74 -65 -58 -56 -56 -56 -57 -57 -56 -57 -58 -59 -62 -64 -66 -68 -69 -70 -71 -75 -80 -82 -81 -77 -74 -73 -78 -81 -85 -88 -90 -93 -95 -95 -97 -97 -97 -96 -94 -95 -94 -95 -94 -95 -95 -97 -99 -102 -104 -105 -105
-26 -27 -31 -26 -27 -28 -38 -34 -39 -47 -61 -48 -51 -54 -56 -55 -56 -54 -41 -35 -57 -57 -63 -69 -68 -72 -74 -65 -56 -54 -54 -54 -54 -53 -53 -54 -56 -57 -59 -61 -63 -65 -65 -67 -72 -76 -78 -77 -73 -71 -72 -76 -80 -82 -85 -88 -89 -91 -91 -92 -92 -91 -90 -89 -88 -84 -85 -86 -87 -88 -90 -93 -98 -101 -102 -102
-21 -34 -26 -19 -29 -36 -37 -40 -46 -33 -45 -53 -55 -52 -62 -53 -48 -51 -39 -29 -53 -60 -62 -60 -69 -74 -74 -71 -52 -50 -49 -50 -51 -51 -50 -50 -51 -52 -52 -54 -57 -59 -61 -63 -66 -70 -70 -71 -70 -69 -71 -75 -81 -81 -82 -85 -86 -86 -87 -88 -89 -87 -86 -85 -82 -81 -83 -83 -83 -85 -86 -89 -92 -97 -99 -99
-15 -16 -14 -14 -29 -33 -33 -34 -35 -46 -34 -44 -65 -48 -56 -51 -34 -38 -31 -26 -58 -53 -73 -63 -73 -78 -63 -76 -50 -47 -48 -48 -51 -49 -49 -48 -47 -46 -46 -47 -49 -51 -54 -58 -62 -65 -66 -68 -68 -67 -67 -70 -72 -75 -77 -79 -81 -80 -83 -83 -84 -83 -81 -80 -79 -79 -79 -81 -81 -82 -83 -84 -88 -91 -94 -95
-15 -20 -19 -14 -20 -18 -19 -28 -32 -51 -46 -37 -46 -50 -42 -49 -30 -31 -26 -31 -70 -45 -75 -69 -63 -77 -65 -62 -46 -46 -47 -47 -47 -45 -42 -42 -43 -42 -42 -42 -44 -45 -48 -53 -58 -62 -64 -67 -66 -64 -64 -65 -67 -68 -70 -72 -73 -75 -77 -79 -80 -79 -79 -78 -78 -77 -77 -79 -80 -80 -80 -81 -84 -88 -91 -92
-13 -14 -14 -12 -18 -36 -33 -41 -40 -45 -50 -48 -51 -51 -37 -43 -33 -33 -26 -29 -74 -57 -61 -76 -67 -68 -73 -67 -51 -46 -45 -43 -41 -39 -37 -39 -39 -39 -39 -41 -50 -44 -44 -49 -55 -58 -60 -63 -62 -60 -59 -59 -61 -62 -64 -65 -66 -69 -72 -76 -77 -78 -78 -77 -76 -75 -77 -78 -80 -79 -77 -80 -83 -86 -87 -88
-11 -13 -16 -22 -19 -24 -27 -31 -35 -41 -47 -55 -53 -43 -41 -56 -54 -53 -39 -39 -62 -69 -57 -68 -73 -73 -72 -74 -68 -54 -43 -39 -44 -36 -35 -37 -41 -43 -41 -40 -39 -39 -41 -45 -50 -52 -56 -58 -62 -59 -53 -52 -54 -56 -58 -58 -59 -63 -67 -71 -73 -74 -75 -75 -76 -75 -76 -77 -79 -79 -79 -81 -83 -83 -84 -83
-9 -11 -17 -23 -26 -26 -33 -45 -53 -49 -53 -53 -62 -65 -54 -38 -51 -44 -51 -51 -72 -67 -60 -57 -56 -61 -64 -72 -64 -60 -51 -37 -35 -48 -45 -43 -46 -56 -53 -52 -58 -47 -41 -41 -44 -48 -51 -55 -59 -53 -47 -45 -48 -51 -52 -53 -53 -57 -63 -68 -71 -72 -75 -75 -74 -74 -75 -77 -78 -79 -80 -81 -82 -82 -81 -79
-5 -8 -12 -16 -25 -25 -34 -41 -30 -37 -49 -49 -60 -57 -67 -48 -54 -54 -46 -39 -52 -58 -52 -56 -64 -58 -58 -61 -61 -61 -54 -43 -42 -58 -58 -52 -48 -57 -68 -68 -73 -62 -47 -42 -43 -46 -53 -59 -59 -57 -52 -47 -44 -46 -49 -49 -48 -52 -58 -64 -68 -71 -72 -72 -72 -73 -74 -75 -77 -78 -78 -80 -81 -80 -78 -78
-3 -6 -15 -13 -14 -23 -25 -30 -25 -41 -40 -48 -54 -51 -60 -68 -56 -57 -60 -41 -57 -53 -57 -61 -63 -63 -67 -62 -67 -63 -53 -45 -40 -48 -60 -58 -49 -50 -58 -65 -70 -63 -63 -58 -48 -47 -60 -70 -70 -59 -50 -45 -43 -44 -46 -46 -46 -50 -56 -60 -64 -67 -68 -68 -70 -71 -72 -73 -74 -75 -76 -79 -81 -79 -78 -78
1 -7 -9 -1 -1 -16 -11 -22 -31 -41 -45 -42 -60 -58 -62 -58 -60 -72 -78 -36 -50 -67 -66 -65 -58 -60 -59 -62 -59 -61 -58 -50 -45 -44 -42 -59 -62 -51 -54 -59 -56 -52 -50 -47 -44 -45 -50 -56 -55 -49 -44 -40 -39 -40 -43 -44 -46 -49 -54 -57 -60 -61 -63 -65 -66 -67 -68 -68 -69 -71 -73 -77 -79 -79 -78 -78
10 12 13 11 -7 -9 -8 -15 -28 -38 -54 -51 -52 -57 -60 -71 -64 -77 -57 -31 -61 -71 -69 -66 -64 -82 -72 -58 -68 -74 -76 -56 -61 -68 -41 -43 -66 -63 -55 -66 -56 -48 -42 -40 -39 -40 -44 -45 -45 -42 -39 -37 -36 -39 -43 -46 -48 -50 -51 -53 -55 -57 -59 -61 -62 -64 -64 -64 -65 -68 -73 -75 -76 -78 -78 -77
-8 1 2 -21 -27 -21 -15 -5 -17 -32 -38 -41 -67 -69 -53 -61 -71 -80 -55 -33 -71 -82 -68 -63 -73 -85 -64 -57 -75 -74 -70 -56 -69 -61 -44 -42 -59 -61 -58 -54 -62 -67 -62 -46 -42 -41 -40 -41 -41 -39 -37 -37 -40 -43 -46 -48 -48 -49 -51 -51 -53 -56 -57 -58 -59 -59 -60 -62 -63 -65 -69 -72 -73 -75 -76 -76
-18 -9 -7 -33 -25 -28 -11 -6 -1 -26 -35 -46 -49 -50 -47 -56 -70 -80 -48 -52 -73 -86 -78 -82 -92 -85 -62 -60 -69 -77 -77 -63 -49 -48 -42 -43 -56 -58 -64 -53 -48 -77 -79 -48 -41 -42 -42 -42 -42 -41 -39 -38 -37 -39 -44 -47 -48 -48 -49 -52 -58 -59 -60 -57 -58 -57 -59 -60 -61 -64 -66 -69 -71 -71 -74 -74
-31 -28 -20 -5 -26 -12 -13 -19 -26 -57 -56 -59 -56 -74 -60 -53 -72 -87 -68 -52 -63 -77 -90 -91 -79 -72 -85 -70 -68 -71 -56 -49 -45 -44 -40 -44 -51 -59 -68 -51 -41 -54 -60 -38 -33 -36 -43 -42 -39 -39 -38 -37 -34 -37 -43 -47 -46 -48 -48 -55 -59 -62 -61 -58 -55 -55 -56 -57 -60 -62 -65 -66 -69 -69 -70 -73
-41 -39 -46 -6 -8 -27 -7 -50 -45 -59 -61 -60 -70 -75 -77 -63 -76 -74 -68 -82 -79 -90 -82 -77 -85 -85 -78 -68 -77 -79 -47 -57 -49 -39 -40 -44 -48 -50 -62 -63 -38 -33 -32 -33 -33 -33 -36 -37 -41 -39 -37 -33 -31 -35 -39 -41 -41 -42 -46 -55 -60 -62 -62 -58 -55 -54 -55 -57 -59 -60 -63 -64 -66 -66 -68 -70
-45 -45 -35 -37 -37 -29 -23 -57 -78 -78 -80 -75 -64 -69 -80 -82 -86 -85 -77 -85 -74 -86 -82 -82 -94 -90 -97 -64 -64 -54 -51 -96 -79 -44 -47 -52 -53 -58 -69 -61 -41 -68 -53 -52 -51 -39 -37 -38 -39 -38 -35 -35 -40 -37 -38 -34 -34 -37 -46 -54 -58 -60 -60 -58 -58 -56 -54 -56 -58 -59 -61 -61 -63 -65 -66 -69
-44 -49 -46 -49 -40 -44 -36 -43 -58 -56 -48 -62 -81 -76 -62 -72 -81 -83 -70 -68 -65 -97 -84 -81 -90 -91 -93 -60 -49 -44 -49 -58 -81 -44 -72 -92 -86 -94 -98 -56 -62 -105 -94 -102 -64 -48 -39 -40 -43 -42 -37 -42 -46 -46 -42 -34 -28 -32 -43 -50 -55 -59 -60 -59 -57 -54 -54 -53 -56 -57 -58 -59 -61 -63 -64 -67
-82 -69 -59 -47 -75 -56 -67 -75 -79 -77 -68 -80 -88 -84 -89 -85 -78 -71 -80 -93 -63 -80 -97 -86 -90 -73 -73 -55 -47 -55 -77 -56 -79 -49 -80 -105 -93 -108 -71 -79 -98 -106 -107 -113 -102 -106 -65 -56 -48 -46 -42 -51 -61 -67 -53 -49 -43 -37 -43 -47 -53 -58 -57 -56 -55 -53 -51 -52 -54 -55 -55 -56 -58 -60 -63 -64
-83 -75 -56 -44 -70 -60 -61 -75 -85 -67 -71 -94 -91 -84 -79 -74 -100 -93 -83 -92 -67 -64 -85 -92 -82 -69 -67 -63 -62 -74 -66 -64 -92 -77 -83 -114 -104 -106 -101 -81 -105 -107 -111 -105 -110 -112 -117 -94 -61 -49 -51 -54 -60 -66 -56 -60 -78 -60 -50 -49 -52 -56 -54 -54 -54 -52 -49 -51 -53 -53 -54 -54 -56 -60 -61 -61
-50 -38 -33 -53 -57 -54 -55 -57 -82 -62 -81 -87 -97 -92 -94 -73 -89 -90 -99 -86 -79 -82 -72 -92 -79 -80 -74 -81 -88 -78 -84 -99 -103 -112 -93 -119 -117 -111 -118 -104 -102 -99 -101 -106 -110 -90 -90 -99 -49 -50 -53 -57 -59 -59 -55 -63 -86 -84 -73 -63 -52 -52 -52 -54 -54 -53 -52 -52 -52 -54 -55 -54 -56 -59 -59 -59
-36 -33 -48 -73 -54 -43 -71 -56 -69 -78 -87 -96 -93 -83 -82 -88 -97 -97 -88 -67 -91 -95 -79 -83 -91 -96 -94 -75 -77 -88 -97 -98 -102 -106 -101 -112 -105 -99 -110 -112 -116 -113 -114 -106 -110 -100 -81 -68 -45 -45 -51 -55 -60 -63 -61 -59 -74 -92 -92 -87 -67 -53 -51 -54 -56 -56 -55 -54 -55 -55 -55 -55 -56 -58 -58 -59
-53 -46 -64 -43 -37 -39 -67 -61 -70 -79 -90 -96 -93 -97 -100 -98 -102 -100 -69 -72 -61 -88 -109 -89 -80 -103 -92 -91 -89 -85 -86 -94 -101 -104 -110 -106 -105 -110 -112 -111 -116 -113 -111 -111 -106 -103 -100 -79 -57 -38 -46 -54 -59 -63 -63 -62 -62 -67 -85 -96 -88 -73 -59 -53 -55 -58 -57 -56 -56 -57 -56 -56 -56 -58 -58 -59
-31 -43 -42 -38 -40 -42 -60 -71 -66 -76 -86 -92 -99 -100 -107 -106 -106 -105 -76 -76 -94 -71 -95 -105 -97 -94 -108 -100 -93 -95 -89 -91 -91 -94 -95 -91 -97 -117 -119 -117 -115 -110 -109 -112 -97 -86 -78 -56 -39 -38 -44 -51 -56 -61 -63 -64 -64 -64 -71 -90 -103 -97 -69 -52 -51 -55 -56 -57 -58 -58 -56 -56 -55 -56 -57 -59
-22 -21 -22 -29 -39 -46 -46 -62 -53 -81 -81 -95 -96 -101 -99 -102 -97 -93 -81 -90 -100 -98 -94 -85 -97 -98 -95 -96 -82 -72 -68 -74 -82 -85 -89 -86 -90 -102 -111 -118 -115 -111 -110 -108 -110 -107 -83 -76 -88 -55 -48 -50 -54 -58 -62 -64 -65 -65 -64 -71 -90 -97 -76 -55 -50 -53 -55 -56 -59 -59 -57 -55 -55 -56 -57 -60
-17 -20 -15 -21 -24 -40 -38 -53 -41 -66 -67 -81 -93 -104 -103 -107 -115 -98 -93 -99 -79 -106 -112 -94 -82 -104 -87 -84 -73 -71 -69 -70 -74 -71 -69 -71 -76 -86 -101 -109 -113 -114 -112 -106 -109 -108 -96 -96 -74 -54 -53 -50 -51 -55 -59 -63 -65 -64 -65 -66 -73 -83 -74 -55 -51 -52 -53 -55 -57 -57 -56 -55 -55 -57 -59 -61
-14 -15 -13 -13 -13 -18 -25 -51 -49 -68 -71 -79 -92 -105 -107 -104 -112 -112 -106 -97 -99 -96 -89 -91 -91 -77 -88 -76 -75 -74 -72 -69 -66 -65 -66 -73 -77 -86 -110 -112 -103 -105 -102 -108 -113 -102 -110 -111 -101 -71 -60 -53 -50 -52 -56 -60 -62 -63 -65 -69 -66 -74 -69 -56 -52 -51 -50 -51 -54 -54 -54 -53 -55 -56 -58 -59
-15 -8 -9 -8 -8 -9 -22 -51 -40 -59 -57 -74 -87 -98 -101 -105 -101 -87 -98 -112 -107 -102 -91 -80 -88 -82 -69 -73 -75 -72 -69 -65 -63 -64 -72 -86 -78 -74 -113 -109 -103 -106 -108 -109 -102 -100 -88 -95 -104 -88 -61 -51 -50 -51 -53 -55 -57 -58 -60 -66 -65 -69 -61 -55 -51 -48 -47 -48 -50 -51 -51 -51 -52 -53 -55 -54
-21 -7 -2 -2 -3 -3 -2 -20 -31 -35 -66 -85 -71 -87 -89 -91 -93 -79 -78 -81 -90 -92 -83 -72 -74 -71 -69 -72 -73 -69 -65 -60 -59 -60 -66 -76 -82 -86 -109 -93 -107 -109 -105 -103 -96 -80 -63 -58 -81 -68 -59 -64 -61 -55 -55 -55 -55 -53 -57 -61 -68 -68 -59 -53 -49 -45 -45 -45 -46 -47 -47 -47 -48 -49 -50 -49
-14 -21 -18 -3 1 -1 -1 -8 -19 -36 -46 -58 -65 -77 -78 -75 -71 -67 -64 -70 -68 -69 -69 -67 -68 -67 -66 -65 -63 -60 -56 -53 -58 -60 -70 -66 -72 -97 -93 -94 -112 -114 -112 -104 -101 -113 -91 -54 -44 -47 -51 -53 -56 -58 -59 -60 -62 -58 -61 -66 -72 -64 -58 -52 -48 -43 -40 -45 -43 -42 -42 -42 -43 -43 -44 -45
-29 -22 -34 -20 1 2 -3 -4 -5 -12 -33 -59 -65 -66 -67 -65 -63 -58 -57 -59 -57 -55 -58 -59 -60 -62 -59 -53 -50 -47 -47 -53 -66 -65 -68 -76 -81 -76 -98 -95 -105 -106 -107 -102 -106 -116 -117 -96 -59 -49 -52 -55 -59 -61 -60 -61 -61 -63 -64 -62 -62 -58 -54 -50 -46 -43 -40 -41 -42 -39 -39 -39 -39 -41 -41 -41
-21 -21 -37 -44 -14 2 5 1 0 -3 -7 -15 -27 -33 -36 -38 -39 -43 -46 -48 -49 -48 -47 -50 -53 -55 -49 -44 -41 -42 -49 -58 -59 -65 -67 -69 -82 -75 -92 -98 -107 -103 -101 -99 -101 -110 -118 -107 -94 -64 -56 -57 -62 -64 -62 -63 -63 -64 -63 -61 -59 -56 -52 -48 -44 -42 -40 -40 -39 -38 -37 -37 -37 -37 -38 -39
