_episodes_rmd/data/big_extent/bio10.asc
NCOLS 660 
NROWS 720 
XLLCORNER -130 
YLLCORNER -60 
CELLSIZE 0.166666666666667 
NODATA_value -32768 
[rows 68 to 101 of 720, columns 228 to 303 of 660]
167 167 166 166 165 164 162 161 158 156 155 154 155 155 155 153 152 152 154 154 155 154 153 152 150 149 146 144 142 140 139 137 137 136 137 138 139 140 140 141 140 140 142 144 146 148 149 148 148 150 152 152 152 152 152 152 150 152 153 153 153 154 154 155 154 153 152 151 152 152 153 154 157 158 160 160
170 170 169 168 167 167 164 162 159 156 155 154 153 155 159 160 161 161 159 157 157 156 154 153 151 149 147 145 143 142 140 139 138 138 139 137 137 136 138 137 140 141 142 144 148 149 150 150 150 151 152 152 152 152 152 150 150 151 150 152 153 153 153 154 153 154 153 152 152 153 154 155 156 158 160 160
172 172 170 169 168 167 167 164 160 156 154 152 155 157 158 160 161 161 161 160 159 157 156 154 153 151 149 147 145 144 142 141 140 141 141 138 136 137 137 138 139 141 142 145 147 148 150 151 151 151 152 151 151 152 152 151 150 150 151 152 152 152 152 152 152 153 154 152 153 153 155 156 157 159 159 160
172 174 173 171 168 166 164 160 156 154 152 153 155 157 160 163 164 163 162 160 160 159 158 156 155 153 151 149 147 146 145 144 143 143 144 144 141 140 139 138 141 141 143 146 146 147 148 149 149 149 151 151 152 153 152 151 151 151 152 151 151 152 151 152 152 151 153 153 153 155 156 158 158 160 161 161
174 176 173 170 167 164 160 157 154 152 152 154 158 163 165 165 165 163 163 163 163 161 160 159 157 155 153 151 150 148 147 146 146 146 146 146 147 146 145 146 147 148 149 146 147 147 146 147 149 149 150 152 152 153 152 152 152 152 152 152 151 152 152 152 152 153 152 153 155 157 158 160 162 162 163 162
174 173 170 167 165 163 161 160 160 161 164 166 167 166 167 166 166 167 166 165 165 164 162 160 159 157 156 154 152 151 150 149 149 148 148 148 148 148 149 149 150 150 146 144 146 144 146 148 149 149 151 152 153 153 154 154 153 154 154 153 153 153 153 153 153 153 155 155 157 159 160 161 163 166 167 164
170 168 165 162 161 163 167 170 170 169 168 168 168 168 168 168 168 168 168 168 167 166 165 163 161 159 158 157 155 154 153 152 151 151 151 151 151 151 151 151 151 151 146 145 146 145 145 147 149 150 151 152 153 153 154 153 154 155 155 155 155 154 153 153 153 154 155 156 157 157 161 163 165 169 171 169
165 163 161 161 164 170 173 172 171 170 169 169 169 169 169 170 170 170 170 171 170 168 164 162 162 162 160 159 158 156 156 155 154 154 154 153 153 153 152 152 152 152 152 150 145 145 146 148 150 150 151 151 153 155 154 153 154 156 157 157 156 154 153 152 153 155 156 155 156 159 162 165 166 168 172 171
162 160 161 165 171 173 173 173 172 171 171 170 171 170 171 171 172 172 173 172 171 168 168 167 166 164 163 161 160 159 158 158 157 157 156 156 155 155 154 154 153 153 152 153 149 146 147 149 150 149 151 152 153 155 156 155 155 157 158 158 157 154 153 153 155 156 158 159 159 161 166 166 165 167 168 171
160 158 162 168 172 173 174 174 173 172 172 172 172 172 173 173 173 174 174 171 172 173 172 170 168 166 165 164 162 162 161 160 160 160 159 159 158 158 157 156 154 153 153 152 147 149 149 150 150 150 152 154 155 156 157 157 157 157 158 158 157 155 155 155 156 158 161 163 165 167 167 168 168 169 168 171
165 164 166 170 173 174 173 174 173 174 174 174 174 174 174 175 175 174 172 172 175 176 173 171 168 168 167 166 165 164 164 163 163 162 162 162 161 161 160 158 156 155 154 154 155 154 151 150 152 152 154 156 157 158 158 158 157 157 157 157 157 156 156 157 158 161 165 167 168 169 168 170 170 169 169 169
171 170 171 173 172 170 174 176 176 176 176 176 174 168 171 172 173 173 173 175 176 174 167 163 162 164 168 168 167 166 166 166 165 165 165 165 164 164 162 161 159 157 156 157 158 157 155 153 154 156 157 158 158 158 158 159 158 158 157 157 157 157 158 159 162 166 169 172 172 173 171 171 172 172 171 170
174 173 173 173 172 174 177 178 178 178 175 172 170 169 169 171 173 174 173 173 172 167 163 161 159 162 164 167 168 169 169 168 167 166 165 164 165 165 164 163 161 160 160 160 160 158 159 159 159 160 160 162 160 162 161 161 161 160 159 159 159 159 160 163 169 172 174 174 175 175 174 175 173 172 170 169
177 178 176 175 175 177 177 178 177 174 171 170 170 169 170 171 172 171 172 171 169 167 164 163 163 164 165 166 168 169 170 169 167 166 167 168 169 168 167 167 165 163 163 163 164 164 165 165 165 166 166 167 167 165 165 164 164 163 162 162 162 162 163 166 170 174 177 177 177 177 177 177 176 175 172 169
183 182 180 177 175 174 173 174 175 173 172 172 171 171 170 169 169 170 171 170 168 167 167 166 167 168 168 168 168 169 171 169 168 168 169 171 173 172 170 169 168 167 166 168 169 168 168 168 168 170 171 171 170 169 168 168 168 168 167 166 165 165 166 168 171 173 177 178 177 178 178 178 178 178 178 176
189 186 183 181 177 175 174 175 176 175 175 174 174 173 171 171 171 171 171 169 167 168 170 170 171 171 171 171 171 172 172 171 170 169 170 172 173 173 173 173 172 171 171 171 171 171 171 171 172 173 172 173 172 171 170 172 171 171 170 169 167 167 167 168 171 174 176 178 178 178 178 178 177 176 174 174
190 189 187 184 179 176 176 176 177 178 176 176 175 174 173 173 172 171 170 169 169 170 173 175 176 175 175 174 174 174 174 173 172 170 171 172 174 175 175 175 176 176 175 175 175 176 175 175 175 175 174 173 173 172 171 173 173 170 169 168 167 169 169 171 173 175 177 178 178 178 178 177 177 175 171 170
192 190 188 185 183 180 178 177 177 177 176 175 176 176 176 176 175 173 171 171 171 172 175 179 180 179 178 178 177 177 175 175 174 173 173 174 175 176 176 177 178 179 178 177 178 178 179 178 178 177 176 176 175 174 174 174 173 171 169 167 167 168 169 171 172 174 176 178 178 178 178 177 176 174 172 171
194 193 190 185 187 184 181 179 177 176 174 175 177 178 179 179 176 174 172 172 173 175 179 182 183 183 181 181 180 178 177 176 175 175 176 177 178 178 178 179 180 180 178 179 179 180 182 182 180 178 178 177 177 176 176 175 174 173 171 170 169 168 169 171 172 174 175 177 178 179 178 177 176 174 173 173
197 196 193 190 191 189 185 181 180 177 175 177 180 180 180 178 176 176 174 173 175 178 183 185 187 186 185 185 183 180 178 177 177 178 179 179 180 181 182 182 183 183 182 181 181 181 184 182 180 179 179 179 178 178 177 176 175 174 172 171 169 168 169 170 172 174 175 177 178 180 180 179 177 175 173 172
197 197 197 196 195 194 188 183 181 180 179 180 182 183 184 182 179 177 175 177 180 183 186 188 190 190 190 188 185 182 180 179 179 180 181 182 183 184 184 184 184 184 184 181 179 179 181 181 180 179 180 181 180 179 178 177 176 175 173 171 170 168 168 169 172 174 175 177 178 180 180 180 178 176 174 172
201 200 199 200 198 194 189 186 184 183 182 184 185 186 187 184 182 180 180 181 184 186 188 190 191 193 193 190 186 184 182 181 182 182 183 184 186 187 186 187 185 185 183 180 180 178 180 181 182 181 181 182 182 180 180 178 177 176 174 172 171 170 170 170 172 174 175 177 178 180 180 181 179 177 175 173
205 203 202 201 199 195 191 188 186 185 185 186 188 190 191 189 187 183 183 186 188 189 190 191 192 193 192 189 187 185 184 184 183 184 185 187 188 189 189 188 187 182 181 181 180 179 179 182 182 182 181 183 183 182 181 179 178 177 176 174 173 173 172 173 172 174 176 178 179 180 180 181 180 179 177 176
207 206 203 201 198 196 193 191 189 187 187 189 192 194 194 193 191 189 189 191 192 192 192 193 193 191 190 188 187 186 185 185 185 185 186 187 187 188 189 186 184 182 181 180 181 181 180 180 181 181 182 182 184 183 182 180 180 178 177 176 176 175 175 175 175 174 176 178 180 181 181 181 180 181 180 179
206 204 202 200 198 195 194 193 192 190 190 192 194 196 197 195 194 194 194 195 196 195 194 194 193 189 187 187 187 186 186 186 187 187 187 187 188 186 184 183 182 182 181 181 181 181 181 179 181 182 184 184 184 184 183 182 181 180 179 178 178 177 177 177 176 176 176 175 177 181 182 183 181 179 178 181
206 205 202 202 199 196 195 194 194 193 194 196 197 197 197 197 197 198 198 198 199 199 198 196 192 188 186 186 186 186 187 188 189 191 190 189 188 185 183 181 181 180 181 182 182 182 180 181 182 185 185 186 186 185 185 183 183 182 181 180 180 180 180 179 177 177 176 173 173 171 175 181 184 182 182 184
208 205 204 202 201 198 198 196 195 195 197 198 199 198 197 196 198 201 201 201 201 203 201 197 192 189 185 185 186 187 188 190 191 193 193 192 190 185 181 180 181 182 183 184 184 184 185 185 185 187 188 188 188 187 186 185 184 184 183 182 182 182 181 179 179 179 177 174 171 169 169 178 183 183 184 186
203 206 207 207 206 203 200 198 196 197 199 200 199 198 197 197 200 202 203 203 204 204 201 199 195 191 187 186 187 188 189 190 192 193 193 193 190 188 184 182 183 185 185 186 189 191 190 188 188 190 190 191 190 189 188 187 186 185 185 185 184 184 182 181 180 179 178 173 170 170 171 175 184 186 186 186
201 203 204 207 211 206 203 201 198 198 199 201 200 199 198 200 202 203 204 203 204 205 202 199 197 195 192 189 189 189 190 191 192 193 193 192 191 190 187 187 187 188 189 191 194 195 194 193 192 193 194 193 193 191 189 188 188 187 187 187 186 186 183 182 180 178 176 173 171 172 172 175 180 186 188 190
202 204 207 207 211 204 200 200 200 197 199 200 201 199 200 202 204 204 203 203 205 204 201 199 199 198 195 193 192 191 191 192 192 192 192 191 192 191 190 192 191 192 194 196 197 198 198 198 199 198 198 197 195 193 191 190 190 189 189 189 188 188 185 182 181 179 177 175 175 175 176 179 185 190 195 198
202 204 204 206 210 205 199 201 201 200 200 201 201 201 203 204 204 204 205 204 203 201 200 199 198 198 197 195 194 193 193 193 192 191 192 193 193 194 194 195 194 195 197 199 199 200 201 203 204 203 201 199 197 195 194 192 193 192 192 191 190 189 186 184 182 181 180 179 180 182 182 183 189 194 199 203
205 207 210 209 211 207 203 203 202 203 201 201 202 202 203 204 205 206 207 205 203 200 199 199 197 198 197 196 195 195 195 195 194 193 195 195 197 197 198 198 198 197 198 199 200 201 203 206 208 205 203 201 199 198 197 195 195 195 194 194 193 192 188 186 184 183 182 182 183 185 187 189 193 200 203 204
207 209 208 208 210 211 207 205 206 205 205 204 206 206 205 205 206 207 209 207 204 202 200 200 201 200 199 197 197 196 196 197 196 197 198 199 199 199 200 200 201 200 200 200 201 202 203 205 206 205 204 202 201 200 199 198 198 198 197 197 195 194 190 188 186 185 185 186 187 189 192 194 198 202 203 204
207 207 207 209 211 211 210 208 206 204 204 204 205 205 205 206 207 208 210 208 206 205 205 206 206 203 200 199 199 198 198 199 199 200 201 201 201 201 202 202 202 202 202 202 202 201 201 202 204 204 204 203 203 203 202 201 201 201 198 197 195 193 192 189 189 188 188 188 190 192 194 196 196 196 196 198
