_episodes_rmd/data/big_extent/bio12.asc
NCOLS 660 
NROWS 720 
XLLCORNER -130 
YLLCORNER -60 
CELLSIZE 0.166666666666667 
NODATA_value -32768 
[rows 66 to 98 of 720, columns 0 to 74 of 660]
-32768 -32768 -32768 -32768 -32768 -32768 -32768 -32768 -32768 -32768 -32768 -32768 -32768 -32768 -32768 -32768 -32768 -32768 -32768 -32768 -32768 -32768 -32768 -32768 -32768 -32768 3042 2929 2760 2637 2441 2272 2109 2038 1947 1819 1642 1318 1132 1051 958 1004 -32768 1003 1074 1183 1423 1593 1618 1551 1440 1336 1194 1141 912 784 680 623 580 505 469 369 310 307 349 368 386 413 442 503 525 594 615 633 717
-32768 -32768 -32768 -32768 -32768 -32768 -32768 -32768 -32768 -32768 -32768 -32768 -32768 -32768 -32768 -32768 -32768 -32768 -32768 -32768 -32768 -32768 -32768 -32768 -32768 -32768 -32768 -32768 2935 2803 2563 2359 2284 2198 2082 1934 1677 1363 1176 1077 884 803 795 877 902 1116 1383 1621 1694 1707 1687 1509 1403 1274 1006 869 769 663 569 482 494 384 320 308 347 387 395 413 441 507 512 489 561 641 688
-32768 -32768 -32768 -32768 -32768 -32768 -32768 -32768 -32768 -32768 -32768 -32768 -32768 -32768 -32768 -32768 -32768 -32768 -32768 -32768 -32768 -32768 -32768 -32768 -32768 -32768 -32768 -32768 -32768 -32768 -32768 2358 2335 2206 2146 2049 1835 1516 1228 961 773 647 679 747 733 990 1262 1575 1737 1871 1776 1822 1537 1280 1102 961 813 641 498 485 497 369 326 324 360 368 389 397 450 493 485 475 506 574 657
-32768 -32768 -32768 -32768 -32768 -32768 -32768 -32768 -32768 -32768 -32768 -32768 -32768 -32768 -32768 -32768 -32768 -32768 -32768 -32768 -32768 -32768 -32768 -32768 -32768 -32768 -32768 -32768 -32768 -32768 -32768 2328 2261 2189 2143 2035 1797 1436 1141 823 682 574 566 577 654 818 1129 1656 1873 1949 2006 1808 1591 1391 1185 1011 908 706 488 417 461 373 312 323 364 388 387 390 446 458 426 484 493 540 636
-32768 -32768 -32768 -32768 -32768 -32768 -32768 -32768 -32768 -32768 -32768 -32768 -32768 -32768 -32768 -32768 -32768 -32768 -32768 -32768 -32768 -32768 -32768 -32768 -32768 -32768 -32768 -32768 -32768 -32768 -32768 2400 2455 2442 2361 2177 1965 1175 1044 -32768 -32768 480 -32768 531 631 803 1057 1389 1772 1998 2044 1924 1722 1503 1316 1112 852 889 613 403 396 316 313 313 328 348 350 373 417 432 413 464 510 507 607
-32768 -32768 -32768 -32768 -32768 -32768 -32768 -32768 -32768 -32768 -32768 -32768 -32768 -32768 -32768 -32768 -32768 -32768 -32768 -32768 -32768 -32768 -32768 -32768 -32768 -32768 -32768 -32768 -32768 -32768 -32768 2520 2564 2693 2654 2492 2277 2003 1625 1397 943 744 722 611 694 790 996 1239 1672 2059 2107 2006 1841 1623 1408 1215 1006 752 645 449 331 294 290 291 295 307 331 359 377 386 390 473 483 490 543
-32768 -32768 -32768 -32768 -32768 -32768 -32768 -32768 -32768 -32768 -32768 -32768 -32768 -32768 -32768 -32768 -32768 -32768 -32768 -32768 -32768 -32768 -32768 -32768 -32768 -32768 -32768 -32768 -32768 -32768 -32768 2649 2726 2942 2981 2835 2671 2582 2371 2362 2242 1876 1154 870 834 830 975 1143 1485 1831 2151 2096 1975 1759 1393 1106 1016 803 517 381 301 296 273 276 289 292 309 320 344 364 382 426 442 460 492
-32768 -32768 -32768 -32768 -32768 -32768 -32768 -32768 -32768 -32768 -32768 -32768 -32768 -32768 -32768 -32768 -32768 -32768 -32768 -32768 -32768 -32768 -32768 -32768 -32768 -32768 -32768 -32768 -32768 -32768 -32768 -32768 2860 3076 3199 3151 2923 2784 2661 2560 2508 2131 1477 1119 983 947 988 1191 1502 2092 2200 2110 1941 1872 1553 1005 805 611 389 324 300 278 259 264 268 283 295 310 337 349 373 393 417 433 447
-32768 -32768 -32768 -32768 -32768 -32768 -32768 -32768 -32768 -32768 -32768 -32768 -32768 -32768 -32768 -32768 -32768 -32768 -32768 -32768 -32768 -32768 -32768 -32768 -32768 -32768 -32768 -32768 -32768 -32768 -32768 -32768 -32768 3087 3185 3287 3149 2955 2720 2580 2492 1905 1429 1304 1114 982 998 1272 1592 2051 2293 2249 2094 1888 1594 1142 593 586 377 361 261 248 250 239 233 252 266 291 312 333 353 376 401 409 432
-32768 -32768 -32768 -32768 -32768 -32768 -32768 -32768 -32768 -32768 -32768 -32768 -32768 -32768 -32768 -32768 -32768 -32768 -32768 -32768 -32768 -32768 -32768 -32768 -32768 -32768 -32768 -32768 -32768 -32768 -32768 -32768 -32768 2971 3039 3146 3269 3121 2839 2536 2038 1616 1439 1307 1167 1045 1035 1301 1986 2221 2298 2230 2030 1723 1531 1212 700 431 272 275 240 229 223 206 214 226 247 269 290 314 333 351 377 399 426
-32768 -32768 -32768 -32768 -32768 -32768 -32768 -32768 -32768 -32768 -32768 -32768 -32768 -32768 -32768 -32768 -32768 -32768 -32768 -32768 -32768 -32768 -32768 -32768 -32768 -32768 -32768 -32768 -32768 -32768 -32768 -32768 -32768 -32768 2825 2831 2961 3077 2773 2307 1873 1562 1371 1228 1101 1035 1053 1254 1862 2193 2182 2057 1741 1249 873 791 969 821 544 212 201 205 197 188 194 214 236 256 277 300 318 341 364 396 425
-32768 -32768 -32768 -32768 -32768 -32768 -32768 -32768 -32768 -32768 -32768 -32768 -32768 -32768 -32768 -32768 -32768 -32768 -32768 -32768 -32768 -32768 -32768 -32768 -32768 -32768 -32768 -32768 -32768 -32768 -32768 -32768 -32768 -32768 2490 2395 2439 2518 2375 2006 1830 1580 1300 1161 1057 1055 1112 1419 2087 2304 2160 2191 1815 1570 1145 562 360 372 440 215 187 187 189 184 188 202 217 242 265 292 314 335 361 389 435
-32768 -32768 -32768 -32768 -32768 -32768 -32768 -32768 -32768 -32768 -32768 -32768 -32768 -32768 -32768 -32768 -32768 -32768 -32768 -32768 -32768 -32768 -32768 -32768 -32768 -32768 -32768 -32768 -32768 -32768 -32768 -32768 -32768 -32768 2154 2052 2121 2220 2145 1946 1780 1551 1271 1211 1131 1160 1372 1972 2470 2685 2487 2235 1795 1222 1047 583 366 243 280 215 182 191 188 189 188 201 218 236 261 292 315 339 359 390 436
-32768 -32768 -32768 -32768 -32768 -32768 -32768 -32768 -32768 -32768 -32768 -32768 -32768 -32768 -32768 -32768 -32768 -32768 -32768 -32768 -32768 -32768 -32768 -32768 -32768 -32768 -32768 -32768 -32768 -32768 -32768 -32768 -32768 -32768 -32768 2055 2138 2250 2196 2119 1704 1384 1254 1340 1739 1861 1899 2122 2433 2545 2104 2102 1886 1282 736 479 277 244 267 225 179 191 190 187 194 203 214 232 259 292 317 352 377 395 417
-32768 -32768 -32768 -32768 -32768 -32768 -32768 -32768 -32768 -32768 -32768 -32768 -32768 -32768 -32768 -32768 -32768 -32768 -32768 -32768 -32768 -32768 -32768 -32768 -32768 -32768 -32768 -32768 -32768 -32768 -32768 -32768 -32768 -32768 -32768 2096 2277 2491 2361 2237 1814 1466 1307 1336 1557 1937 2049 2203 2158 2027 2004 2038 1652 1331 733 351 240 215 250 285 217 183 180 181 193 204 218 243 265 306 328 361 390 396 430
-32768 -32768 -32768 -32768 -32768 -32768 -32768 -32768 -32768 -32768 -32768 -32768 -32768 -32768 -32768 -32768 -32768 -32768 -32768 -32768 -32768 -32768 -32768 -32768 -32768 -32768 -32768 -32768 -32768 -32768 -32768 -32768 -32768 -32768 -32768 2106 2361 2621 2607 2485 2274 1702 1367 1369 1783 2164 2314 2371 2183 2167 2065 1982 1647 1361 570 311 234 197 188 209 231 251 225 186 192 209 231 258 292 357 435 464 494 525 553
-32768 -32768 -32768 -32768 -32768 -32768 -32768 -32768 -32768 -32768 -32768 -32768 -32768 -32768 -32768 -32768 -32768 -32768 -32768 -32768 -32768 -32768 -32768 -32768 -32768 -32768 -32768 -32768 -32768 -32768 -32768 -32768 -32768 -32768 -32768 2066 2240 2400 2402 2156 2038 1775 1428 1717 2190 2536 2761 2614 2437 2192 2171 1966 1276 1063 673 490 312 236 206 186 193 211 219 209 200 208 237 279 322 372 440 557 646 685 692
-32768 -32768 -32768 -32768 -32768 -32768 -32768 -32768 -32768 -32768 -32768 -32768 -32768 -32768 -32768 -32768 -32768 -32768 -32768 -32768 -32768 -32768 -32768 -32768 -32768 -32768 -32768 -32768 -32768 -32768 -32768 -32768 -32768 -32768 -32768 -32768 2002 2237 2461 2260 1844 1628 1398 1808 2205 2595 2633 2544 2328 2219 1779 1571 888 740 852 703 421 415 319 269 232 220 227 251 264 271 260 290 317 362 483 724 757 737 691
-32768 -32768 -32768 -32768 -32768 -32768 -32768 -32768 -32768 -32768 -32768 -32768 -32768 -32768 -32768 -32768 -32768 -32768 -32768 -32768 -32768 -32768 -32768 -32768 -32768 -32768 -32768 -32768 -32768 -32768 -32768 -32768 -32768 -32768 -32768 -32768 2307 2419 2297 2196 1850 1849 1432 1426 1835 2209 2635 2606 2354 2078 1512 1019 819 596 580 564 453 390 333 258 219 208 214 225 233 256 320 386 415 438 632 776 764 704 616
-32768 -32768 -32768 -32768 -32768 -32768 -32768 -32768 -32768 -32768 -32768 -32768 -32768 -32768 -32768 -32768 -32768 -32768 -32768 -32768 -32768 -32768 -32768 -32768 -32768 -32768 -32768 -32768 -32768 -32768 -32768 -32768 -32768 -32768 -32768 -32768 2355 2340 2531 2471 1839 1848 1364 1085 1299 1981 2556 2550 2265 1784 1219 863 643 526 419 357 295 273 254 228 219 224 237 248 253 277 322 374 434 574 731 765 714 662 620
-32768 -32768 -32768 -32768 -32768 -32768 -32768 -32768 -32768 -32768 -32768 -32768 -32768 -32768 -32768 -32768 -32768 -32768 -32768 -32768 -32768 -32768 -32768 -32768 -32768 -32768 -32768 -32768 -32768 -32768 -32768 -32768 -32768 -32768 -32768 -32768 2390 2557 2525 2573 1818 1192 1105 1076 1116 1379 1940 2302 2201 1972 1271 989 527 338 301 303 283 250 245 245 249 263 274 298 319 357 349 363 545 684 730 712 626 598 547
-32768 -32768 -32768 -32768 -32768 -32768 -32768 -32768 -32768 -32768 -32768 -32768 -32768 -32768 -32768 -32768 -32768 -32768 -32768 -32768 -32768 -32768 -32768 -32768 -32768 -32768 -32768 -32768 -32768 -32768 -32768 -32768 -32768 -32768 -32768 -32768 2390 2423 2478 2457 1580 1232 1059 1086 1205 1464 1925 2222 2209 2155 1760 1256 642 428 361 321 288 278 284 287 290 305 343 388 412 418 427 507 614 711 672 612 526 610 624
-32768 -32768 -32768 -32768 -32768 -32768 -32768 -32768 -32768 -32768 -32768 -32768 -32768 -32768 -32768 -32768 -32768 -32768 -32768 -32768 -32768 -32768 -32768 -32768 -32768 -32768 -32768 -32768 -32768 -32768 -32768 -32768 -32768 -32768 -32768 -32768 2426 2562 2533 2261 1360 1087 1031 1063 1291 1665 2020 2337 2170 2043 1718 1069 548 389 324 317 290 316 349 340 347 374 400 455 516 515 536 626 648 626 623 576 445 534 652
-32768 -32768 -32768 -32768 -32768 -32768 -32768 -32768 -32768 -32768 -32768 -32768 -32768 -32768 -32768 -32768 -32768 -32768 -32768 -32768 -32768 -32768 -32768 -32768 -32768 -32768 -32768 -32768 -32768 -32768 -32768 -32768 -32768 -32768 -32768 2461 2540 2588 2089 1554 1208 1106 1030 1142 1543 2079 2471 2211 2115 1855 1421 900 579 389 376 368 324 316 367 419 438 460 467 495 523 511 481 579 650 630 667 577 428 444 530
-32768 -32768 -32768 -32768 -32768 -32768 -32768 -32768 -32768 -32768 -32768 -32768 -32768 -32768 -32768 -32768 -32768 -32768 -32768 -32768 -32768 -32768 -32768 -32768 -32768 -32768 -32768 -32768 -32768 -32768 -32768 -32768 -32768 -32768 -32768 2254 2552 2908 2740 1916 1232 1170 1129 1500 2074 2325 2399 2244 2008 1838 1187 742 572 367 399 388 383 307 411 435 425 413 433 391 391 432 484 565 602 633 701 568 360 351 365
-32768 -32768 -32768 -32768 -32768 -32768 -32768 -32768 -32768 -32768 -32768 -32768 -32768 -32768 -32768 -32768 -32768 -32768 -32768 -32768 -32768 -32768 -32768 -32768 -32768 -32768 -32768 -32768 -32768 -32768 -32768 -32768 -32768 -32768 -32768 2195 2215 2406 2344 1645 1241 1112 1177 1449 1927 2182 2326 2123 1932 1862 1152 633 366 300 317 380 390 313 320 358 396 392 375 380 430 429 459 539 620 561 541 535 403 357 361
-32768 -32768 -32768 -32768 -32768 -32768 -32768 -32768 -32768 -32768 -32768 -32768 -32768 -32768 -32768 -32768 -32768 -32768 -32768 -32768 -32768 -32768 -32768 -32768 -32768 -32768 -32768 -32768 -32768 -32768 -32768 -32768 -32768 -32768 -32768 1977 2157 2136 1920 1478 1160 1091 1145 1399 2190 2279 2250 2085 1874 1621 944 509 319 289 368 472 490 438 357 420 428 409 383 431 435 468 483 492 500 498 436 434 424 416 394
-32768 -32768 -32768 -32768 -32768 -32768 -32768 -32768 -32768 -32768 -32768 -32768 -32768 -32768 -32768 -32768 -32768 -32768 -32768 -32768 -32768 -32768 -32768 -32768 -32768 -32768 -32768 -32768 -32768 -32768 -32768 -32768 -32768 -32768 -32768 2159 2321 2234 1915 1425 1101 1103 1315 1435 1863 2072 2143 1959 1815 1278 764 416 278 280 329 376 449 488 506 487 479 436 353 380 361 346 385 399 438 527 414 364 367 339 400
-32768 -32768 -32768 -32768 -32768 -32768 -32768 -32768 -32768 -32768 -32768 -32768 -32768 -32768 -32768 -32768 -32768 -32768 -32768 -32768 -32768 -32768 -32768 -32768 -32768 -32768 -32768 -32768 -32768 -32768 -32768 -32768 -32768 -32768 -32768 2264 2223 2033 1883 1456 1148 1185 1618 1659 2004 2049 1950 1740 1595 1421 641 340 250 228 264 309 348 423 437 382 373 379 357 369 416 399 403 494 503 497 456 408 338 357 318
-32768 -32768 -32768 -32768 -32768 -32768 -32768 -32768 -32768 -32768 -32768 -32768 -32768 -32768 -32768 -32768 -32768 -32768 -32768 -32768 -32768 -32768 -32768 -32768 -32768 -32768 -32768 -32768 -32768 -32768 -32768 -32768 -32768 -32768 -32768 2083 2020 1879 1673 1351 1175 1231 1371 1655 1762 1772 1727 1568 1404 1496 1097 442 276 235 241 271 336 354 348 319 323 339 373 356 397 390 370 413 414 419 372 365 315 319 341
-32768 -32768 -32768 -32768 -32768 -32768 -32768 -32768 -32768 -32768 -32768 -32768 -32768 -32768 -32768 -32768 -32768 -32768 -32768 -32768 -32768 -32768 -32768 -32768 -32768 -32768 -32768 -32768 -32768 -32768 -32768 -32768 -32768 -32768 -32768 1906 1900 1818 1579 1442 1297 1270 1366 1398 1612 1663 1598 1408 1300 1076 812 469 424 303 290 284 283 320 317 311 322 349 392 381 361 374 360 376 322 348 319 339 348 288 267
-32768 -32768 -32768 -32768 -32768 -32768 -32768 -32768 -32768 -32768 -32768 -32768 -32768 -32768 -32768 -32768 -32768 -32768 -32768 -32768 -32768 -32768 -32768 -32768 -32768 -32768 -32768 -32768 -32768 -32768 -32768 -32768 -32768 -32768 1781 1792 1760 1666 1534 1426 1302 1323 1431 1615 1581 1409 1409 1389 1184 752 525 440 720 454 347 283 266 271 310 277 303 327 323 335 322 333 365 354 320 291 305 289 315 290 295
-32768 -32768 -32768 -32768 -32768 -32768 -32768 -32768 -32768 -32768 -32768 -32768 -32768 -32768 -32768 -32768 -32768 -32768 -32768 -32768 -32768 -32768 -32768 -32768 -32768 -32768 -32768 -32768 -32768 -32768 -32768 -32768 -32768 -32768 1718 1719 1728 1573 1397 1380 1278 1486 1588 1602 1608 1403 1389 1393 1031 757 484 422 486 377 330 297 278 285 267 276 280 278 270 288 308 296 290 288 304 333 287 301 329 322 328
