_episodes_rmd/data/big_extent/bio10.asc
NCOLS 660 
NROWS 720 
XLLCORNER -130 
YLLCORNER -60 
CELLSIZE 0.166666666666667 
NODATA_value -32768 
[rows 68 to 101 of 720, columns 76 to 151 of 660]
162 151 163 135 136 163 141 149 158 134 143 133 150 133 140 134 143 123 128 142 146 117 114 109 133 146 153 157 160 164 167 174 177 178 180 181 178 179 179 180 183 185 188 188 191 190 189 189 189 189 189 187 184 180 180 180 181 184 187 187 188 187 188 183 182 183 183 184 187 191 193 195 191 189 189 189
168 156 164 142 148 164 141 131 159 138 163 152 154 137 134 131 144 156 152 153 137 137 123 113 132 142 150 157 160 166 170 174 177 180 182 184 185 185 185 185 186 187 189 191 192 183 178 179 181 184 187 190 191 190 188 185 186 187 190 188 191 193 194 192 189 190 188 189 190 191 191 194 196 193 193 193
177 167 167 158 163 166 149 134 147 125 146 146 149 144 145 130 138 159 166 144 138 132 132 125 118 122 137 151 159 164 167 171 176 179 179 182 187 189 189 189 191 191 193 195 183 165 160 161 168 171 181 187 189 190 189 189 188 186 190 187 191 192 196 200 198 198 195 196 195 197 197 198 197 198 197 196
178 172 164 165 160 159 149 156 152 144 128 147 145 143 142 145 144 146 162 168 139 140 132 125 126 121 118 133 152 159 165 171 175 179 182 183 183 185 185 188 190 191 195 194 180 166 163 163 174 180 185 184 180 186 189 190 192 191 193 191 192 196 198 201 203 205 205 205 204 204 204 204 203 201 199 197
180 159 167 171 157 149 148 146 141 159 146 139 139 144 132 144 152 147 161 170 143 135 133 136 123 115 115 121 150 161 169 174 176 178 181 183 185 186 189 190 193 194 192 193 190 185 183 180 183 187 187 178 167 179 189 191 193 195 193 193 191 196 199 200 203 204 201 202 204 203 203 203 202 199 196 196
185 180 179 176 156 150 151 151 151 141 158 149 125 148 138 146 168 161 169 173 137 143 117 131 116 109 129 111 150 161 168 174 174 176 176 178 181 186 189 189 187 185 187 190 191 191 192 188 188 191 195 193 192 191 193 195 196 199 194 195 194 198 200 202 202 202 204 200 203 201 201 202 203 199 198 195
180 171 170 175 167 168 167 158 155 135 142 157 148 144 155 147 173 171 177 170 121 156 115 124 130 110 125 129 155 162 165 173 175 177 180 181 183 187 185 178 174 181 186 185 186 184 187 183 185 190 196 198 199 199 199 200 201 200 197 196 195 198 200 198 199 201 204 201 199 199 201 203 201 199 195 195
177 174 172 175 168 146 151 143 145 141 137 143 142 142 161 155 169 169 179 175 116 144 137 113 125 122 115 123 148 161 167 171 175 178 181 181 181 180 179 168 152 167 178 181 178 180 181 178 180 187 192 195 196 197 198 201 204 200 197 192 195 196 197 198 200 203 201 200 197 199 201 200 197 196 198 198
174 170 166 160 166 162 159 156 152 146 142 133 137 153 155 137 140 144 163 165 135 125 145 127 117 117 118 114 123 145 166 171 163 176 178 176 167 163 165 164 166 172 174 174 175 178 173 169 165 171 186 192 195 196 198 201 205 201 197 195 197 198 199 199 198 200 201 200 197 197 197 193 195 200 201 203
171 168 161 156 155 158 151 137 129 137 134 136 126 124 139 160 145 156 149 151 118 127 141 147 148 140 132 119 132 138 151 173 174 152 155 159 157 139 144 145 137 153 167 170 171 174 172 169 162 176 184 189 192 195 197 201 207 203 199 195 196 197 195 197 199 200 202 199 197 193 192 193 197 199 204 208
172 168 164 162 156 158 150 143 160 153 139 141 128 133 121 148 141 143 156 171 150 141 155 150 133 147 146 139 138 138 150 166 167 140 138 146 154 140 124 123 116 131 153 163 168 171 161 156 158 163 172 180 190 194 196 201 207 204 201 197 196 194 196 198 199 199 200 200 197 197 200 201 200 203 206 205
174 171 163 166 169 161 162 158 166 147 150 143 137 142 131 121 138 138 135 164 141 148 143 138 137 138 131 139 131 139 157 172 180 161 139 140 155 155 140 130 121 130 130 138 156 166 147 133 136 159 173 182 187 191 194 200 205 205 201 201 203 200 200 200 199 199 200 200 200 203 205 206 203 204 203 202
181 172 171 184 185 168 179 166 158 146 143 150 129 132 128 134 132 116 109 168 149 126 127 129 146 146 148 144 149 144 151 168 179 175 175 142 137 158 154 142 144 146 148 154 162 168 168 165 168 176 183 189 191 194 197 201 203 201 200 202 204 205 203 203 202 201 204 207 208 211 209 205 203 200 201 200
195 201 203 201 177 176 180 173 160 151 132 138 139 134 132 117 127 111 135 170 132 119 122 127 131 109 127 154 136 125 121 155 146 132 177 172 134 139 154 132 144 152 158 164 169 174 176 179 181 184 190 194 197 196 195 196 197 200 201 204 205 205 205 204 206 205 206 211 214 212 204 203 204 198 198 200
174 186 188 160 152 159 167 184 170 155 152 150 121 119 140 130 118 107 137 165 120 107 126 131 120 106 137 154 126 129 134 154 132 144 173 176 148 142 148 150 135 125 132 153 164 171 179 180 184 188 193 193 190 188 189 194 198 201 202 205 203 204 204 205 206 208 208 208 210 212 207 204 206 200 197 199
163 176 179 146 156 152 170 179 191 162 156 144 143 144 149 138 121 109 144 142 120 105 117 111 98 108 142 150 139 126 124 144 165 164 178 177 155 150 134 149 153 113 110 151 165 166 172 177 181 184 189 191 195 198 197 200 202 204 205 203 195 197 194 200 201 205 202 205 209 207 206 204 204 204 198 197
150 154 165 183 156 172 170 164 160 129 132 131 137 115 135 143 120 102 125 144 134 121 103 103 121 129 112 136 144 137 157 162 166 167 180 179 170 153 128 148 161 142 135 165 178 176 168 176 186 188 189 193 199 202 200 200 201 197 205 197 195 193 190 195 198 203 202 205 205 202 203 203 200 202 201 194
142 144 136 185 182 158 182 133 140 127 129 133 123 117 115 133 118 121 129 113 119 106 121 131 114 114 124 139 126 122 166 150 158 173 177 176 177 172 137 133 165 170 173 175 178 182 183 185 182 186 191 199 203 201 197 197 203 205 206 196 193 189 185 193 197 199 202 199 197 201 199 201 200 203 201 195
141 141 155 151 151 160 167 127 104 105 106 116 131 127 114 112 107 111 122 113 130 115 128 128 102 108 98 147 145 157 157 100 121 162 162 159 160 151 133 140 160 129 145 147 148 168 178 185 187 189 196 197 190 197 196 203 205 207 202 198 190 188 190 191 187 195 202 198 193 198 198 200 201 200 200 196
146 141 145 141 152 147 156 147 129 134 147 132 111 120 140 129 118 117 136 140 146 101 120 124 109 109 105 152 166 169 159 146 121 163 134 113 120 110 104 150 140 90 103 91 134 153 171 177 179 184 195 188 185 185 190 199 206 208 196 196 187 181 182 185 192 200 198 201 194 194 198 201 200 198 198 196
97 118 133 150 110 136 121 108 104 108 123 111 103 112 106 114 126 136 125 107 156 131 102 118 111 136 136 159 169 154 128 150 127 161 130 102 119 97 141 129 107 95 92 80 90 81 131 149 167 183 194 180 156 146 177 181 187 197 192 192 186 175 182 192 197 198 198 200 194 198 199 199 200 198 195 195
98 113 143 163 122 137 135 111 100 125 121 95 101 116 124 132 96 109 126 112 154 159 123 112 126 146 147 151 150 135 142 144 118 138 134 95 114 109 112 132 103 101 92 99 84 76 64 93 143 186 187 185 170 156 179 167 128 164 182 186 183 178 190 195 194 199 200 198 198 199 196 200 199 194 194 197
152 174 185 156 150 155 150 140 107 135 113 107 98 107 106 137 117 117 102 123 135 130 147 115 134 133 141 131 122 134 129 112 109 100 131 95 98 108 95 113 115 120 114 101 87 109 103 87 170 189 184 183 194 197 200 168 112 117 139 160 186 188 193 191 191 195 197 201 200 197 195 199 197 193 196 198
178 187 169 126 161 180 127 149 128 117 107 98 106 124 127 119 108 107 122 156 118 113 139 133 120 114 116 145 143 128 118 119 118 118 129 112 128 134 113 108 98 100 93 103 88 96 116 129 167 176 184 190 196 197 199 195 145 101 101 110 153 186 191 189 187 191 197 200 197 195 195 198 196 193 195 192
158 171 144 189 198 189 137 147 132 120 107 102 110 106 104 108 102 105 153 149 166 127 93 126 144 105 125 127 130 139 139 130 125 125 119 126 127 118 113 113 100 103 99 91 92 89 89 113 140 172 181 183 193 195 200 201 193 169 115 92 108 140 170 186 188 191 193 199 195 193 195 195 197 192 193 193
196 179 184 194 191 183 150 133 140 127 115 112 105 106 95 98 98 99 144 145 117 156 119 104 118 125 102 118 130 127 139 139 142 140 139 143 136 107 101 104 104 107 102 89 103 111 116 140 161 169 178 184 190 198 202 205 199 187 151 104 79 91 146 185 190 192 195 197 193 192 194 194 195 194 195 195
209 212 210 200 186 172 169 145 157 122 125 109 111 107 115 106 114 119 138 125 110 114 123 141 122 122 129 128 156 172 177 168 155 150 145 148 142 127 113 99 104 104 98 93 82 82 108 113 97 142 165 177 186 195 199 204 205 199 188 148 102 89 130 177 190 193 194 197 192 190 190 193 194 196 197 197
211 210 215 206 200 176 177 156 172 142 143 129 116 100 106 97 83 111 119 111 145 102 92 129 153 112 148 157 181 184 183 177 166 166 165 160 156 145 126 117 105 97 93 94 83 79 91 88 115 144 155 171 182 194 201 204 206 199 196 183 140 115 133 181 191 192 196 196 193 189 191 194 195 196 194 196
210 213 214 211 208 198 190 157 161 139 140 134 120 98 96 102 88 87 97 113 113 121 137 136 138 168 150 181 184 184 183 180 177 173 167 158 154 141 106 107 125 114 109 90 76 86 73 69 79 120 140 161 181 191 200 207 207 202 194 191 171 134 146 180 187 192 197 196 192 189 192 194 193 194 195 197
200 213 213 213 211 206 190 156 171 151 158 140 126 111 106 100 105 124 110 88 99 110 137 160 145 158 185 184 182 181 182 182 179 172 158 138 148 150 99 112 125 108 97 86 91 89 100 90 77 98 138 165 182 195 204 205 205 202 195 190 174 146 169 185 191 194 198 195 188 189 190 194 196 199 201 203
185 205 214 214 215 211 212 192 183 182 147 124 151 128 126 122 117 136 139 139 127 127 148 174 174 179 183 179 176 178 181 183 180 173 160 147 139 134 102 140 113 102 103 97 100 115 129 133 108 126 145 143 155 186 195 190 189 187 182 175 154 147 176 187 191 194 192 190 188 189 193 196 197 199 205 207
188 179 185 208 216 213 214 207 197 180 173 162 159 146 147 153 155 159 168 158 165 166 168 176 177 178 180 180 180 182 185 186 173 166 151 156 149 117 128 133 96 89 87 97 97 73 99 145 159 161 165 174 182 191 193 186 173 186 177 155 139 159 176 186 189 192 194 183 188 192 196 199 201 205 206 206
168 176 163 181 213 218 212 212 213 207 187 160 157 162 163 167 167 177 179 178 182 184 182 181 181 178 181 185 188 190 189 179 157 155 151 141 137 146 118 129 115 121 103 103 91 71 67 97 148 170 176 182 191 200 209 208 201 195 189 180 172 178 186 190 189 190 190 185 185 191 195 199 201 202 205 208
176 177 158 149 190 217 224 219 218 216 213 206 197 192 193 193 195 193 191 188 186 188 190 187 183 179 185 188 191 189 181 167 163 153 151 150 135 149 126 121 100 117 117 119 110 87 67 85 104 155 177 188 195 200 206 204 199 193 189 184 183 186 189 189 191 189 189 185 185 188 191 195 199 202 205 204
