_episodes_rmd/data/big_extent/bio1.asc
NCOLS 660 
NROWS 720 
XLLCORNER -130 
YLLCORNER -60 
CELLSIZE 0.166666666666667 
NODATA_value -32768 
[rows 442 to 475 of 720, columns 380 to 455 of 660]
260 260 260 259 259 259 259 260 260 261 261 261 261 260 259 258 258 257 256 255 254 253 252 250 247 245 244 243 243 242 242 240 236 237 224 227 237 236 235 230 224 219 220 224 222 225 227 229 232 233 234 236 238 242 241 244 246 247 250 253 252 253 251 248 246 244 243 242 242 244 239 237 238 236 236 236
260 259 259 258 258 258 258 259 259 260 260 260 260 259 259 258 257 257 255 254 254 253 252 251 249 246 246 244 243 243 243 240 238 237 223 219 231 238 237 236 232 225 222 223 222 225 226 228 231 232 233 235 236 240 241 241 243 246 249 251 250 254 251 246 245 242 241 240 240 242 242 236 237 235 236 236
259 258 258 257 257 257 257 257 258 259 259 259 259 259 258 258 257 256 255 253 252 252 251 250 249 248 247 244 242 242 242 242 241 240 227 219 223 234 239 238 237 236 229 222 221 225 225 228 230 231 232 235 236 238 238 240 242 245 249 252 249 251 253 250 246 244 242 238 237 240 241 239 235 234 234 234
258 257 256 255 255 255 256 256 257 258 259 259 259 258 258 258 257 256 255 254 251 252 251 251 249 248 247 244 241 240 242 243 241 240 233 217 225 233 240 240 239 240 228 220 221 226 223 227 227 229 231 233 235 236 240 246 251 250 253 254 250 250 250 248 244 242 241 239 238 238 239 238 235 236 234 231
256 256 255 254 253 253 254 255 256 257 258 259 259 258 258 257 257 257 256 254 252 252 251 250 249 248 247 246 244 242 242 242 242 241 240 217 223 230 234 241 241 241 235 221 222 225 224 225 227 228 232 233 237 247 253 254 254 253 255 255 253 253 246 244 243 243 247 243 241 239 239 238 237 236 235 233
255 254 253 252 252 252 252 253 255 257 258 258 258 258 257 257 257 256 255 255 253 251 251 250 249 249 246 246 245 242 241 241 242 242 241 225 217 223 232 242 238 233 242 229 221 224 223 223 229 231 235 241 250 253 253 250 249 252 259 260 256 248 245 250 248 246 241 240 235 238 236 235 235 232 229 227
253 252 252 251 251 250 250 251 254 256 258 258 258 258 257 257 256 256 255 254 251 251 250 250 250 247 246 245 244 243 241 241 243 244 243 241 230 216 230 242 242 230 236 240 227 224 227 228 233 234 237 242 252 256 252 254 257 258 259 256 249 248 249 249 247 246 244 243 242 240 237 232 227 221 220 223
252 252 251 251 250 249 249 250 253 255 257 258 257 257 257 256 256 256 255 254 251 250 249 249 249 247 245 245 244 243 241 240 243 244 243 242 241 238 231 228 244 242 237 243 239 227 230 232 236 235 237 240 253 257 256 257 258 257 256 250 246 246 243 243 244 245 243 238 235 236 234 226 219 219 220 220
252 251 251 251 250 250 250 251 253 254 256 257 257 257 256 256 256 256 255 255 253 250 248 249 249 247 245 245 244 243 241 240 241 243 242 241 242 242 241 237 244 245 243 244 244 239 234 237 237 240 238 244 255 256 256 257 257 256 253 247 245 241 237 234 241 243 244 241 234 223 219 219 220 222 222 222
250 251 251 251 251 251 251 252 253 254 255 256 256 256 256 256 256 255 255 255 254 251 248 248 246 247 245 243 243 243 241 239 240 242 244 242 243 243 242 243 245 245 245 244 244 244 238 243 243 246 246 252 256 257 257 257 257 254 245 239 244 241 243 243 239 238 243 238 232 225 223 223 223 221 223 223
248 250 251 251 251 251 251 252 253 254 254 255 256 256 256 256 256 255 256 255 255 253 250 247 244 244 245 242 241 240 241 240 239 241 243 242 241 242 243 244 245 246 246 246 242 241 243 248 251 251 253 254 258 258 258 258 257 248 243 243 245 246 250 251 248 231 234 232 227 225 225 225 224 223 222 222
249 247 251 252 252 252 252 253 253 254 254 254 255 255 255 255 255 255 255 255 255 255 252 248 245 242 242 240 238 236 238 238 237 240 242 239 240 242 244 245 246 246 241 238 244 241 247 251 253 254 254 254 257 259 259 258 254 242 243 248 247 251 254 258 257 255 243 227 224 229 232 230 226 225 223 219
243 249 249 252 252 253 253 253 254 254 254 254 254 254 254 254 255 254 254 255 255 254 252 246 240 238 239 239 239 237 236 236 236 241 241 240 242 243 244 245 246 246 244 227 241 245 249 251 254 256 256 254 259 261 260 258 244 245 252 246 251 253 257 260 260 258 247 229 224 232 240 232 228 232 225 218
232 247 250 253 253 253 253 254 254 254 254 254 254 254 254 253 253 254 254 254 253 252 249 246 240 240 237 235 237 236 235 236 237 238 238 239 242 243 244 245 246 246 244 225 232 246 248 252 254 257 256 257 261 262 260 253 248 257 255 254 257 257 259 261 261 258 251 235 225 235 244 239 232 231 233 230
215 234 248 253 253 254 254 254 254 254 254 254 254 253 253 252 253 252 252 252 252 251 246 238 237 237 233 233 235 236 235 234 235 236 236 237 241 243 243 244 245 246 239 228 241 251 253 255 254 258 258 260 262 263 257 249 260 261 259 258 259 261 261 261 261 259 256 248 230 235 246 243 238 236 239 237
212 214 232 249 253 254 254 254 254 254 254 253 252 252 252 252 251 252 252 251 251 250 245 238 233 235 231 230 233 233 234 233 233 234 235 237 240 240 242 242 244 245 245 246 251 254 256 256 256 259 256 259 262 262 253 255 262 262 262 259 261 261 262 261 261 259 257 236 231 237 247 245 241 243 242 238
203 201 211 237 250 254 255 255 254 254 253 252 252 251 251 251 250 250 250 250 250 249 249 245 240 239 234 227 231 233 234 233 232 232 232 234 236 238 241 243 245 247 249 250 253 255 257 258 259 259 258 261 262 260 252 260 262 263 262 262 262 262 261 262 261 260 259 255 241 245 250 246 246 245 243 240
171 189 191 207 235 252 255 255 254 253 252 252 251 251 250 249 249 249 249 249 248 248 248 247 246 241 236 230 233 236 233 232 232 232 231 231 234 240 243 245 247 249 251 252 254 254 257 258 259 260 260 261 262 259 260 263 263 263 262 262 262 262 262 261 261 260 259 257 253 253 241 243 246 247 243 238
106 130 186 183 209 241 253 255 254 253 252 252 251 250 249 248 248 248 248 248 247 247 246 246 246 244 239 238 239 236 233 235 235 234 233 234 236 240 242 245 246 248 250 252 255 256 257 258 259 260 261 261 262 262 262 263 263 263 262 262 262 262 262 261 260 260 259 257 256 255 243 239 240 247 242 230
61 73 139 146 196 219 241 252 253 252 252 252 251 250 248 247 246 246 246 246 246 245 245 245 245 245 245 242 239 238 238 236 236 237 239 239 241 241 241 244 246 249 251 253 255 256 257 258 259 260 261 261 262 262 262 263 263 263 263 262 262 262 262 261 261 260 259 258 257 256 247 240 241 244 241 227
97 64 62 125 173 205 217 240 245 249 250 251 250 249 248 246 245 244 244 245 245 245 244 244 244 245 245 245 244 242 240 239 241 241 242 243 243 242 241 241 244 247 246 252 254 256 257 258 259 260 261 261 261 262 262 262 263 262 262 262 262 262 261 261 261 260 259 259 258 257 250 241 237 237 231 230
111 61 85 76 120 126 154 209 217 228 239 242 247 247 247 245 244 243 244 245 244 243 244 244 244 245 245 245 245 245 245 243 243 244 245 243 244 242 242 240 243 246 249 252 250 255 257 258 259 260 260 261 261 262 262 262 262 262 262 262 262 262 262 261 261 260 260 260 259 258 247 240 237 235 235 232
95 128 172 154 115 112 99 127 182 208 212 220 227 233 238 243 241 242 242 243 243 242 244 245 245 245 245 246 246 246 245 246 246 246 245 246 245 245 243 242 241 241 246 250 249 254 256 258 258 259 260 261 261 261 261 262 262 262 262 262 262 262 262 262 261 261 260 260 258 257 247 240 239 236 234 231
115 153 170 154 164 140 105 129 134 139 151 163 203 201 211 226 234 238 241 240 242 244 246 247 246 246 246 246 246 246 246 245 246 247 247 248 248 247 244 244 246 245 248 249 246 252 256 256 257 259 258 258 260 260 261 262 262 261 262 262 262 261 261 261 261 261 260 260 258 256 250 242 237 238 236 235
86 124 164 149 147 122 113 151 163 149 154 156 173 168 181 204 214 220 231 238 240 243 247 247 247 247 246 246 246 246 247 247 247 246 247 249 249 247 245 247 249 245 244 245 244 247 252 255 255 257 257 257 257 260 260 261 261 261 261 261 261 261 261 261 261 260 260 260 259 259 254 243 245 242 239 245
82 103 125 156 171 151 150 173 180 174 175 168 169 167 180 194 193 212 213 233 238 244 247 248 247 247 247 247 247 247 247 247 248 247 245 243 243 243 243 245 248 251 244 235 235 233 241 251 251 255 256 255 254 258 252 261 261 261 261 261 261 261 261 261 260 260 260 259 259 259 255 250 253 252 248 249
82 96 102 136 139 177 173 175 179 184 187 188 190 185 188 194 184 197 210 232 235 244 247 247 247 247 247 247 247 248 248 248 248 248 246 243 240 239 236 239 243 252 253 250 247 244 241 247 248 250 249 254 252 251 256 260 260 261 261 261 261 261 260 260 260 260 260 259 259 259 258 249 251 251 250 251
83 111 88 133 156 164 179 168 173 173 184 177 171 185 166 183 188 193 209 227 236 243 246 246 246 247 247 247 248 248 248 248 248 248 248 246 243 242 242 240 248 239 246 254 253 252 242 242 246 245 248 251 250 250 256 259 260 260 260 260 260 260 260 260 260 260 260 259 259 258 256 248 252 251 248 248
83 98 105 117 151 169 181 181 182 176 187 176 168 180 169 174 164 188 201 229 236 243 245 246 247 247 248 248 248 248 248 249 249 249 249 248 245 243 246 242 249 253 247 248 249 253 251 246 245 245 244 245 247 251 257 259 260 260 260 260 260 260 260 260 260 260 260 259 259 258 255 253 254 250 248 248
75 96 118 107 118 153 169 164 190 189 185 195 192 192 195 158 163 196 213 235 239 243 244 246 247 247 248 248 249 249 249 249 249 247 248 246 246 245 246 246 246 252 253 253 252 252 251 252 252 253 253 252 253 252 257 259 260 259 259 259 260 260 260 259 259 259 260 259 259 258 249 253 254 251 250 249
71 87 110 113 97 117 130 152 170 185 158 174 183 189 190 165 189 210 236 235 244 244 245 246 247 248 248 249 249 249 248 248 247 247 245 245 243 245 246 248 246 246 250 251 252 253 253 253 253 255 255 256 256 257 258 259 259 259 259 259 259 259 259 259 259 259 259 260 260 259 245 251 251 250 248 246
68 58 75 108 76 102 121 139 163 175 153 169 168 163 201 196 206 228 238 239 244 245 246 247 248 249 249 249 248 247 246 245 245 244 243 242 244 244 247 249 248 245 245 246 249 251 253 254 254 255 256 257 257 257 258 259 259 259 259 259 259 258 258 258 258 258 259 259 259 254 242 246 244 249 248 246
70 65 69 86 105 97 130 142 158 152 139 157 174 163 180 207 218 231 233 231 238 242 245 248 249 250 249 248 248 247 246 246 247 247 246 245 245 246 248 249 249 247 244 242 243 246 250 253 254 255 256 256 254 253 255 258 259 259 259 258 258 258 257 257 257 258 258 259 259 250 242 239 237 247 250 248
56 66 79 86 80 119 114 142 159 150 141 133 156 171 177 207 218 219 224 223 231 238 242 246 249 249 249 249 248 248 248 246 247 248 249 248 246 246 248 249 249 247 245 244 242 242 247 251 254 255 256 257 254 257 246 258 259 258 258 257 257 257 257 256 257 257 257 257 257 249 247 233 230 238 248 247
