_episodes_rmd/data/big_extent/bio10.asc
NCOLS 660 
NROWS 720 
XLLCORNER -130 
YLLCORNER -60 
CELLSIZE 0.166666666666667 
NODATA_value -32768 
[rows 68 to 101 of 720, columns 0 to 75 of 660]
-32768 -32768 -32768 -32768 -32768 -32768 -32768 -32768 -32768 -32768 -32768 -32768 -32768 -32768 -32768 -32768 -32768 -32768 -32768 -32768 -32768 -32768 -32768 -32768 -32768 -32768 -32768 -32768 -32768 -32768 -32768 136 133 139 139 133 134 138 143 149 153 150 148 147 154 154 152 144 143 151 126 145 127 110 103 103 113 135 152 136 119 160 186 181 155 156 151 161 145 139 164 182 182 173 161 164
-32768 -32768 -32768 -32768 -32768 -32768 -32768 -32768 -32768 -32768 -32768 -32768 -32768 -32768 -32768 -32768 -32768 -32768 -32768 -32768 -32768 -32768 -32768 -32768 -32768 -32768 -32768 -32768 -32768 -32768 -32768 132 137 144 142 139 139 139 142 148 150 150 148 149 151 158 156 139 132 132 155 130 117 109 123 121 104 127 163 166 138 163 197 186 157 147 155 165 146 155 184 173 181 177 159 161
-32768 -32768 -32768 -32768 -32768 -32768 -32768 -32768 -32768 -32768 -32768 -32768 -32768 -32768 -32768 -32768 -32768 -32768 -32768 -32768 -32768 -32768 -32768 -32768 -32768 -32768 -32768 -32768 -32768 -32768 -32768 136 136 142 147 151 152 141 143 -32768 -32768 153 -32768 150 151 157 157 155 147 136 150 136 122 112 102 110 141 97 136 174 163 193 190 188 179 171 178 172 160 164 184 177 171 184 164 168
-32768 -32768 -32768 -32768 -32768 -32768 -32768 -32768 -32768 -32768 -32768 -32768 -32768 -32768 -32768 -32768 -32768 -32768 -32768 -32768 -32768 -32768 -32768 -32768 -32768 -32768 -32768 -32768 -32768 -32768 -32768 139 142 145 145 141 138 135 140 138 147 150 152 155 156 158 160 161 153 136 129 127 117 97 105 105 114 138 136 164 190 200 198 196 197 196 188 176 174 179 188 170 178 185 178 180
-32768 -32768 -32768 -32768 -32768 -32768 -32768 -32768 -32768 -32768 -32768 -32768 -32768 -32768 -32768 -32768 -32768 -32768 -32768 -32768 -32768 -32768 -32768 -32768 -32768 -32768 -32768 -32768 -32768 -32768 -32768 141 144 147 145 133 128 113 115 108 108 122 149 159 162 161 161 165 162 155 133 125 120 117 131 138 120 130 165 179 194 187 197 195 194 198 191 189 183 182 185 182 187 187 185 187
-32768 -32768 -32768 -32768 -32768 -32768 -32768 -32768 -32768 -32768 -32768 -32768 -32768 -32768 -32768 -32768 -32768 -32768 -32768 -32768 -32768 -32768 -32768 -32768 -32768 -32768 -32768 -32768 -32768 -32768 -32768 -32768 148 147 147 143 132 113 108 107 103 120 150 165 165 167 168 166 162 144 136 132 133 116 114 152 151 160 186 186 183 188 196 196 198 194 190 184 178 179 179 182 184 185 189 189
-32768 -32768 -32768 -32768 -32768 -32768 -32768 -32768 -32768 -32768 -32768 -32768 -32768 -32768 -32768 -32768 -32768 -32768 -32768 -32768 -32768 -32768 -32768 -32768 -32768 -32768 -32768 -32768 -32768 -32768 -32768 -32768 -32768 147 147 146 137 132 128 120 116 144 166 166 168 171 174 166 161 150 132 123 112 108 108 131 178 161 183 171 190 194 195 203 207 202 195 186 181 178 177 177 179 183 185 186
-32768 -32768 -32768 -32768 -32768 -32768 -32768 -32768 -32768 -32768 -32768 -32768 -32768 -32768 -32768 -32768 -32768 -32768 -32768 -32768 -32768 -32768 -32768 -32768 -32768 -32768 -32768 -32768 -32768 -32768 -32768 -32768 -32768 148 147 148 149 139 137 139 156 167 168 169 167 169 172 165 153 145 131 123 121 122 113 121 155 179 199 189 196 199 204 214 210 204 197 189 184 181 180 181 181 183 182 180
-32768 -32768 -32768 -32768 -32768 -32768 -32768 -32768 -32768 -32768 -32768 -32768 -32768 -32768 -32768 -32768 -32768 -32768 -32768 -32768 -32768 -32768 -32768 -32768 -32768 -32768 -32768 -32768 -32768 -32768 -32768 -32768 -32768 -32768 146 148 150 149 154 158 167 171 169 169 169 168 169 165 152 138 132 131 135 145 154 150 125 127 150 204 205 206 213 217 212 203 196 190 187 185 185 185 185 183 181 177
-32768 -32768 -32768 -32768 -32768 -32768 -32768 -32768 -32768 -32768 -32768 -32768 -32768 -32768 -32768 -32768 -32768 -32768 -32768 -32768 -32768 -32768 -32768 -32768 -32768 -32768 -32768 -32768 -32768 -32768 -32768 -32768 -32768 -32768 146 148 150 153 158 165 164 165 168 168 166 165 164 157 138 129 129 118 124 122 133 161 175 170 157 198 210 212 214 215 211 206 201 195 192 190 190 190 189 186 180 175
-32768 -32768 -32768 -32768 -32768 -32768 -32768 -32768 -32768 -32768 -32768 -32768 -32768 -32768 -32768 -32768 -32768 -32768 -32768 -32768 -32768 -32768 -32768 -32768 -32768 -32768 -32768 -32768 -32768 -32768 -32768 -32768 -32768 -32768 144 145 148 152 157 160 160 162 167 165 166 164 158 143 124 83 108 109 119 135 134 153 169 183 175 193 214 212 215 213 212 204 201 200 198 195 195 194 194 190 184 177
-32768 -32768 -32768 -32768 -32768 -32768 -32768 -32768 -32768 -32768 -32768 -32768 -32768 -32768 -32768 -32768 -32768 -32768 -32768 -32768 -32768 -32768 -32768 -32768 -32768 -32768 -32768 -32768 -32768 -32768 -32768 -32768 -32768 -32768 -32768 142 146 149 153 153 160 166 169 164 151 148 148 142 129 112 132 116 110 129 148 163 180 182 175 189 218 212 215 215 210 207 205 206 204 202 202 200 196 195 193 184
-32768 -32768 -32768 -32768 -32768 -32768 -32768 -32768 -32768 -32768 -32768 -32768 -32768 -32768 -32768 -32768 -32768 -32768 -32768 -32768 -32768 -32768 -32768 -32768 -32768 -32768 -32768 -32768 -32768 -32768 -32768 -32768 -32768 -32768 -32768 144 146 144 151 150 157 164 168 167 162 152 149 144 143 145 134 114 120 124 148 175 192 195 182 174 197 218 221 221 214 212 210 208 208 207 209 207 203 203 195 186
-32768 -32768 -32768 -32768 -32768 -32768 -32768 -32768 -32768 -32768 -32768 -32768 -32768 -32768 -32768 -32768 -32768 -32768 -32768 -32768 -32768 -32768 -32768 -32768 -32768 -32768 -32768 -32768 -32768 -32768 -32768 -32768 -32768 -32768 -32768 144 145 145 147 143 145 159 168 170 161 151 145 140 145 136 127 115 120 123 164 193 206 213 208 198 191 188 200 219 218 215 214 211 210 205 197 196 192 183 172 175
-32768 -32768 -32768 -32768 -32768 -32768 -32768 -32768 -32768 -32768 -32768 -32768 -32768 -32768 -32768 -32768 -32768 -32768 -32768 -32768 -32768 -32768 -32768 -32768 -32768 -32768 -32768 -32768 -32768 -32768 -32768 -32768 -32768 -32768 -32768 145 146 152 155 159 154 158 168 163 153 142 126 133 133 133 114 108 139 139 156 167 187 201 209 213 209 202 202 211 218 221 217 212 210 210 207 193 174 149 136 148
-32768 -32768 -32768 -32768 -32768 -32768 -32768 -32768 -32768 -32768 -32768 -32768 -32768 -32768 -32768 -32768 -32768 -32768 -32768 -32768 -32768 -32768 -32768 -32768 -32768 -32768 -32768 -32768 -32768 -32768 -32768 -32768 -32768 -32768 -32768 -32768 151 150 144 149 159 163 171 163 157 146 150 152 146 129 139 134 164 161 143 148 172 170 183 190 198 205 205 199 200 204 216 214 214 215 209 171 137 130 136 142
-32768 -32768 -32768 -32768 -32768 -32768 -32768 -32768 -32768 -32768 -32768 -32768 -32768 -32768 -32768 -32768 -32768 -32768 -32768 -32768 -32768 -32768 -32768 -32768 -32768 -32768 -32768 -32768 -32768 -32768 -32768 -32768 -32768 -32768 -32768 -32768 142 141 146 149 158 157 171 175 168 167 154 141 150 138 156 169 166 174 165 161 170 177 184 199 213 219 219 216 216 212 203 197 201 207 187 150 129 143 158 165
-32768 -32768 -32768 -32768 -32768 -32768 -32768 -32768 -32768 -32768 -32768 -32768 -32768 -32768 -32768 -32768 -32768 -32768 -32768 -32768 -32768 -32768 -32768 -32768 -32768 -32768 -32768 -32768 -32768 -32768 -32768 -32768 -32768 -32768 -32768 -32768 140 143 138 140 158 157 172 182 175 166 152 151 167 166 176 179 180 176 179 188 199 205 211 219 221 218 215 212 212 210 205 201 199 187 163 139 151 151 145 142
-32768 -32768 -32768 -32768 -32768 -32768 -32768 -32768 -32768 -32768 -32768 -32768 -32768 -32768 -32768 -32768 -32768 -32768 -32768 -32768 -32768 -32768 -32768 -32768 -32768 -32768 -32768 -32768 -32768 -32768 -32768 -32768 -32768 -32768 -32768 -32768 139 137 139 137 159 177 178 182 184 182 174 159 152 143 168 165 188 200 198 192 197 211 213 214 211 206 204 198 195 190 198 203 179 166 152 150 167 155 151 150
-32768 -32768 -32768 -32768 -32768 -32768 -32768 -32768 -32768 -32768 -32768 -32768 -32768 -32768 -32768 -32768 -32768 -32768 -32768 -32768 -32768 -32768 -32768 -32768 -32768 -32768 -32768 -32768 -32768 -32768 -32768 -32768 -32768 -32768 -32768 -32768 140 141 143 142 166 174 179 182 185 180 170 158 143 121 130 144 170 178 182 181 190 198 197 196 196 193 184 173 169 172 177 169 160 151 159 164 175 134 121 123
-32768 -32768 -32768 -32768 -32768 -32768 -32768 -32768 -32768 -32768 -32768 -32768 -32768 -32768 -32768 -32768 -32768 -32768 -32768 -32768 -32768 -32768 -32768 -32768 -32768 -32768 -32768 -32768 -32768 -32768 -32768 -32768 -32768 -32768 -32768 -32768 144 142 145 150 172 178 180 184 182 172 163 142 139 130 129 154 178 186 186 182 189 183 175 177 177 172 167 154 142 145 145 136 141 155 152 157 177 143 111 92
-32768 -32768 -32768 -32768 -32768 -32768 -32768 -32768 -32768 -32768 -32768 -32768 -32768 -32768 -32768 -32768 -32768 -32768 -32768 -32768 -32768 -32768 -32768 -32768 -32768 -32768 -32768 -32768 -32768 -32768 -32768 -32768 -32768 -32768 -32768 146 146 147 158 169 177 179 183 183 174 156 135 145 136 134 142 160 173 184 179 176 183 184 171 160 155 150 148 142 137 141 150 137 124 136 120 141 166 154 133 109
-32768 -32768 -32768 -32768 -32768 -32768 -32768 -32768 -32768 -32768 -32768 -32768 -32768 -32768 -32768 -32768 -32768 -32768 -32768 -32768 -32768 -32768 -32768 -32768 -32768 -32768 -32768 -32768 -32768 -32768 -32768 -32768 -32768 -32768 -32768 148 147 141 143 164 178 178 180 172 154 145 138 137 136 127 149 165 168 186 173 173 172 188 161 155 158 162 155 169 169 156 146 132 126 119 98 131 170 168 172 158
-32768 -32768 -32768 -32768 -32768 -32768 -32768 -32768 -32768 -32768 -32768 -32768 -32768 -32768 -32768 -32768 -32768 -32768 -32768 -32768 -32768 -32768 -32768 -32768 -32768 -32768 -32768 -32768 -32768 -32768 -32768 -32768 -32768 -32768 -32768 144 151 157 157 170 177 180 179 174 162 156 143 145 135 115 142 165 186 185 180 167 166 185 184 174 164 165 171 170 151 153 148 131 111 129 132 131 157 165 170 165
-32768 -32768 -32768 -32768 -32768 -32768 -32768 -32768 -32768 -32768 -32768 -32768 -32768 -32768 -32768 -32768 -32768 -32768 -32768 -32768 -32768 -32768 -32768 -32768 -32768 -32768 -32768 -32768 -32768 -32768 -32768 -32768 -32768 -32768 -32768 146 153 161 162 170 178 181 180 174 150 147 143 138 132 123 147 165 174 170 156 144 141 152 171 153 150 154 163 146 143 136 134 136 137 137 150 149 152 154 163 180
-32768 -32768 -32768 -32768 -32768 -32768 -32768 -32768 -32768 -32768 -32768 -32768 -32768 -32768 -32768 -32768 -32768 -32768 -32768 -32768 -32768 -32768 -32768 -32768 -32768 -32768 -32768 -32768 -32768 -32768 -32768 -32768 -32768 -32768 -32768 151 152 156 161 170 181 182 175 173 161 156 143 137 129 138 147 162 169 162 156 150 142 136 131 132 132 141 167 158 165 171 161 157 145 120 148 162 166 177 163 179
-32768 -32768 -32768 -32768 -32768 -32768 -32768 -32768 -32768 -32768 -32768 -32768 -32768 -32768 -32768 -32768 -32768 -32768 -32768 -32768 -32768 -32768 -32768 -32768 -32768 -32768 -32768 -32768 -32768 -32768 -32768 -32768 -32768 -32768 -32768 147 154 162 158 170 183 183 165 166 152 149 151 151 131 120 149 161 167 167 162 156 152 142 138 151 154 150 155 151 134 137 138 118 118 122 134 149 174 171 191 197
-32768 -32768 -32768 -32768 -32768 -32768 -32768 -32768 -32768 -32768 -32768 -32768 -32768 -32768 -32768 -32768 -32768 -32768 -32768 -32768 -32768 -32768 -32768 -32768 -32768 -32768 -32768 -32768 -32768 -32768 -32768 -32768 -32768 -32768 -32768 153 159 164 166 176 183 183 175 164 161 161 155 144 131 103 117 150 159 164 162 159 147 149 154 163 161 155 144 148 134 134 140 133 136 138 157 161 184 186 181 210
-32768 -32768 -32768 -32768 -32768 -32768 -32768 -32768 -32768 -32768 -32768 -32768 -32768 -32768 -32768 -32768 -32768 -32768 -32768 -32768 -32768 -32768 -32768 -32768 -32768 -32768 -32768 -32768 -32768 -32768 -32768 -32768 -32768 -32768 -32768 157 158 160 170 171 175 175 171 172 162 155 143 140 125 125 131 146 143 152 151 151 152 148 155 160 156 147 135 137 141 137 141 142 167 160 177 171 171 198 209 212
-32768 -32768 -32768 -32768 -32768 -32768 -32768 -32768 -32768 -32768 -32768 -32768 -32768 -32768 -32768 -32768 -32768 -32768 -32768 -32768 -32768 -32768 -32768 -32768 -32768 -32768 -32768 -32768 -32768 -32768 -32768 -32768 -32768 -32768 154 157 161 166 170 172 174 170 166 158 156 166 150 126 125 143 150 148 116 134 143 150 152 157 152 166 159 151 152 147 152 149 140 146 163 183 180 193 183 196 193 196
-32768 -32768 -32768 -32768 -32768 -32768 -32768 -32768 -32768 -32768 -32768 -32768 -32768 -32768 -32768 -32768 -32768 -32768 -32768 -32768 -32768 -32768 -32768 -32768 -32768 -32768 -32768 -32768 -32768 -32768 -32768 -32768 -32768 -32768 151 155 156 168 179 174 177 164 157 153 146 157 139 120 131 139 153 149 136 144 146 150 153 154 162 164 165 165 166 161 156 164 168 170 165 159 185 181 171 177 176 193
-32768 -32768 -32768 -32768 -32768 -32768 -32768 -32768 -32768 -32768 -32768 -32768 -32768 -32768 -32768 -32768 -32768 -32768 -32768 -32768 -32768 -32768 -32768 -32768 -32768 -32768 -32768 -32768 -32768 -32768 -32768 -32768 -32768 145 150 156 159 163 174 182 182 169 159 159 157 143 137 120 136 146 143 141 149 160 163 162 168 167 165 166 160 170 173 174 169 169 172 173 171 168 184 170 165 176 177 194
-32768 -32768 -32768 -32768 -32768 -32768 -32768 -32768 -32768 -32768 -32768 -32768 -32768 -32768 -32768 -32768 -32768 -32768 -32768 -32768 -32768 -32768 -32768 -32768 -32768 -32768 -32768 -32768 -32768 -32768 -32768 -32768 -32768 145 151 158 158 158 165 189 185 177 165 154 155 154 137 123 124 137 134 135 139 163 168 172 171 174 169 170 164 170 171 174 174 175 174 173 173 174 171 165 182 177 184 188
-32768 -32768 -32768 -32768 -32768 -32768 -32768 -32768 -32768 -32768 -32768 -32768 -32768 -32768 -32768 -32768 -32768 -32768 -32768 -32768 -32768 -32768 -32768 -32768 -32768 -32768 -32768 -32768 -32768 -32768 -32768 -32768 -32768 148 154 164 165 158 174 184 182 175 158 165 159 135 125 119 140 147 145 144 146 159 164 164 162 166 170 174 168 169 163 164 162 166 169 174 168 159 168 180 183 192 183 177
