_episodes_rmd/data/big_extent/bio16.asc
NCOLS 660 
NROWS 720 
XLLCORNER -130 
YLLCORNER -60 
CELLSIZE 0.166666666666667 
NODATA_value -32768 
[rows 528 to 560 of 720, columns 380 to 455 of 660]
177 195 211 194 233 275 301 313 324 329 338 333 322 313 306 302 296 293 290 288 287 289 291 295 302 310 318 328 338 350 363 375 387 399 409 415 419 417 418 418 416 413 407 400 394 387 382 378 379 388 402 413 424 434 439 437 436 437 441 446 448 449 453 462 473 486 497 504 505 502 499 496 494 496 495 490
178 192 205 194 225 260 279 298 303 306 314 314 308 303 300 296 294 292 288 286 287 288 290 294 302 310 319 329 339 350 362 373 384 394 402 408 412 413 415 417 415 410 402 393 386 377 371 370 372 382 396 409 420 428 433 435 436 437 439 445 448 453 459 467 478 487 498 504 506 508 503 499 494 492 488 483
179 191 202 193 225 223 260 281 278 282 294 298 295 294 294 294 293 292 290 290 289 290 289 294 303 313 322 331 340 351 361 370 380 389 396 402 405 411 414 417 415 410 400 390 380 369 363 365 370 380 391 403 415 423 429 432 433 434 438 443 449 456 461 469 477 487 494 502 506 506 508 506 499 492 487 481
181 190 197 208 216 211 256 253 254 267 278 286 288 289 291 293 294 294 295 295 295 295 295 299 307 316 326 335 342 351 361 368 376 384 390 396 402 408 414 417 418 414 401 391 377 367 362 363 369 378 388 400 411 418 425 429 432 434 437 442 449 454 461 468 478 487 495 499 501 504 499 498 496 492 488 481
183 191 198 203 206 217 245 238 244 257 268 277 281 286 289 294 297 298 301 302 302 303 305 308 315 323 331 338 346 353 360 367 373 380 385 392 398 405 412 419 423 420 407 391 376 366 362 363 369 376 385 396 406 414 421 427 430 431 435 441 448 454 461 469 479 487 492 496 497 497 497 494 490 487 484 481
186 191 194 198 203 212 240 232 239 250 262 270 277 283 290 296 300 304 308 310 312 313 315 318 323 329 335 342 347 354 360 366 371 376 381 387 393 400 409 420 430 432 418 393 372 364 361 363 369 375 385 395 404 413 420 424 428 429 433 438 446 452 460 469 478 486 493 495 496 496 494 493 488 485 483 480
187 191 193 198 202 210 231 230 237 247 257 265 274 282 292 301 309 316 318 319 320 323 325 328 332 337 342 346 351 355 360 365 369 372 377 381 385 393 402 416 434 448 434 396 367 360 361 363 367 375 384 393 401 410 419 425 428 429 430 436 440 449 457 468 477 486 491 493 493 495 495 490 487 480 474 474
189 191 193 197 202 208 223 226 235 244 254 264 273 283 293 308 321 329 334 332 332 333 334 338 340 344 346 351 355 359 361 364 367 370 373 374 377 382 389 404 426 447 436 398 372 363 361 363 367 374 382 391 399 408 418 425 428 427 425 428 434 444 453 464 474 484 489 489 487 486 488 479 477 469 469 465
189 188 191 196 202 209 218 225 234 242 252 261 271 284 296 314 332 343 348 344 342 343 344 345 347 350 353 355 358 360 362 363 366 367 368 369 369 369 372 384 406 419 414 393 374 364 362 363 367 372 378 385 395 407 418 427 431 425 418 418 424 435 446 460 473 482 486 488 482 481 477 467 460 462 456 455
182 186 189 196 204 209 217 224 233 240 250 260 270 283 301 321 340 353 359 354 352 350 351 353 354 357 358 360 361 362 362 363 363 364 364 363 362 362 362 372 386 395 395 384 372 364 362 364 367 371 377 381 389 404 419 432 439 420 403 403 412 424 439 456 469 482 482 478 473 467 460 452 447 441 442 445
178 181 187 193 204 211 219 225 233 240 248 258 268 282 303 326 345 362 369 362 360 359 359 360 360 362 363 365 364 363 363 362 362 362 361 360 358 358 359 366 373 379 379 374 367 360 360 364 368 372 376 378 386 404 420 431 435 402 388 394 401 413 428 444 462 476 476 472 464 455 449 443 436 431 429 431
174 178 185 194 205 213 221 228 233 240 247 255 266 280 305 327 346 370 375 370 365 366 364 364 364 366 368 370 367 364 364 362 362 360 358 356 356 355 356 359 363 367 367 366 363 358 359 363 369 373 380 385 396 411 422 426 418 397 388 390 396 403 415 431 445 455 460 459 453 445 439 434 430 424 422 421
174 175 184 198 210 218 223 230 236 241 248 254 262 277 307 325 345 367 371 370 368 369 367 367 366 367 367 368 367 365 365 362 361 358 357 355 352 353 352 353 355 357 360 360 358 357 358 364 370 377 385 395 409 421 428 424 413 399 390 388 389 394 405 419 428 438 442 442 441 437 430 425 420 415 411 411
182 184 196 211 219 225 230 234 239 244 249 254 260 277 307 324 343 359 367 368 369 369 369 368 366 365 366 366 367 365 363 361 359 358 355 353 351 349 348 347 348 351 354 355 357 356 357 364 371 380 390 402 417 432 434 422 412 400 393 388 383 385 394 406 416 423 427 430 432 426 421 417 412 405 399 402
199 212 233 231 231 233 236 240 244 248 253 259 268 286 307 323 340 355 363 366 368 369 368 367 366 364 363 364 365 364 363 361 360 357 356 352 350 347 346 347 348 351 351 353 354 355 357 365 373 382 394 404 417 428 430 421 410 401 392 387 382 377 386 398 407 411 417 421 421 417 411 407 401 395 391 397
210 220 239 241 240 241 242 246 250 253 258 264 279 296 308 324 342 355 363 365 368 367 367 364 363 361 362 363 363 363 363 361 360 358 354 353 350 346 346 347 349 354 357 354 354 355 356 366 374 383 393 404 412 420 421 415 407 400 392 388 383 379 382 391 401 407 412 414 411 408 403 396 390 385 384 389
216 230 241 246 246 247 247 251 255 258 263 269 283 304 309 327 346 357 363 365 367 366 365 361 360 357 358 360 361 362 362 361 360 358 355 354 351 347 346 346 347 352 361 356 354 355 357 365 374 382 392 402 409 413 413 411 405 398 391 386 385 384 383 390 397 405 409 410 407 401 394 387 380 376 375 390
218 232 244 249 250 250 252 257 264 264 270 276 287 305 309 333 352 360 364 366 367 365 362 358 355 353 355 357 359 360 362 362 361 359 356 355 353 350 347 347 348 351 355 354 355 356 358 365 374 382 390 398 403 406 406 403 399 393 389 384 384 383 386 390 395 403 408 413 403 395 386 377 372 367 366 378
224 238 246 249 251 253 256 265 269 271 280 286 288 298 312 344 359 365 367 367 365 362 359 356 352 349 352 355 359 360 362 363 363 360 358 357 355 354 355 353 350 350 352 356 357 358 356 363 370 380 388 397 401 403 402 397 393 389 384 380 379 379 381 387 392 395 402 405 397 387 377 367 358 355 359 365
229 241 247 251 251 255 258 269 274 274 286 294 286 292 324 356 365 369 368 366 364 360 356 352 349 344 347 353 357 361 363 366 364 361 360 359 358 360 365 369 366 362 360 360 361 360 357 362 369 376 385 396 400 398 397 393 387 383 379 376 375 377 380 382 382 384 389 389 384 377 368 358 349 340 337 354
229 241 246 250 252 257 262 271 279 281 290 293 282 286 308 348 364 369 367 364 360 356 352 349 345 342 343 352 358 362 364 366 365 362 360 362 358 359 371 383 378 372 368 366 365 361 360 362 366 372 379 388 392 392 390 387 384 378 375 372 371 371 374 373 374 374 376 376 372 368 360 350 340 329 318 315
222 237 246 248 254 259 264 270 281 285 292 296 284 281 295 334 361 368 364 359 353 351 346 344 341 339 342 350 357 362 364 366 366 365 365 368 354 354 372 382 381 376 371 369 368 365 362 361 365 369 375 380 385 385 383 380 378 374 370 365 365 365 364 363 365 365 366 365 363 359 352 343 334 323 315 319
219 235 247 250 256 261 266 271 281 287 291 297 283 286 304 331 354 359 356 352 348 345 341 340 338 337 343 350 355 361 364 367 369 370 370 369 366 368 375 378 378 376 373 370 370 368 364 361 361 365 370 374 378 379 377 375 370 368 364 360 358 357 358 356 355 355 354 355 353 350 346 338 330 321 322 325
220 235 246 251 259 264 269 274 281 296 294 292 286 291 308 334 350 354 351 346 342 339 338 337 337 337 343 349 355 361 364 369 372 374 375 377 382 383 379 376 376 374 372 371 370 367 364 362 361 362 365 370 373 374 373 369 366 362 357 352 350 350 351 350 348 346 345 344 344 343 338 334 327 325 329 333
220 237 247 255 262 269 274 278 287 298 296 292 287 290 314 342 349 349 345 339 335 332 334 337 339 339 341 348 354 360 365 370 375 379 380 381 382 381 378 373 371 369 369 369 368 365 362 361 358 360 363 368 371 372 370 367 364 359 354 347 342 343 343 342 342 340 338 337 338 336 334 330 327 329 336 340
223 240 252 261 269 277 282 288 292 296 298 298 292 294 319 343 349 347 341 333 326 325 330 336 342 342 339 345 352 359 364 371 377 382 385 384 380 377 371 366 363 364 365 366 365 363 361 357 355 354 358 368 370 371 370 367 363 358 351 344 335 335 337 335 335 336 335 333 333 332 331 329 330 336 342 345
227 245 258 267 277 285 290 292 293 296 300 305 305 310 324 341 347 343 337 327 316 316 326 336 346 345 340 341 350 356 362 369 377 384 390 387 378 368 359 354 355 358 361 362 363 360 357 353 349 346 346 358 366 369 370 369 364 359 352 343 331 328 330 329 331 330 330 331 330 330 329 329 333 338 343 348
232 250 264 274 279 287 292 294 295 300 303 311 317 325 335 346 348 344 335 326 317 316 324 333 343 344 340 337 345 352 358 366 373 382 391 388 374 358 345 342 346 350 357 360 360 357 354 349 342 339 338 348 359 366 370 369 364 360 354 344 331 323 322 324 325 327 329 330 329 329 330 332 337 340 344 342
238 257 268 269 279 289 294 295 298 305 308 319 328 338 349 354 352 347 338 329 321 320 324 329 334 338 337 328 338 347 354 361 368 374 381 381 368 351 338 334 338 345 353 358 360 356 351 345 337 333 334 342 354 363 367 367 365 363 357 349 337 324 321 321 324 327 328 329 329 330 333 339 343 343 338 335
245 264 268 271 283 290 293 296 299 308 314 326 337 350 361 362 356 349 341 332 326 323 323 325 327 329 327 323 331 338 347 352 357 362 369 371 357 340 329 325 329 339 350 358 359 354 346 338 330 323 328 338 350 357 362 364 365 364 360 356 350 336 322 322 325 327 328 330 330 332 335 338 340 338 334 328
247 271 270 279 287 289 290 295 301 309 319 331 344 359 371 369 360 350 342 334 328 324 322 321 321 321 320 317 324 331 338 343 347 349 355 354 342 326 315 313 321 332 344 357 361 349 336 326 314 307 317 334 345 353 358 362 364 364 366 366 361 351 336 325 327 329 330 331 332 333 334 332 337 332 330 322
242 274 282 283 285 284 285 292 299 309 319 332 344 356 365 364 358 349 343 335 328 324 319 317 315 314 313 312 317 325 333 337 341 343 343 340 330 314 305 304 313 326 339 348 350 338 322 307 293 286 299 328 339 348 354 359 363 367 370 373 373 365 350 335 331 331 331 332 334 336 334 332 333 330 323 317
234 260 278 279 276 272 275 284 294 306 318 328 339 347 353 356 351 346 340 332 326 320 315 312 309 308 307 307 312 320 327 333 336 338 338 333 324 310 300 300 310 321 331 338 335 323 307 290 272 257 264 299 325 337 346 354 361 367 372 376 378 372 356 342 335 335 335 336 335 338 335 334 332 326 320 315
