_episodes_rmd/data/big_extent/bio12.asc
NCOLS 660 
NROWS 720 
XLLCORNER -130 
YLLCORNER -60 
CELLSIZE 0.166666666666667 
NODATA_value -32768 
[rows 99 to 131 of 720, columns 150 to 224 of 660]
331 339 342 349 358 372 391 415 429 423 417 422 423 413 410 421 431 441 441 442 457 455 463 466 467 477 498 502 511 528 548 561 565 571 568 570 573 577 581 584 585 584 579 581 592 604 616 615 626 630 638 659 671 683 692 704 707 709 717 727 730 731 746 756 761 767 777 790 799 807 810 814 821 831 842
336 342 350 354 365 378 383 394 402 412 423 424 414 417 431 433 447 453 458 457 461 466 481 479 477 491 496 508 525 544 563 579 590 602 602 589 585 587 587 590 593 594 586 583 588 605 613 616 625 635 646 661 674 686 695 704 712 716 722 733 740 746 756 761 763 769 780 792 803 813 816 824 831 841 847
341 355 364 363 371 377 385 393 405 415 422 422 421 430 440 444 447 449 455 460 464 471 476 479 487 491 496 504 522 538 555 571 590 601 607 608 601 586 584 595 600 596 583 576 579 592 610 619 631 648 657 666 681 689 697 709 721 729 736 741 753 756 764 768 769 778 786 798 807 821 826 831 836 842 854
355 366 380 382 381 382 381 385 401 408 407 410 422 445 459 463 457 451 456 464 469 480 486 491 489 486 486 504 520 540 554 562 579 590 595 595 591 586 584 587 587 575 560 549 556 579 599 619 633 652 663 676 684 690 704 717 729 741 748 756 764 769 773 776 779 786 790 798 814 829 835 836 838 846 854
353 373 392 387 389 399 403 405 413 398 402 421 454 479 479 465 450 447 455 465 475 484 489 492 493 495 499 512 531 539 550 560 573 585 592 594 592 583 581 586 575 559 537 510 510 559 603 625 640 655 670 683 684 697 711 726 737 756 767 768 774 780 786 791 798 801 803 810 825 839 853 843 837 848 857
333 363 381 368 374 382 390 401 407 415 435 450 466 479 474 461 454 457 463 475 487 498 506 507 509 515 520 527 541 554 565 571 583 591 597 594 592 590 591 591 581 561 537 492 485 553 612 644 662 669 676 688 693 705 717 732 753 768 782 782 786 789 794 804 816 819 812 819 829 844 855 852 846 851 862
335 351 345 339 358 373 372 382 397 409 424 437 447 458 461 455 453 458 465 477 493 510 519 520 519 523 527 540 560 573 586 589 592 596 597 593 591 593 593 593 589 579 569 545 545 584 627 657 678 694 688 683 693 711 726 742 764 775 788 796 797 796 800 813 826 827 820 825 835 847 852 850 854 858 865
330 334 333 342 352 362 377 393 398 407 422 430 435 439 440 437 438 448 459 478 496 517 527 528 527 524 531 544 565 589 599 598 598 601 598 595 591 590 594 598 600 601 599 598 603 622 652 671 691 713 710 702 704 716 731 745 761 778 789 799 805 804 809 816 826 832 833 835 837 850 852 850 857 862 869
333 350 346 345 353 362 370 380 395 404 411 416 421 426 426 420 422 437 451 471 489 506 518 522 525 530 536 550 566 590 599 597 596 594 597 593 594 598 602 608 616 617 627 637 639 647 675 686 700 713 720 721 722 727 741 750 766 773 785 807 818 819 817 817 821 830 843 842 841 848 858 855 859 869 877
356 366 355 354 367 370 371 366 380 397 417 424 425 426 423 421 420 431 448 461 477 494 506 515 522 529 540 552 570 585 586 591 594 592 590 595 596 606 614 624 629 640 655 664 664 669 687 703 711 719 728 737 737 744 756 766 773 780 797 815 828 830 829 827 825 826 840 842 841 849 860 864 870 877 884
378 388 391 381 384 391 390 387 386 390 401 418 431 434 428 425 425 431 444 453 468 481 496 510 521 529 540 551 569 580 592 595 598 595 593 592 605 615 626 638 646 657 671 675 680 688 706 722 731 733 742 750 751 753 771 779 789 800 808 822 838 845 842 842 832 828 833 831 837 854 866 871 878 891 892
381 389 395 399 404 413 405 400 405 409 411 415 421 431 441 435 432 438 442 452 461 474 484 498 512 523 537 552 566 583 591 596 595 598 598 604 611 623 636 643 653 665 677 686 694 700 711 725 735 748 758 762 763 759 770 794 801 812 816 822 834 850 855 849 844 838 837 836 843 872 896 899 890 893 893
384 392 398 405 421 434 427 424 428 426 433 442 452 450 440 437 433 435 442 448 458 468 476 486 503 515 529 546 561 575 587 590 589 597 604 616 631 630 635 643 652 666 678 687 692 700 710 720 740 761 774 767 763 765 771 792 808 816 827 821 830 851 863 862 856 852 848 848 860 896 949 965 923 902 894
384 387 392 395 400 410 414 417 422 424 430 436 446 456 457 457 448 440 441 447 452 460 468 479 495 508 523 541 562 572 574 581 592 600 613 628 638 640 633 632 646 663 680 691 703 711 721 738 751 772 789 773 762 759 772 798 816 829 838 838 847 861 868 871 869 867 862 866 880 918 977 1014 950 913 898
382 386 386 378 378 391 400 409 418 424 425 432 443 454 458 452 443 442 447 454 460 461 466 482 495 502 515 531 550 565 577 585 587 593 612 626 639 644 639 637 647 665 686 700 706 708 712 729 741 761 779 773 774 774 778 809 830 845 860 862 864 874 876 878 877 875 877 883 894 918 953 969 944 917 898
374 375 370 363 364 376 381 392 393 403 423 426 433 438 442 447 445 447 453 460 473 475 474 486 502 513 527 534 540 552 566 576 585 591 607 627 641 651 650 652 660 679 691 698 703 700 708 720 733 744 767 784 799 804 809 824 840 856 869 877 878 885 885 881 878 875 883 897 905 918 930 938 926 914 908
367 362 361 357 355 362 360 369 380 393 404 412 428 441 450 450 448 444 446 457 469 479 484 491 510 521 524 535 548 559 565 569 581 594 611 627 643 651 662 672 677 684 692 697 699 703 713 728 739 750 782 799 808 820 827 836 848 854 871 880 881 887 887 882 880 887 892 905 913 924 930 930 917 914 918
359 356 355 350 351 354 360 364 375 385 396 424 435 436 440 447 445 440 440 453 465 482 494 512 519 527 524 530 546 560 575 580 591 603 617 627 641 655 670 683 684 689 695 704 712 720 728 739 751 767 792 803 809 821 837 842 852 860 866 871 882 889 887 883 884 896 907 910 925 945 956 949 933 927 929
358 351 348 346 346 345 352 358 366 375 395 419 425 425 432 438 444 443 444 455 474 492 505 519 525 526 528 539 547 560 573 582 592 607 616 629 645 658 667 678 683 690 698 714 725 733 739 745 758 776 793 806 820 834 841 848 849 857 866 868 881 891 890 888 893 902 907 911 935 975 1010 1011 981 953 937
362 358 357 352 347 343 342 345 360 376 398 409 409 413 428 436 444 449 454 464 481 500 516 526 530 531 531 538 552 568 578 583 584 596 606 625 638 652 666 681 693 698 708 720 734 742 750 762 771 783 800 818 828 835 847 852 855 858 870 876 888 895 895 892 897 902 909 909 939 1000 1074 1114 1045 980 944
373 370 368 361 359 354 354 352 360 380 397 405 409 413 424 434 444 452 454 466 480 497 517 532 537 537 540 547 563 577 584 586 586 587 595 612 625 638 659 678 696 707 717 732 745 757 768 772 782 792 804 821 829 840 852 859 867 872 878 890 895 903 906 904 904 902 910 919 940 998 1069 1107 1060 994 949
388 383 381 376 372 365 366 362 364 381 399 401 408 415 425 435 446 447 459 464 482 507 526 535 540 538 543 548 558 572 581 584 587 596 605 612 621 640 665 686 701 709 713 737 757 769 777 783 786 793 806 828 841 851 874 885 888 898 899 905 905 909 914 912 911 917 913 925 940 979 1022 1045 1034 1003 979
404 401 393 386 379 375 373 368 373 384 396 399 404 413 420 431 442 449 451 459 479 502 519 529 535 533 538 545 550 560 570 574 581 589 596 603 608 629 655 675 699 705 712 729 751 768 777 789 794 800 819 836 854 876 892 900 915 920 918 921 910 918 925 930 931 929 931 930 937 959 983 1002 1013 1009 1003
428 415 400 392 384 377 376 368 383 389 393 398 406 410 419 424 430 440 450 458 464 484 503 513 517 522 531 543 544 548 549 556 571 584 596 607 615 621 642 659 680 693 710 723 739 755 768 785 799 819 833 859 875 891 906 913 922 930 931 924 932 935 944 950 952 956 954 949 955 963 967 989 1006 1011 1010
437 423 413 401 389 380 375 379 387 389 393 399 401 407 412 417 425 438 446 452 463 474 486 495 505 513 525 535 541 540 533 540 562 578 594 609 623 633 646 662 675 687 705 728 753 764 773 790 812 828 855 871 882 895 907 920 925 940 949 946 935 946 955 960 966 972 970 968 975 976 974 983 1001 1010 1008
449 443 432 413 391 380 373 367 370 384 390 395 399 404 409 413 419 432 443 453 462 473 479 487 494 503 521 533 544 544 539 545 559 580 597 615 633 643 657 670 677 688 712 724 748 766 782 805 825 843 857 868 874 889 899 909 921 945 964 962 964 962 966 965 971 981 978 978 981 978 979 989 995 1007 1003
485 462 451 423 400 384 371 359 358 360 380 391 393 399 404 407 415 426 441 453 460 463 475 483 493 505 518 536 554 551 550 549 561 577 595 612 625 643 654 670 681 698 713 728 744 763 790 820 833 844 866 877 879 887 895 895 906 945 965 963 966 964 961 971 981 991 1003 1000 995 993 986 988 997 1001 996
487 432 433 404 396 367 352 347 346 349 356 370 375 380 395 401 408 420 436 450 452 457 463 474 490 504 515 527 541 540 551 552 567 579 595 614 630 648 662 675 693 702 716 731 744 767 800 838 845 854 874 881 885 901 911 905 906 941 960 964 964 971 965 978 1000 1011 1020 1017 1010 1001 1001 998 1005 1012 997
535 401 395 374 368 347 332 327 339 340 347 356 361 365 380 393 400 412 427 442 450 456 465 474 486 500 509 522 531 534 536 544 556 572 593 610 632 651 666 679 696 707 719 734 760 794 825 854 863 861 864 875 891 904 916 917 923 946 967 977 979 983 980 992 1005 1016 1027 1024 1011 1010 1015 1009 1013 1012 996
433 383 358 337 337 323 311 306 321 323 341 352 360 364 363 377 391 403 412 425 435 446 462 477 494 509 519 530 537 539 542 548 560 575 595 618 640 654 664 683 697 703 716 743 776 822 854 856 864 854 860 873 893 913 927 931 933 953 977 988 996 1007 1007 1005 1018 1025 1035 1035 1030 1030 1035 1030 1028 1019 1000
359 357 334 311 306 297 290 290 304 312 328 345 353 357 360 364 388 398 408 413 427 438 453 474 491 508 518 526 534 538 539 547 561 577 599 619 636 648 662 677 695 712 728 753 786 821 834 836 853 856 861 874 888 920 945 944 950 971 991 1002 1010 1018 1027 1028 1032 1035 1035 1042 1041 1045 1050 1054 1049 1037 1022
353 332 312 296 281 282 279 281 295 308 320 336 347 352 360 366 381 393 405 413 423 436 448 462 478 494 508 520 530 536 548 554 563 580 599 619 633 648 658 677 701 718 738 758 787 808 824 830 847 855 863 882 900 930 949 950 970 987 1009 1019 1028 1032 1039 1043 1050 1047 1042 1045 1046 1048 1052 1054 1053 1040 1030
413 359 336 309 292 277 279 286 294 303 316 324 331 348 363 369 375 387 397 410 421 434 446 456 469 487 505 517 530 544 556 565 580 592 605 621 634 643 660 680 705 726 744 765 784 803 821 837 851 858 867 889 912 941 962 974 992 1004 1020 1032 1044 1049 1053 1058 1057 1050 1051 1054 1052 1050 1054 1059 1061 1056 1050
