_episodes_rmd/data/big_extent/bio13.asc
NCOLS 660 
NROWS 720 
XLLCORNER -130 
YLLCORNER -60 
CELLSIZE 0.166666666666667 
NODATA_value -32768 
[rows 408 to 441 of 720, columns 304 to 379 of 660]
2 2 16 60 95 125 157 127 179 172 131 166 152 142 152 210 263 221 244 226 243 324 323 309 289 267 248 236 231 234 242 252 262 272 279 285 290 294 299 301 297 289 282 276 272 269 269 274 281 288 294 299 300 300 302 307 314 324 333 338 340 341 346 351 355 358 358 355 348 336 326 323 317 307 299 297
-32768 1 9 29 79 105 142 99 131 174 126 128 141 135 139 161 269 286 241 219 212 315 361 343 314 281 252 232 224 226 234 243 252 261 269 276 282 289 298 307 300 290 283 278 275 274 277 283 291 294 297 300 299 298 300 304 315 327 337 344 346 344 337 338 339 340 339 337 332 324 322 322 318 309 301 295
-32768 -32768 2 6 21 73 96 81 160 161 132 118 139 149 133 140 208 352 321 196 215 359 408 383 342 296 255 230 218 221 228 236 244 252 259 266 272 279 286 293 290 285 280 276 275 275 278 284 290 292 293 294 294 294 296 304 318 331 343 352 354 349 339 327 322 322 321 320 317 316 316 315 312 306 299 292
-32768 -32768 1 2 10 41 59 72 87 133 99 110 120 139 132 131 159 285 314 239 278 392 464 430 374 315 265 236 223 221 225 230 236 243 250 256 261 265 269 273 275 275 274 273 272 273 275 279 282 284 285 286 287 288 296 307 320 334 349 361 364 356 341 324 308 303 303 304 308 311 311 308 306 303 297 289
-32768 -32768 -32768 1 4 15 51 74 81 144 132 123 116 145 129 130 135 185 327 278 222 370 539 480 405 340 288 254 230 221 221 224 229 235 241 246 250 252 252 255 261 266 267 268 267 268 270 272 274 275 276 277 282 289 297 307 319 334 351 369 377 362 340 317 299 288 289 297 304 309 310 307 306 303 295 287
-32768 -32768 -32768 1 1 7 37 87 111 133 158 115 117 122 144 133 119 137 294 316 184 388 588 518 433 363 309 273 247 229 219 218 223 228 234 239 243 244 241 242 253 260 262 262 262 262 263 264 265 266 269 274 281 288 295 304 315 328 344 364 377 358 335 310 286 279 282 292 301 308 315 318 314 306 296 285
-32768 -32768 -32768 2 4 4 15 44 118 102 158 131 136 133 127 130 112 120 211 342 243 292 550 511 433 364 313 279 256 241 230 224 220 223 229 234 239 242 244 247 256 260 259 257 256 255 256 257 258 262 267 273 280 286 292 299 307 316 327 339 346 340 326 309 285 276 279 289 299 309 318 327 320 308 296 285
-32768 -32768 -32768 -32768 4 4 8 41 129 125 133 148 145 139 136 136 113 127 187 316 355 188 361 451 405 347 303 268 248 248 239 232 228 224 225 232 238 245 253 262 266 263 258 253 249 248 249 251 254 260 266 273 281 286 287 292 297 301 305 309 317 319 314 306 293 283 280 289 298 307 315 320 316 306 294 284
-32768 -32768 -32768 -32768 -32768 4 5 24 97 143 137 151 144 135 142 139 135 119 119 156 187 163 301 398 370 326 292 235 236 254 246 240 235 231 228 229 237 247 259 273 273 265 257 250 243 243 245 246 252 258 265 272 280 284 283 284 286 288 288 288 296 301 301 298 292 286 282 288 295 303 308 311 309 300 290 281
-32768 -32768 -32768 -32768 -32768 3 5 11 44 132 142 144 142 140 139 137 151 142 126 104 137 102 225 356 340 313 290 273 237 254 252 246 241 238 235 232 235 244 256 266 267 261 254 248 243 241 242 245 251 257 263 269 274 278 277 275 277 277 278 279 284 289 291 291 289 286 284 287 293 298 301 302 300 293 285 277
-32768 -32768 -32768 -32768 -32768 3 4 9 37 144 145 142 139 138 138 139 148 152 131 96 104 102 194 316 319 304 288 280 264 260 257 251 246 243 241 239 236 238 247 254 257 255 251 246 243 240 241 245 251 256 261 265 269 270 270 268 268 269 270 272 275 279 283 285 285 285 285 285 289 293 294 294 291 285 278 272
-32768 -32768 -32768 -32768 -32768 -32768 3 5 17 71 153 136 142 139 138 141 145 129 88 116 131 118 180 282 304 298 289 286 287 276 261 253 250 248 247 245 243 240 237 243 246 247 246 244 242 240 243 247 251 255 258 262 264 264 264 261 260 261 262 264 267 272 276 280 282 284 286 286 286 287 287 286 283 278 272 272
-32768 -32768 -32768 -32768 -32768 -32768 2 3 9 56 143 145 137 142 143 143 147 153 106 162 149 126 189 267 328 335 335 335 318 294 274 253 251 251 251 250 249 247 244 241 238 240 241 241 241 243 245 248 251 254 257 259 260 259 258 256 253 253 254 256 260 265 270 275 280 283 285 286 286 284 281 279 275 271 270 270
-32768 -32768 -32768 -32768 -32768 -32768 -32768 2 6 56 44 151 146 139 149 146 151 143 123 158 149 124 136 259 351 383 417 389 338 298 273 254 248 251 254 255 255 253 249 246 243 242 240 241 243 245 247 249 252 254 256 257 257 256 254 251 248 246 247 249 253 258 264 271 277 283 285 285 284 282 278 274 271 268 267 267
-32768 -32768 -32768 -32768 -32768 -32768 -32768 1 4 9 34 138 137 131 150 152 152 144 145 177 187 164 143 182 325 387 416 389 347 305 276 258 242 249 256 259 260 257 253 250 247 245 243 242 245 247 249 251 253 255 256 256 255 254 251 247 244 241 240 241 245 251 258 266 275 282 285 284 282 279 275 271 268 265 263 263
-32768 -32768 -32768 -32768 -32768 -32768 -32768 -32768 1 3 15 56 92 140 147 147 145 149 149 179 195 172 150 174 224 355 377 359 330 310 287 257 230 241 254 261 262 258 255 251 249 247 245 244 246 249 251 253 256 257 257 257 255 253 249 244 241 237 236 235 238 244 250 260 272 281 284 282 279 276 272 268 265 261 259 258
-32768 -32768 -32768 -32768 -32768 -32768 -32768 -32768 1 1 5 38 131 151 145 145 147 141 145 172 193 154 152 197 249 303 327 319 306 297 283 261 237 230 244 257 259 256 253 251 249 247 246 246 249 252 255 258 260 261 260 259 256 252 249 245 239 235 231 231 232 238 243 250 263 273 277 277 275 272 269 266 261 257 254 252
-32768 -32768 -32768 -32768 -32768 -32768 -32768 -32768 -32768 1 2 15 94 119 137 144 147 144 149 163 174 163 151 182 257 290 292 298 281 285 275 261 243 216 230 243 248 249 249 248 247 246 246 250 254 259 262 265 268 268 267 265 260 257 253 247 240 233 228 228 230 235 238 240 253 263 269 271 271 269 267 263 259 255 251 249
-32768 -32768 -32768 -32768 -32768 -32768 -32768 -32768 -32768 1 1 5 21 61 147 152 150 155 153 149 155 150 140 198 238 227 289 273 279 254 247 253 254 207 216 228 235 239 242 243 243 244 250 257 262 266 270 274 276 277 276 274 269 265 260 253 245 236 230 229 232 237 245 242 250 259 265 268 268 267 265 262 259 255 251 249
-32768 -32768 -32768 -32768 -32768 -32768 -32768 -32768 -32768 2 3 3 11 47 88 129 154 168 153 144 134 123 121 160 182 155 223 274 252 242 218 245 224 207 201 216 224 229 233 236 240 248 257 264 269 275 279 283 286 287 287 285 280 276 270 262 253 244 236 235 236 241 248 249 253 258 263 266 267 266 265 263 260 258 256 256
-32768 -32768 -32768 -32768 -32768 -32768 -32768 -32768 1 -32768 3 7 4 10 51 134 152 177 169 140 118 107 112 130 174 149 160 232 253 249 241 223 243 232 220 220 217 221 227 236 245 253 263 270 276 283 289 294 298 301 301 299 295 291 284 276 265 254 245 243 243 246 251 255 258 261 264 266 267 266 266 264 262 261 261 263
-32768 -32768 -32768 -32768 -32768 -32768 -32768 -32768 -32768 -32768 -32768 -32768 3 11 39 77 153 170 172 153 118 118 116 137 139 146 153 158 198 247 243 197 248 199 235 236 220 224 234 242 251 260 268 276 284 291 299 307 313 317 319 318 313 308 302 294 283 272 263 256 253 256 259 261 263 265 266 268 268 268 267 266 265 265 265 267
-32768 -32768 -32768 -32768 -32768 -32768 -32768 -32768 -32768 -32768 -32768 -32768 4 6 25 79 124 158 155 162 146 128 123 131 146 147 150 150 158 227 240 200 221 236 211 248 227 231 238 248 257 266 275 284 293 301 310 319 328 334 338 339 336 330 322 313 302 290 280 272 269 269 269 269 269 270 271 271 270 270 269 268 268 267 268 269
-32768 -32768 -32768 -32768 -32768 -32768 -32768 -32768 -32768 1 -32768 -32768 5 4 15 42 69 125 171 170 162 144 140 136 138 151 146 148 158 165 231 207 202 248 226 233 234 240 243 253 259 269 280 292 302 312 322 332 342 352 359 363 363 359 350 338 327 313 302 293 286 282 279 278 277 276 276 274 274 273 272 271 270 270 270 270
-32768 -32768 -32768 -32768 -32768 -32768 -32768 -32768 -32768 -32768 -32768 -32768 2 3 3 17 64 110 156 170 168 159 152 146 113 145 137 145 145 182 192 199 237 240 211 207 242 241 248 256 250 247 263 277 301 324 336 348 359 371 384 390 390 389 383 371 356 340 325 314 305 297 291 287 285 283 281 279 278 276 275 273 272 272 271 270
-32768 -32768 -32768 -32768 -32768 -32768 -32768 -32768 -32768 -32768 -32768 -32768 -32768 4 4 8 41 93 100 167 171 160 162 153 139 141 123 127 137 149 201 203 232 202 180 215 235 237 246 248 240 232 217 224 281 328 349 364 378 391 405 418 425 423 417 404 388 370 353 335 321 311 303 298 293 289 286 284 282 280 278 276 274 273 272 271
-32768 -32768 -32768 -32768 -32768 -32768 -32768 -32768 -32768 -32768 -32768 -32768 -32768 -32768 4 3 15 47 89 165 158 162 162 152 141 130 136 126 127 136 154 213 215 195 169 193 228 224 234 232 223 221 183 151 216 297 339 378 396 415 433 445 453 457 451 440 423 400 377 355 336 323 314 306 301 296 293 289 286 283 281 279 276 275 273 271
-32768 -32768 -32768 -32768 -32768 -32768 -32768 -32768 -32768 -32768 -32768 -32768 -32768 -32768 -32768 3 5 35 67 165 135 165 159 149 140 139 130 133 135 134 143 149 211 214 174 195 218 211 205 210 218 212 196 162 193 292 356 392 416 440 463 481 491 489 482 468 450 425 398 372 348 334 325 317 310 304 299 294 290 287 284 281 278 276 274 272
-32768 -32768 -32768 -32768 -32768 -32768 -32768 -32768 -32768 -32768 -32768 -32768 -32768 -32768 -32768 3 2 7 46 109 93 153 154 145 140 140 144 147 133 123 137 152 158 195 195 203 206 203 206 210 207 208 205 162 140 277 373 404 437 467 494 515 528 535 524 503 477 450 422 394 367 350 337 327 318 311 304 299 294 290 286 283 280 278 275 272
-32768 -32768 -32768 -32768 -32768 -32768 -32768 -32768 -32768 -32768 -32768 -32768 -32768 -32768 -32768 -32768 2 2 16 34 97 156 155 151 147 144 146 152 146 123 123 155 158 160 179 184 185 199 180 197 190 185 145 144 125 140 358 416 454 503 543 561 579 595 569 536 507 475 443 413 387 366 350 336 326 316 309 303 297 293 289 285 282 279 276 273
-32768 -32768 -32768 -32768 -32768 -32768 -32768 -32768 -32768 -32768 -32768 -32768 -32768 -32768 -32768 -32768 2 2 3 34 124 164 157 164 156 147 148 155 158 147 112 149 148 160 160 164 176 168 173 182 204 159 149 139 138 106 181 354 440 522 626 697 713 663 625 571 529 502 460 430 403 379 360 344 332 321 313 306 300 295 291 287 284 281 277 274
-32768 -32768 -32768 -32768 -32768 -32768 -32768 -32768 -32768 -32768 -32768 -32768 -32768 -32768 -32768 -32768 -32768 2 2 10 41 116 116 165 167 151 152 152 157 171 165 163 160 143 157 155 162 150 154 154 172 156 147 143 146 134 106 117 189 279 609 783 729 747 721 667 584 528 478 444 414 388 367 350 336 324 315 308 302 297 293 289 285 282 279 275
-32768 -32768 -32768 -32768 -32768 -32768 -32768 -32768 -32768 -32768 -32768 -32768 -32768 -32768 -32768 -32768 -32768 -32768 2 2 12 48 126 130 168 157 163 157 160 179 178 170 153 155 154 152 152 159 163 159 160 160 156 153 145 142 126 138 138 139 332 418 639 794 748 696 592 562 497 461 425 394 370 352 337 325 316 309 303 298 294 290 287 284 280 277
-32768 -32768 -32768 -32768 -32768 -32768 -32768 -32768 -32768 -32768 -32768 -32768 -32768 -32768 -32768 -32768 -32768 -32768 1 1 10 35 51 125 165 163 171 179 178 175 173 173 166 152 150 161 155 154 149 158 166 165 162 160 156 140 145 139 148 144 154 138 164 423 538 580 610 562 520 474 434 398 369 351 338 324 315 308 302 298 295 291 288 285 282 278
