_episodes_rmd/data/big_extent/bio16.asc
NCOLS 660 
NROWS 720 
XLLCORNER -130 
YLLCORNER -60 
CELLSIZE 0.166666666666667 
NODATA_value -32768 
[rows 330 to 362 of 720, columns 304 to 379 of 660]
-32768 -32768 -32768 -32768 -32768 -32768 -32768 -32768 -32768 -32768 -32768 2118 2137 2166 2160 2145 2000 1437 1002 792 607 702 756 673 660 757 626 549 655 557 373 294 310 498 639 902 1437 1731 1771 1367 1069 954 932 900 854 811 760 701 710 745 831 909 964 1002 1025 1044 1063 1086 1105 1128 1145 1160 1169 1173 1179 1187 1196 1205 1217 1239 1262 1367 1374 1436 1453 1437
-32768 -32768 -32768 -32768 -32768 -32768 -32768 -32768 -32768 -32768 -32768 2138 2131 2076 1985 1900 1507 943 759 602 509 665 825 652 621 668 519 510 569 446 255 293 367 580 869 1366 1881 1697 1393 1142 1054 980 932 893 857 826 789 749 723 794 900 980 1022 1043 1060 1073 1084 1102 1119 1136 1149 1158 1173 1182 1189 1202 1217 1237 1262 1295 1317 1326 1334 1403 1453 1446
-32768 -32768 -32768 -32768 -32768 -32768 -32768 -32768 -32768 -32768 -32768 2188 2151 2047 1897 1719 1472 732 550 440 470 680 777 619 578 595 473 445 480 470 256 297 420 619 1031 1754 1906 1437 1181 1104 1071 1008 942 897 874 859 856 886 909 938 1032 1080 1093 1093 1093 1105 1110 1116 1125 1138 1157 1167 1174 1183 1200 1213 1229 1252 1288 1335 1361 1363 1361 1412 1452 1416
-32768 -32768 -32768 -32768 -32768 -32768 -32768 -32768 -32768 -32768 -32768 2262 2213 2102 1901 1628 1119 575 543 399 484 653 611 524 587 559 497 471 498 439 341 392 621 890 1525 1840 1567 1193 1129 1122 1115 1033 949 911 912 906 919 949 971 1006 1073 1114 1119 1118 1112 1113 1117 1123 1134 1140 1153 1166 1175 1193 1202 1213 1229 1255 1294 1343 1381 1398 1407 1426 1399 1366
-32768 -32768 -32768 -32768 -32768 -32768 -32768 -32768 -32768 -32768 2335 2357 2362 2248 1945 1516 821 604 460 460 606 630 575 492 617 559 494 517 579 467 416 503 890 1436 1829 1451 1203 1132 1120 1121 1141 1070 973 943 950 943 947 955 973 1006 1054 1089 1101 1107 1117 1125 1141 1144 1149 1154 1162 1171 1183 1188 1194 1207 1223 1248 1285 1338 1399 1425 1406 1388 1362 1359
-32768 -32768 -32768 -32768 -32768 -32768 -32768 -32768 -32768 -32768 2388 2455 2493 2442 2042 1307 628 551 401 532 510 563 460 611 635 549 534 621 610 396 513 565 977 1666 1330 1161 1044 1041 1072 1056 1046 1021 977 960 965 950 949 947 950 974 1022 1061 1096 1110 1130 1138 1145 1151 1159 1164 1166 1171 1176 1183 1191 1200 1211 1226 1256 1310 1419 1457 1412 1382 1357 1363
-32768 -32768 -32768 -32768 -32768 -32768 -32768 -32768 -32768 -32768 -32768 2528 2566 2483 1955 881 514 429 438 524 548 545 587 688 615 559 589 736 540 428 550 662 1397 1404 1172 1055 993 983 983 924 960 982 966 977 966 967 963 958 948 970 1016 1056 1086 1109 1124 1135 1146 1152 1158 1162 1166 1170 1174 1177 1185 1190 1195 1200 1216 1276 1385 1432 1397 1379 1367 1373
-32768 -32768 -32768 -32768 -32768 -32768 -32768 -32768 -32768 -32768 -32768 -32768 2557 2418 1477 530 398 357 430 600 687 610 855 764 625 591 689 715 388 528 559 735 1416 1233 1062 1034 991 994 978 942 945 958 965 988 987 984 978 969 976 996 1030 1059 1083 1103 1122 1133 1143 1151 1153 1160 1165 1171 1176 1180 1184 1187 1190 1192 1203 1259 1328 1373 1386 1376 1368 1375
-32768 -32768 -32768 -32768 -32768 -32768 -32768 -32768 -32768 -32768 -32768 2471 2479 2162 1004 529 442 325 422 621 706 744 935 849 863 620 760 627 450 504 582 991 1222 982 983 1008 1011 1014 995 972 968 969 985 1000 994 997 991 1002 1005 1015 1034 1058 1081 1099 1116 1130 1137 1147 1159 1169 1175 1184 1189 1192 1194 1196 1199 1203 1218 1252 1299 1354 1371 1363 1358 1361
-32768 -32768 -32768 -32768 -32768 -32768 -32768 -32768 -32768 -32768 -32768 2372 2322 1832 823 752 546 399 454 705 708 835 909 911 764 615 681 584 485 615 810 1108 1122 1022 963 1005 1042 1025 1018 1008 992 985 1002 1019 1022 1019 1026 1026 1033 1043 1052 1068 1084 1109 1121 1127 1140 1160 1170 1174 1187 1190 1195 1200 1204 1210 1216 1224 1238 1259 1288 1329 1344 1341 1342 1345
-32768 -32768 -32768 -32768 -32768 -32768 -32768 -32768 -32768 -32768 2289 2338 2224 1696 933 877 662 512 528 714 685 757 884 877 583 487 563 507 602 738 930 1128 1220 1106 971 1022 1074 1044 1030 1025 1018 1023 1025 1025 1022 1022 1028 1038 1044 1055 1069 1085 1101 1110 1114 1130 1153 1161 1172 1182 1191 1193 1200 1208 1216 1223 1232 1246 1259 1276 1288 1296 1302 1310 1321 1334
-32768 -32768 -32768 -32768 -32768 -32768 1512 -32768 -32768 2040 2220 2450 2591 1549 1123 930 744 628 636 704 677 678 751 737 532 545 532 514 599 758 943 1121 1217 1060 965 986 1042 1068 1058 1053 1035 1026 1029 1025 1026 1031 1031 1038 1045 1055 1074 1094 1109 1121 1120 1143 1155 1165 1172 1180 1188 1197 1205 1213 1223 1233 1247 1266 1283 1296 1296 1272 1261 1279 1300 1318
-32768 -32768 -32768 -32768 -32768 -32768 1483 -32768 -32768 1983 2136 2466 2787 1952 1124 954 785 703 628 640 621 596 677 630 534 566 526 519 615 819 991 1101 1179 1010 951 991 1045 1049 1040 1041 1033 1028 1018 1019 1021 1023 1030 1040 1048 1062 1071 1085 1116 1126 1124 1148 1158 1163 1171 1179 1186 1193 1203 1217 1229 1245 1263 1283 1304 1321 1321 1263 1233 1260 1284 1304
-32768 -32768 -32768 -32768 -32768 -32768 1380 1396 1571 1838 1994 2208 1979 1569 1112 937 750 688 575 526 531 574 609 612 561 552 535 542 622 896 1075 1122 1132 1036 984 990 1019 1025 1021 1019 1016 1012 1012 1019 1029 1037 1042 1049 1056 1064 1073 1086 1112 1113 1136 1148 1154 1163 1171 1178 1184 1194 1209 1219 1233 1251 1269 1292 1317 1341 1340 1287 1256 1263 1277 1290
-32768 -32768 -32768 -32768 1237 1291 1341 1374 1426 1728 1731 1579 1347 1283 1187 910 807 668 569 506 521 544 569 533 511 554 522 557 690 964 1145 1139 1058 1019 976 968 979 991 995 1000 999 1008 1018 1026 1037 1041 1048 1056 1068 1083 1094 1101 1115 1126 1137 1145 1154 1161 1165 1187 1193 1202 1207 1219 1233 1250 1271 1294 1317 1335 1333 1305 1283 1270 1268 1275
-32768 -32768 -32768 -32768 1221 1287 1344 1365 1392 1493 1318 1257 1260 1233 1083 901 869 611 569 525 511 527 472 529 579 528 539 634 772 945 1078 1080 1009 978 944 937 941 951 969 991 992 998 1006 1012 1025 1035 1043 1049 1062 1074 1094 1112 1111 1122 1132 1145 1151 1156 1171 1177 1184 1196 1203 1214 1226 1244 1264 1284 1302 1312 1310 1297 1281 1263 1253 1253
-32768 -32768 -32768 1119 1205 1325 1406 1429 1393 1313 1144 1217 1236 1097 890 920 800 610 510 553 543 425 434 635 566 535 619 674 774 890 972 986 951 929 912 906 914 930 957 963 968 984 997 1004 1016 1026 1037 1049 1062 1070 1085 1093 1104 1116 1129 1136 1145 1164 1167 1172 1180 1190 1203 1204 1216 1232 1257 1269 1282 1286 1281 1270 1253 1236 1226 1222
-32768 -32768 -32768 1120 1211 1386 1511 1524 1395 1121 997 1062 1058 785 852 906 565 482 543 556 471 407 589 644 566 654 763 736 792 861 911 922 901 892 884 884 894 914 936 946 961 972 983 999 1016 1030 1037 1056 1090 1101 1084 1099 1111 1120 1129 1138 1155 1161 1164 1168 1171 1179 1185 1189 1201 1219 1246 1257 1262 1263 1253 1237 1218 1199 1187 1183
-32768 -32768 -32768 893 1283 1468 1666 1671 1403 1002 867 889 731 639 795 634 592 539 523 462 495 542 635 630 814 1073 945 855 844 865 884 886 871 870 867 871 883 899 916 932 951 969 980 992 1011 1030 1043 1062 1083 1072 1082 1094 1105 1120 1137 1147 1154 1157 1159 1161 1160 1160 1163 1170 1183 1204 1232 1247 1245 1239 1226 1206 1183 1158 1149 1147
-32768 784 851 963 1230 1539 1834 1837 1352 952 809 762 613 677 714 548 503 585 666 632 641 701 792 737 1086 1105 1003 927 892 883 881 875 862 860 860 866 877 892 909 926 946 961 981 992 1011 1028 1049 1059 1083 1073 1082 1097 1109 1127 1139 1144 1147 1152 1153 1150 1147 1144 1143 1147 1162 1186 1209 1226 1231 1218 1200 1177 1151 1129 1118 1113
-32768 776 870 1013 1236 1526 1749 1678 1278 931 769 641 641 717 613 625 556 665 802 838 884 990 1292 1083 1162 1061 1005 955 921 901 888 876 863 861 862 869 879 892 911 923 940 956 972 992 1006 1021 1035 1054 1063 1075 1084 1096 1107 1120 1133 1146 1152 1155 1155 1147 1138 1129 1119 1120 1142 1178 1216 1232 1218 1200 1180 1152 1128 1117 1108 1082
-32768 -32768 937 1022 1181 1410 1610 1644 1205 872 671 643 584 626 760 623 821 809 890 967 1163 1221 1230 1198 1133 1056 1002 965 937 915 899 884 872 868 870 874 885 897 940 930 939 954 967 983 996 1013 1026 1039 1058 1080 1078 1090 1102 1116 1129 1141 1150 1155 1152 1140 1132 1119 1103 1099 1121 1169 1219 1237 1214 1187 1158 1131 1107 1095 1087 1051
-32768 814 887 957 1082 1242 1545 1117 769 606 567 537 488 615 840 771 1113 1043 1195 1260 1301 1221 1195 1148 1091 1038 996 965 945 926 910 897 884 881 882 885 892 902 923 932 943 952 969 980 991 1004 1017 1039 1048 1060 1073 1080 1095 1109 1124 1139 1149 1147 1144 1137 1129 1116 1102 1099 1120 1159 1194 1205 1189 1166 1139 1102 1069 1040 1012 991
729 818 856 862 1016 1144 1156 716 511 432 404 416 488 625 860 1142 1402 1302 1323 1314 1276 1212 1157 1100 1045 1006 981 961 949 936 923 912 900 892 894 898 902 910 920 956 945 951 967 976 987 1001 1011 1022 1034 1049 1070 1070 1087 1100 1123 1132 1139 1137 1142 1141 1136 1125 1113 1115 1128 1149 1167 1170 1159 1136 1119 1075 1029 988 961 966
817 979 1007 936 1035 908 641 463 428 353 334 411 533 708 902 1224 1334 1322 1302 1282 1234 1171 1108 1046 989 969 963 958 954 948 938 928 916 907 907 911 914 919 928 959 951 952 964 970 979 997 1006 1014 1024 1034 1049 1061 1071 1089 1103 1115 1123 1133 1140 1146 1143 1134 1123 1125 1131 1139 1144 1139 1124 1099 1072 1038 999 970 957 994
926 1025 1011 931 794 671 514 367 397 323 338 407 544 857 1105 1126 1180 1251 1269 1239 1185 1124 1058 995 937 934 950 958 960 962 954 945 934 922 921 923 929 933 951 948 951 955 959 968 977 985 997 1004 1013 1021 1037 1069 1055 1068 1079 1095 1108 1119 1131 1142 1153 1143 1128 1129 1132 1134 1127 1115 1094 1065 1031 997 973 960 965 994
1090 1078 979 861 732 554 400 274 292 316 372 482 745 989 1045 1069 1134 1207 1211 1174 1127 1078 1020 969 929 930 951 967 977 978 973 964 951 938 933 933 951 956 955 958 955 953 958 967 970 977 983 991 999 1005 1014 1045 1035 1044 1054 1067 1084 1099 1114 1132 1149 1139 1126 1129 1132 1131 1121 1097 1066 1034 999 966 942 944 965 1005
1237 1224 1038 910 702 509 348 215 240 312 398 618 859 906 979 1058 1138 1169 1144 1104 1082 1040 997 959 936 936 962 985 1000 1002 994 982 969 954 944 942 952 956 953 969 952 955 955 964 966 968 971 974 981 984 992 1003 1007 1020 1029 1042 1058 1073 1092 1107 1114 1112 1113 1122 1134 1134 1120 1088 1048 1011 975 940 921 920 946 981
1398 1484 1068 900 682 480 359 338 316 353 683 890 889 938 1000 1064 1111 1118 1088 1051 1032 1008 978 950 943 952 978 1009 1030 1027 1013 995 981 964 954 948 948 955 955 965 953 948 956 959 961 962 960 961 962 964 967 987 984 996 1010 1023 1038 1052 1065 1078 1091 1101 1107 1121 1137 1146 1135 1086 1031 995 962 929 908 906 916 943
1590 1749 1318 987 630 364 367 359 368 399 889 972 974 1013 1080 1102 1098 1082 1040 1016 990 971 954 936 935 960 998 1042 1061 1048 1026 1005 987 969 957 951 948 952 954 956 949 950 950 954 951 951 950 947 943 944 960 968 966 976 993 1009 1023 1035 1049 1062 1075 1088 1101 1119 1139 1157 1159 1102 1035 993 958 926 902 893 898 908
1654 1642 1367 963 500 336 328 401 446 483 865 1132 1012 1083 1139 1107 1064 1036 997 977 967 950 928 916 922 965 1022 1061 1078 1053 1028 1005 986 969 955 949 948 950 949 950 952 957 947 948 948 944 938 933 933 935 938 946 948 954 969 993 1014 1017 1029 1043 1060 1076 1095 1115 1134 1152 1155 1114 1054 1004 964 930 899 879 886 896
1527 1404 1210 799 503 450 388 434 457 742 972 1224 1032 1081 1096 1060 1017 992 968 951 940 931 918 911 929 972 1030 1061 1051 1039 1017 994 975 960 948 940 937 943 944 949 959 954 945 944 937 932 928 927 925 923 923 925 927 933 942 957 975 988 1009 1019 1040 1062 1083 1103 1121 1131 1128 1099 1053 1010 972 937 908 890 890 893
1450 1190 1069 738 464 425 367 398 547 731 1076 1204 1028 1032 1021 1001 971 960 944 934 921 909 905 906 931 969 1007 1028 1024 1011 996 978 961 946 935 929 926 929 932 942 957 954 942 935 927 924 922 921 917 919 921 925 928 931 935 942 956 973 995 1017 1035 1050 1069 1087 1100 1106 1101 1080 1048 1013 978 949 924 906 901 897
