_episodes_rmd/data/big_extent/bio12.asc
NCOLS 660 
NROWS 720 
XLLCORNER -130 
YLLCORNER -60 
CELLSIZE 0.166666666666667 
NODATA_value -32768 
[rows 0 to 32 of 720, columns 150 to 224 of 660]
399 401 404 402 403 403 407 408 411 403 401 400 395 391 387 384 380 377 369 372 372 368 368 362 363 361 360 361 360 360 360 363 368 372 373 378 379 380 384 384 384 385 387 389 390 390 388 389 391 389 389 388 385 388 385 384 381 378 378 377 374 374 -32768 -32768 -32768 -32768 -32768 -32768 -32768 -32768 -32768 -32768 -32768 -32768 -32768
404 412 414 412 411 411 414 417 418 415 414 411 406 403 398 392 391 388 391 386 378 373 371 370 369 369 368 368 367 367 369 373 372 377 380 381 384 389 391 393 393 394 393 398 399 399 397 397 397 394 393 395 393 392 390 388 387 386 384 383 379 378 -32768 -32768 -32768 -32768 -32768 -32768 -32768 -32768 -32768 -32768 -32768 -32768 -32768
411 415 417 417 417 420 422 422 424 425 425 423 417 409 406 404 402 399 396 390 386 383 378 376 378 375 377 376 377 377 379 380 380 385 388 393 393 396 399 399 400 402 402 402 404 404 403 403 402 400 398 398 401 397 394 393 392 391 390 389 384 383 -32768 -32768 -32768 -32768 -32768 -32768 -32768 -32768 -32768 -32768 -32768 -32768 -32768
414 419 425 424 427 429 431 433 434 434 431 430 424 423 420 414 411 406 402 396 394 393 394 392 390 384 385 383 381 384 387 387 390 390 397 401 402 401 404 408 408 408 407 407 414 416 415 412 409 405 404 401 400 401 399 399 397 396 395 392 390 391 -32768 -32768 -32768 -32768 -32768 -32768 -32768 -32768 -32768 -32768 -32768 -32768 -32768
417 426 427 433 437 440 442 442 443 444 440 439 436 432 429 423 419 412 409 406 402 397 401 399 398 400 398 398 397 398 396 396 397 398 405 408 408 408 407 412 416 416 416 416 417 417 418 417 416 414 414 412 411 407 407 406 405 403 400 398 397 396 -32768 -32768 -32768 -32768 -32768 -32768 -32768 -32768 -32768 -32768 -32768 -32768 -32768
426 430 435 439 446 452 455 458 455 453 449 447 446 443 433 428 422 419 414 410 409 408 408 406 401 401 401 402 401 401 402 403 403 406 409 410 412 413 416 420 422 421 421 420 420 422 423 422 420 420 418 416 416 415 413 411 409 407 407 407 403 401 -32768 -32768 -32768 -32768 -32768 -32768 -32768 -32768 -32768 -32768 -32768 -32768 -32768
436 441 448 452 456 458 462 468 468 467 464 459 452 444 440 436 429 424 421 413 411 412 412 409 406 406 405 406 407 407 408 412 413 413 416 415 419 422 423 426 429 427 427 428 428 428 429 430 426 425 424 421 419 418 419 417 414 413 412 409 406 405 405 -32768 -32768 -32768 -32768 -32768 -32768 -32768 -32768 -32768 -32768 -32768 -32768
447 451 460 464 466 470 473 476 478 475 471 466 462 454 446 442 437 431 424 422 421 420 419 416 415 416 416 419 420 415 419 421 421 421 422 426 428 430 430 433 435 435 434 436 439 442 441 439 437 432 430 428 427 426 425 422 422 421 417 413 412 410 411 414 418 418 418 415 412 412 411 411 -32768 -32768 -32768
457 463 468 473 481 484 487 487 489 489 484 475 468 465 460 450 443 436 431 428 423 422 422 421 423 425 426 429 428 426 422 425 428 430 431 439 441 440 439 438 441 443 443 446 453 452 452 452 448 443 437 435 432 431 429 427 426 425 424 424 422 421 421 421 421 421 421 422 420 418 416 415 -32768 -32768 -32768
463 470 477 484 495 503 507 511 500 494 489 482 474 469 465 460 454 444 439 439 433 431 430 426 436 437 435 437 436 434 435 435 439 446 447 452 455 451 451 452 450 452 460 460 458 458 455 456 452 451 449 443 442 439 435 433 432 430 430 429 428 428 426 424 423 426 426 426 426 423 422 419 -32768 -32768 -32768
472 480 487 497 504 510 512 517 509 505 497 489 485 478 471 467 458 453 442 436 436 434 433 436 440 442 443 444 447 447 449 448 452 459 461 462 461 461 463 462 460 465 469 472 468 463 459 458 459 459 458 455 454 446 446 445 442 441 438 436 435 433 432 431 430 431 433 433 431 431 425 424 424 -32768 -32768
484 494 495 500 506 514 516 518 515 509 503 498 490 483 476 473 460 448 441 437 437 437 438 440 443 443 444 449 450 453 452 452 458 462 462 464 466 468 468 466 469 473 473 474 473 470 468 465 467 467 462 463 460 459 454 450 449 450 448 445 443 439 435 436 436 436 434 434 434 431 431 429 428 428 -32768
490 498 500 507 512 513 516 517 515 511 509 503 497 486 479 469 458 452 446 440 439 442 445 449 451 451 452 452 455 458 460 462 459 468 471 472 472 473 474 477 480 482 483 482 478 477 474 473 472 471 474 471 465 465 461 458 456 456 454 453 449 445 442 441 442 440 440 438 437 436 435 434 433 432 -32768
493 496 502 507 511 515 517 518 520 516 510 505 501 486 479 471 463 459 451 449 447 448 450 453 453 453 457 457 460 461 464 465 474 476 480 485 485 486 483 484 487 487 484 486 484 483 479 477 476 476 475 471 468 468 466 462 460 458 458 459 457 454 450 448 446 448 445 443 442 439 439 439 436 434 437
493 496 500 508 509 513 520 520 520 517 511 503 496 490 480 474 470 466 460 454 452 456 457 458 458 460 459 460 462 467 468 470 477 478 486 490 492 491 489 491 487 492 493 491 488 486 485 482 482 478 474 470 468 468 467 466 466 463 466 465 464 463 456 454 452 448 447 448 447 447 447 445 441 439 439
495 498 503 508 511 515 518 520 519 514 510 504 495 491 485 480 476 471 469 467 466 464 464 462 460 464 465 462 465 468 471 476 483 487 492 497 500 500 501 498 499 499 494 493 489 489 487 485 487 483 476 474 471 470 471 467 466 466 467 468 472 469 463 461 455 454 452 451 451 450 450 450 447 446 443
498 502 509 512 513 512 513 518 515 513 505 502 499 495 489 485 481 474 474 473 473 472 471 468 468 469 470 466 467 474 479 481 481 491 497 504 505 507 509 505 503 506 502 498 495 493 492 490 488 487 480 477 474 474 472 473 473 472 471 470 471 470 471 467 463 459 457 456 457 456 455 454 453 452 450
501 503 507 512 512 514 513 511 512 515 511 508 506 500 493 489 488 487 486 484 480 478 476 474 474 470 472 470 470 476 478 482 484 493 503 509 515 516 516 514 512 512 505 500 500 498 499 500 490 486 485 482 480 478 476 475 473 471 471 473 476 475 474 474 466 463 461 461 460 460 460 460 456 456 454
503 502 504 507 510 512 513 509 512 509 510 505 507 506 500 496 493 492 490 491 490 486 482 476 477 474 473 473 470 472 474 478 485 493 503 517 527 524 526 527 519 513 509 508 508 505 504 501 496 491 489 485 485 481 479 477 477 478 477 477 476 476 472 472 468 463 463 463 461 461 462 463 461 461 458
504 508 506 508 509 513 512 513 513 512 513 506 508 507 501 499 498 499 496 494 495 494 491 485 481 478 477 475 473 472 475 475 482 495 506 522 532 532 527 524 521 519 517 513 513 511 506 500 500 496 493 487 484 482 480 478 480 478 479 477 473 474 471 467 470 466 468 468 467 468 467 466 467 464 466
509 510 511 506 508 512 514 516 516 513 509 510 508 507 503 506 508 505 501 500 499 494 495 491 488 481 483 478 475 476 473 473 479 490 505 516 525 528 527 526 525 521 518 519 512 507 503 499 499 497 492 488 487 484 483 480 478 473 473 472 471 471 468 466 469 470 468 472 471 475 472 472 470 471 474
508 510 509 511 515 514 516 520 521 516 509 507 511 516 514 513 510 508 505 505 505 503 497 497 489 485 483 480 476 474 479 478 479 489 500 514 522 526 526 524 524 520 521 519 514 507 507 506 501 496 493 491 487 484 485 484 478 476 473 475 474 473 470 471 471 473 474 475 476 478 476 475 476 479 481
505 505 512 515 520 519 516 517 519 518 514 513 516 518 517 515 513 513 509 506 506 504 505 500 496 489 481 480 481 481 479 480 481 490 498 508 515 518 520 519 519 520 521 513 506 504 502 501 496 494 490 488 488 485 484 485 482 480 478 477 477 480 478 480 480 479 477 479 478 480 482 481 482 483 489
505 510 514 520 525 521 514 512 515 518 514 513 517 521 518 514 515 515 510 506 506 506 507 505 501 492 489 486 482 483 479 478 483 488 497 504 507 512 512 515 515 517 511 508 507 502 500 500 493 492 490 490 488 487 489 488 486 486 483 481 481 484 486 486 486 484 484 486 486 485 485 488 488 489 491
506 511 514 516 516 512 513 513 518 519 515 511 515 519 519 517 513 512 506 504 504 501 502 501 498 496 491 486 483 485 486 488 488 488 492 499 500 506 508 510 512 508 511 507 504 500 498 494 492 495 493 493 493 492 491 489 488 490 488 488 487 486 486 489 492 492 492 491 491 494 496 500 500 501 501
500 505 510 509 514 514 515 519 520 518 513 516 519 518 516 518 514 506 504 501 501 498 497 495 493 492 488 486 487 485 485 486 489 489 490 495 497 500 502 504 509 507 504 505 501 497 495 493 494 494 494 493 492 494 491 493 494 494 491 491 492 492 493 492 493 494 495 497 500 503 504 507 509 510 509
509 504 501 505 515 513 514 516 514 517 510 509 510 509 512 516 512 506 507 508 504 500 497 497 493 491 489 490 486 486 486 486 488 489 491 491 496 496 494 498 497 496 499 498 494 495 495 493 494 493 494 493 493 493 496 497 495 495 495 495 496 496 497 495 496 499 501 503 506 508 509 511 511 512 515
506 503 502 502 502 504 505 507 505 507 507 508 510 512 515 512 508 507 499 500 502 498 499 497 493 493 488 486 485 486 486 487 486 486 487 489 490 490 491 491 490 490 488 488 491 494 492 493 492 491 493 492 495 495 496 496 498 498 501 500 499 499 500 502 506 508 508 509 512 514 515 517 521 520 518
499 500 500 503 502 504 503 504 505 503 502 504 504 507 509 508 506 503 496 493 493 494 493 493 489 488 485 488 485 487 487 486 487 487 487 488 488 486 485 486 483 483 483 485 487 485 487 492 492 494 495 496 496 494 497 499 498 503 503 502 506 506 507 509 510 511 513 513 514 516 520 523 524 524 524
496 498 500 501 506 505 504 506 502 501 500 498 497 496 499 500 499 495 490 492 489 490 490 489 491 486 486 488 488 486 487 486 485 485 481 482 480 481 478 478 477 477 476 477 480 482 488 489 489 490 492 494 494 497 500 500 503 507 507 507 510 511 511 513 515 517 517 520 522 524 526 527 528 529 531
496 495 498 502 506 497 497 497 494 491 490 491 490 491 490 490 490 488 486 484 483 485 488 488 486 486 485 483 484 484 481 480 481 480 478 478 477 475 475 470 470 469 470 475 477 482 485 484 487 490 493 495 494 500 501 503 503 504 507 509 512 512 515 518 522 523 524 524 529 531 532 534 537 538 537
499 501 511 531 531 499 492 488 488 486 486 484 483 484 482 482 478 478 476 475 479 482 483 482 483 482 479 479 478 479 478 479 480 478 478 475 474 474 471 465 465 464 466 472 476 479 480 484 487 490 491 494 495 497 498 501 504 505 511 512 515 519 521 521 524 526 528 531 532 536 539 540 541 543 546
503 508 509 503 498 492 485 484 482 485 482 479 479 477 472 472 466 466 468 469 472 474 474 476 477 476 478 477 478 478 478 478 476 477 478 475 473 469 469 465 462 461 463 470 474 479 480 486 487 489 490 493 494 496 498 503 506 509 510 515 519 522 524 526 529 531 536 542 542 541 544 546 550 550 551
