_episodes_rmd/data/big_extent/bio1.asc
NCOLS 660 
NROWS 720 
XLLCORNER -130 
YLLCORNER -60 
CELLSIZE 0.166666666666667 
NODATA_value -32768 
[rows 442 to 475 of 720, columns 456 to 531 of 660]
241 242 238 242 244 245 244 245 246 249 250 251 256 259 261 262 263 263 264 264 262 264 265 264 264 263 262 259 258 258 254 243 243 248 242 252 247 245 242 233 239 242 248 258 256 250 236 234 235 236 237 237 236 234 233 234 234 234 232 231 238 248 249 247 245 242 232 219 215 211 216 231 233 230 227 208
239 238 239 242 243 244 242 243 246 249 248 249 256 259 260 261 262 263 264 263 262 263 263 263 263 262 260 257 256 255 245 240 245 250 250 248 254 252 233 214 228 229 253 258 256 247 236 234 235 234 235 235 235 234 235 232 230 230 232 238 247 248 247 246 244 241 238 226 212 211 216 232 233 237 230 226
233 235 237 241 241 244 240 242 246 248 248 252 257 259 260 261 261 263 263 262 263 263 261 262 262 262 260 259 256 250 249 252 251 250 253 248 251 231 212 222 244 253 257 255 252 243 235 231 232 233 234 234 234 234 234 236 233 234 240 245 247 248 248 245 243 240 237 231 212 216 227 234 233 233 236 240
231 232 236 239 240 242 242 241 247 250 251 254 256 258 259 260 261 262 262 263 263 262 261 260 259 260 259 259 256 251 253 251 249 241 253 247 242 226 221 221 246 254 256 255 251 242 240 237 232 232 232 232 232 232 236 237 238 239 243 245 248 249 247 244 241 233 235 233 215 221 228 225 229 231 235 231
230 230 235 235 236 238 239 240 244 249 251 254 255 258 258 260 261 261 262 263 262 261 261 258 258 259 259 254 247 252 251 247 243 240 251 248 238 232 225 225 249 254 255 254 251 247 242 237 231 230 231 230 233 233 232 236 237 238 239 244 247 246 240 242 241 225 223 231 213 220 226 230 231 230 228 223
227 230 233 232 232 235 237 239 243 248 252 252 255 257 258 259 260 261 262 262 261 261 260 255 255 257 254 244 245 252 250 247 244 240 244 241 227 226 226 230 252 254 253 253 249 237 239 236 228 229 230 232 230 229 234 233 232 234 237 243 246 244 241 244 242 240 229 228 217 222 225 224 223 221 219 221
228 227 227 228 232 239 241 243 244 247 251 253 256 257 258 259 260 261 262 261 260 260 258 253 255 253 242 245 247 251 247 247 246 235 233 227 220 219 220 238 251 252 251 248 235 228 235 232 227 229 230 229 231 232 231 230 229 233 238 242 245 244 245 244 244 242 240 234 215 218 219 216 214 219 222 224
221 223 224 228 233 237 238 241 237 244 251 254 255 257 258 259 259 260 261 260 259 259 258 252 247 241 243 247 249 247 241 247 244 233 228 224 225 223 220 237 248 249 240 241 234 226 231 230 228 229 231 232 228 228 230 228 228 230 231 240 244 243 244 243 245 231 228 237 216 216 216 219 220 220 224 227
223 224 225 226 230 235 237 238 231 244 247 253 255 257 258 259 260 261 260 260 259 258 256 249 241 243 246 249 245 239 242 244 242 240 240 235 233 229 221 241 241 246 228 224 229 227 228 231 230 231 230 228 227 230 230 228 227 228 231 244 244 243 243 243 247 230 238 219 213 209 208 213 209 206 209 217
224 225 225 229 233 236 237 230 224 229 239 253 255 257 258 259 260 260 258 259 258 257 252 242 238 240 244 244 237 238 245 241 243 238 237 235 229 225 215 238 235 237 225 222 224 231 230 226 230 229 225 227 230 234 233 233 231 233 239 245 243 244 245 246 247 240 239 209 215 209 205 208 207 205 209 211
222 223 225 226 232 232 235 234 226 228 245 254 256 258 258 258 259 260 259 257 255 255 250 240 241 244 246 244 244 241 241 236 240 236 229 229 228 220 215 224 230 226 223 222 226 227 235 226 226 224 229 230 234 234 235 236 235 239 245 242 239 244 244 246 246 244 239 213 215 207 208 212 210 212 211 214
220 219 222 226 229 232 232 236 236 242 251 254 256 258 258 258 258 258 258 257 256 251 247 238 241 243 243 243 239 238 232 231 237 230 219 213 218 218 214 217 221 222 226 233 235 235 238 232 232 229 231 232 234 235 236 239 240 243 240 229 236 242 243 244 241 237 232 202 211 208 208 211 213 214 212 215
218 218 224 230 233 235 235 236 238 238 247 253 257 258 258 256 254 256 258 255 256 254 250 241 239 238 240 242 241 236 222 220 224 221 215 209 212 214 213 217 218 219 225 226 226 224 236 239 237 233 230 231 233 234 237 239 239 235 229 225 234 240 241 238 235 226 224 202 206 210 211 212 210 206 210 210
228 220 224 230 232 233 235 236 242 248 252 257 257 257 257 256 256 255 255 255 254 251 250 239 235 237 238 238 240 236 227 219 218 220 217 208 208 213 213 218 217 218 221 217 218 222 234 238 237 235 230 231 234 235 236 234 228 229 221 223 230 237 238 233 228 217 214 205 205 206 219 212 206 206 210 214
231 225 229 231 231 235 238 241 244 249 252 252 254 256 254 251 253 254 251 252 251 247 243 235 233 235 230 234 233 232 223 223 222 220 217 213 209 213 210 214 219 221 224 224 217 222 233 237 238 237 233 231 232 235 232 226 223 222 218 223 230 232 233 229 218 209 209 211 211 212 224 213 209 209 212 216
236 229 230 221 225 232 235 238 244 242 241 252 255 254 254 251 244 247 253 250 241 246 238 233 230 232 228 229 226 223 220 222 223 223 219 216 210 211 211 214 220 228 231 231 219 218 222 228 232 236 236 234 234 234 229 225 223 220 216 220 226 231 228 221 212 207 207 208 213 218 224 213 219 216 214 220
237 231 229 228 224 225 232 238 236 232 228 238 248 252 247 246 244 245 248 247 244 246 239 236 234 236 232 232 228 227 219 221 222 220 217 219 214 214 214 215 213 218 232 232 230 219 219 223 225 231 234 233 233 233 229 225 223 221 218 215 218 229 225 212 207 208 209 213 206 216 225 213 222 228 219 224
235 229 227 230 227 223 234 239 242 241 239 234 238 245 241 240 246 243 245 241 244 245 240 238 237 238 236 231 232 227 223 221 225 224 218 219 217 218 214 217 217 217 228 234 235 231 222 225 227 227 229 231 233 234 229 225 223 219 217 213 218 228 224 208 210 210 211 217 212 226 225 220 223 235 233 228
226 224 224 230 231 233 239 238 236 240 239 238 237 238 238 239 246 235 242 241 236 242 241 239 239 239 235 228 230 232 228 221 222 222 223 222 223 215 208 217 219 218 228 235 236 236 234 227 226 226 231 233 234 231 231 225 220 217 214 214 219 225 218 203 208 209 213 219 219 223 221 236 240 221 216 218
226 225 222 226 230 238 239 240 237 239 236 237 232 235 236 240 243 236 233 239 236 237 242 241 240 241 235 229 229 234 229 223 224 223 225 226 225 217 214 219 220 220 229 235 238 238 237 231 232 228 231 235 233 227 233 228 222 218 214 213 209 221 213 198 206 207 215 218 221 230 235 239 226 214 211 215
231 229 226 221 224 235 239 239 238 238 237 233 230 233 235 239 238 234 234 235 238 239 241 243 241 240 237 229 232 236 231 228 229 226 229 231 229 224 222 223 224 222 229 236 238 237 238 236 237 235 236 234 230 225 230 234 230 219 222 218 221 220 213 205 205 212 219 216 225 221 231 225 218 213 212 215
231 227 227 226 228 227 225 235 233 227 232 231 229 224 222 228 229 232 235 239 242 241 245 244 240 241 241 234 237 236 234 230 234 231 235 235 226 223 225 225 223 233 231 233 237 239 238 230 236 234 230 231 227 226 234 232 231 227 227 224 221 216 214 213 212 217 213 218 220 215 224 214 208 209 214 225
229 228 231 230 227 228 223 222 223 222 224 230 225 223 222 225 228 230 232 236 243 244 246 246 244 242 241 235 239 233 236 235 237 237 239 232 225 225 227 225 219 231 236 236 238 238 237 235 236 230 229 226 221 229 234 235 227 219 213 225 217 214 217 215 219 212 217 217 214 209 212 210 210 207 215 228
234 231 235 229 226 227 227 224 230 231 225 229 230 228 226 226 227 229 232 236 243 244 246 247 246 245 240 240 239 235 238 237 239 241 235 234 229 227 228 221 219 228 236 239 239 238 236 233 231 227 226 220 221 230 233 234 225 210 203 223 222 203 218 218 213 215 217 214 210 207 202 209 212 218 224 230
246 238 234 224 226 226 226 229 233 235 229 228 234 231 227 228 228 230 232 236 241 245 247 247 244 238 236 242 232 232 237 235 239 238 236 238 233 228 227 225 224 234 238 235 239 237 233 225 225 226 224 219 224 233 226 230 229 205 202 220 216 198 215 209 212 216 210 207 210 206 205 205 216 222 224 226
249 247 239 228 223 225 225 229 231 235 233 226 230 235 232 232 233 231 235 238 242 246 248 246 241 236 238 241 227 234 238 238 238 236 237 238 234 229 226 228 224 231 234 236 237 232 229 223 224 225 222 220 228 231 221 219 229 205 208 221 203 196 213 211 212 211 206 206 207 215 226 221 224 214 222 228
249 247 246 242 225 223 224 228 231 236 238 231 229 234 236 237 236 233 231 232 239 243 248 247 243 238 239 238 236 231 238 238 239 234 235 232 227 228 226 228 228 225 232 233 231 223 227 223 222 223 225 226 233 225 219 215 224 214 223 214 195 195 205 208 208 200 202 204 216 223 228 229 227 225 222 221
248 246 243 238 226 224 225 226 230 235 237 237 230 235 238 240 240 238 235 232 235 239 246 248 243 239 245 237 241 237 239 239 238 235 235 229 226 226 229 226 225 225 229 229 221 224 227 222 217 226 225 226 230 222 218 219 228 227 227 218 198 189 192 195 193 206 207 209 214 222 215 232 228 232 227 232
249 248 246 235 230 230 225 225 227 232 234 236 238 238 241 241 241 239 239 242 242 242 245 249 246 243 246 240 243 242 237 235 237 233 232 232 228 227 224 221 220 225 226 227 227 221 224 220 223 227 225 231 230 221 216 221 226 223 225 216 193 192 194 191 202 205 205 207 212 221 225 234 234 234 230 229
248 247 246 240 236 231 225 225 226 228 230 233 236 238 242 242 241 242 239 239 240 245 248 249 248 248 246 245 243 235 224 220 230 225 217 221 219 220 218 219 220 219 215 220 228 219 217 220 222 224 226 232 232 227 220 222 223 222 224 220 198 198 191 201 205 200 197 199 200 202 214 234 236 236 229 222
244 242 238 236 234 230 227 226 226 231 234 233 236 240 242 241 243 242 238 238 243 247 247 248 247 244 240 239 235 228 224 222 220 222 223 215 207 209 209 213 217 217 211 221 227 223 218 223 221 219 226 232 232 230 228 223 221 221 222 219 206 193 192 206 206 202 198 198 198 202 218 231 237 239 234 231
243 239 237 234 238 234 231 230 231 234 236 237 237 236 240 242 241 243 244 242 243 246 244 243 244 243 240 237 233 230 226 223 220 218 215 217 210 205 206 206 211 215 213 217 224 221 215 218 216 221 228 231 231 230 227 225 221 218 219 220 215 193 202 209 208 203 198 201 203 216 232 238 238 241 240 235
244 239 238 234 234 236 235 234 235 239 238 238 237 238 240 241 242 243 243 244 245 243 243 243 242 242 241 236 232 230 228 226 223 219 215 211 214 209 208 211 213 214 210 213 211 218 210 213 212 219 228 230 228 229 224 223 219 214 218 220 214 202 191 207 206 204 207 219 214 223 237 238 235 239 241 233
239 238 239 236 232 232 238 239 237 241 240 237 232 233 237 240 242 242 243 243 242 243 243 241 239 238 238 238 235 232 229 226 225 222 217 210 209 207 206 205 208 211 212 213 210 212 207 204 210 218 226 226 227 229 224 222 221 216 216 220 214 208 188 203 212 213 210 214 222 237 238 232 228 233 222 228
