_episodes_rmd/data/big_extent/bio1.asc
NCOLS 660 
NROWS 720 
XLLCORNER -130 
YLLCORNER -60 
CELLSIZE 0.166666666666667 
NODATA_value -32768 
[rows 0 to 33 of 720, columns 304 to 379 of 660]
-32768 -32768 -32768 -32768 -32768 -32768 -32768 -32768 -32768 -32768 -32768 -72 -72 -72 -73 -74 -74 -74 -74 -75 -74 -75 -76 -75 -75 -75 -76 -75 -75 -76 -76 -76 -76 -75 -75 -76 -77 -77 -77 -76 -74 -71 -71 -72 -72 -72 -74 -73 -73 -71 -69 -68 -67 -66 -65 -65 -63 -61 -61 -32768 -32768 -32768 -32768 -32768 -32768 -32768 -32768 -32768 -32768 -32768 -32768 -32768 -32768 -32768 -32768 -32768
-32768 -32768 -32768 -32768 -32768 -32768 -32768 -32768 -32768 -71 -71 -72 -72 -73 -74 -74 -74 -73 -75 -75 -75 -75 -75 -74 -74 -74 -73 -73 -73 -74 -74 -74 -74 -74 -74 -74 -75 -74 -74 -73 -70 -74 -74 -73 -72 -71 -72 -72 -71 -70 -69 -68 -68 -67 -66 -65 -64 -62 -60 -32768 -32768 -32768 -32768 -32768 -32768 -32768 -32768 -32768 -32768 -32768 -32768 -32768 -32768 -32768 -32768 -32768
-32768 -32768 -32768 -32768 -32768 -32768 -32768 -32768 -71 -71 -71 -71 -72 -72 -72 -73 -73 -73 -74 -74 -74 -74 -73 -73 -74 -74 -73 -73 -72 -72 -72 -72 -72 -72 -73 -73 -73 -73 -72 -69 -73 -74 -73 -71 -70 -71 -71 -71 -70 -69 -69 -69 -68 -67 -66 -64 -63 -61 -60 -32768 -32768 -32768 -32768 -32768 -32768 -32768 -32768 -32768 -32768 -32768 -32768 -32768 -32768 -32768 -32768 -32768
-32768 -32768 -32768 -32768 -32768 -32768 -32768 -32768 -70 -70 -70 -71 -71 -72 -72 -71 -71 -71 -71 -72 -72 -71 -72 -71 -72 -72 -73 -71 -71 -71 -71 -71 -70 -70 -70 -72 -72 -72 -71 -69 -72 -72 -72 -70 -70 -71 -71 -71 -71 -70 -70 -70 -69 -68 -66 -65 -62 -60 -59 -59 -58 -32768 -32768 -32768 -32768 -32768 -32768 -32768 -32768 -32768 -32768 -32768 -32768 -32768 -32768 -32768
-32768 -32768 -32768 -32768 -32768 -70 -70 -70 -70 -70 -70 -71 -71 -71 -71 -71 -71 -71 -71 -71 -70 -71 -72 -71 -70 -70 -70 -71 -72 -72 -73 -72 -71 -70 -69 -69 -69 -69 -69 -69 -70 -71 -71 -70 -69 -71 -71 -71 -70 -70 -69 -69 -69 -67 -66 -64 -62 -60 -59 -59 -58 -32768 -32768 -32768 -32768 -32768 -32768 -32768 -32768 -32768 -32768 -32768 -32768 -32768 -32768 -32768
-32768 -32768 -32768 -70 -32768 -68 -69 -70 -70 -70 -70 -70 -70 -71 -71 -71 -71 -72 -72 -72 -71 -71 -71 -70 -70 -70 -70 -70 -71 -71 -71 -70 -70 -70 -70 -70 -69 -69 -69 -70 -70 -71 -70 -69 -68 -69 -69 -70 -69 -69 -68 -67 -67 -66 -65 -63 -61 -60 -60 -58 -59 -58 -57 -32768 -32768 -32768 -32768 -32768 -32768 -32768 -32768 -32768 -32768 -32768 -32768 -32768
-32768 -32768 -69 -69 -68 -68 -69 -70 -70 -69 -70 -70 -70 -70 -70 -71 -71 -71 -71 -71 -71 -71 -71 -70 -70 -70 -70 -69 -69 -70 -70 -71 -70 -69 -70 -70 -69 -69 -69 -69 -69 -69 -69 -69 -68 -68 -68 -67 -67 -67 -67 -67 -66 -66 -64 -64 -61 -59 -60 -59 -59 -59 -59 -58 -58 -32768 -32768 -32768 -32768 -32768 -32768 -32768 -32768 -32768 -32768 -32768
-32768 -32768 -68 -68 -68 -68 -69 -69 -69 -69 -69 -69 -69 -70 -70 -71 -71 -71 -71 -70 -70 -70 -70 -70 -69 -70 -70 -69 -69 -70 -69 -70 -70 -70 -70 -69 -69 -70 -70 -69 -68 -68 -68 -68 -67 -66 -67 -67 -67 -67 -66 -65 -65 -63 -63 -63 -58 -58 -60 -61 -63 -62 -60 -60 -60 -58 -56 -32768 -32768 -32768 -32768 -32768 -32768 -32768 -32768 -32768
-32768 -32768 -32768 -68 -67 -67 -68 -68 -68 -68 -68 -69 -69 -69 -69 -69 -69 -69 -69 -69 -69 -69 -69 -69 -69 -69 -69 -69 -68 -69 -69 -70 -70 -69 -70 -69 -69 -69 -69 -69 -68 -68 -67 -66 -66 -67 -68 -68 -67 -67 -67 -65 -63 -63 -64 -62 -60 -59 -62 -63 -63 -62 -61 -60 -60 -58 -57 -56 -55 -32768 -32768 -54 -53 -53 -52 -52
-32768 -32768 -32768 -32768 -32768 -66 -67 -67 -67 -67 -68 -68 -68 -68 -68 -68 -69 -69 -69 -69 -69 -70 -69 -69 -68 -68 -68 -68 -69 -68 -69 -68 -68 -68 -68 -68 -68 -68 -67 -67 -68 -68 -67 -67 -66 -66 -67 -68 -66 -64 -64 -65 -66 -65 -61 -59 -61 -61 -63 -64 -64 -62 -61 -61 -59 -58 -58 -57 -55 -55 -53 -53 -53 -53 -54 -54
-32768 -32768 -32768 -32768 -32768 -32768 -32768 -32768 -65 -66 -65 -66 -66 -66 -67 -67 -67 -68 -69 -69 -69 -69 -69 -69 -67 -67 -67 -68 -68 -68 -68 -68 -68 -67 -67 -65 -66 -66 -65 -64 -65 -67 -65 -64 -64 -65 -65 -64 -64 -66 -66 -66 -66 -66 -62 -61 -64 -63 -64 -65 -64 -62 -61 -61 -60 -58 -57 -57 -56 -55 -54 -53 -55 -55 -55 -55
-32768 -32768 -32768 -32768 -32768 -32768 -32768 -63 -32768 -32768 -63 -66 -66 -65 -66 -67 -66 -66 -67 -67 -68 -69 -68 -67 -66 -66 -67 -68 -67 -67 -66 -66 -66 -66 -66 -65 -65 -66 -66 -64 -63 -64 -65 -66 -65 -66 -67 -66 -67 -67 -67 -66 -66 -66 -65 -62 -64 -65 -65 -64 -63 -64 -62 -60 -58 -57 -56 -57 -59 -56 -56 -56 -56 -55 -55 -56
-32768 -32768 -32768 -32768 -32768 -32768 -32768 -32768 -32768 -32768 -32768 -32768 -63 -63 -65 -64 -64 -66 -66 -66 -66 -67 -67 -67 -66 -66 -67 -68 -67 -67 -67 -67 -67 -67 -67 -67 -65 -63 -64 -66 -65 -65 -67 -66 -65 -66 -67 -66 -67 -66 -65 -66 -66 -66 -64 -62 -63 -63 -65 -62 -60 -59 -58 -59 -59 -58 -57 -60 -59 -56 -55 -57 -56 -56 -55 -55
-32768 -32768 -32768 -32768 -32768 -32768 -32768 -32768 -32768 -32768 -32768 -32768 -32768 -60 -64 -65 -64 -65 -64 -64 -64 -64 -65 -66 -66 -66 -66 -67 -67 -66 -66 -66 -66 -66 -65 -64 -63 -64 -64 -65 -67 -66 -66 -65 -66 -66 -66 -65 -66 -66 -65 -65 -64 -64 -62 -62 -63 -60 -60 -59 -59 -62 -62 -62 -60 -58 -58 -60 -60 -57 -56 -53 -56 -57 -57 -57
-32768 -32768 -32768 -60 -60 -32768 -32768 -32768 -32768 -32768 -32768 -32768 -32768 -32768 -59 -63 -65 -64 -64 -65 -65 -65 -64 -65 -65 -65 -64 -65 -65 -65 -64 -64 -63 -64 -65 -65 -66 -67 -65 -65 -66 -66 -66 -66 -66 -65 -65 -65 -64 -64 -65 -64 -63 -60 -58 -57 -57 -59 -59 -57 -60 -59 -61 -62 -62 -59 -59 -60 -61 -59 -58 -54 -54 -56 -57 -58
-32768 -60 -59 -59 -60 -60 -32768 -32768 -32768 -32768 -32768 -32768 -32768 -32768 -57 -59 -64 -63 -64 -64 -63 -64 -64 -64 -65 -64 -64 -63 -63 -62 -62 -64 -64 -64 -65 -66 -66 -66 -66 -66 -65 -65 -65 -66 -66 -65 -64 -65 -65 -64 -63 -61 -60 -61 -60 -61 -57 -60 -58 -59 -56 -60 -62 -61 -61 -59 -57 -58 -60 -59 -59 -54 -55 -56 -58 -58
-32768 -32768 -32768 -32768 -58 -59 -58 -32768 -32768 -32768 -32768 -32768 -32768 -32768 -32768 -57 -60 -65 -63 -63 -63 -63 -63 -62 -62 -61 -61 -61 -61 -63 -63 -62 -64 -64 -64 -65 -65 -65 -66 -66 -65 -65 -64 -64 -62 -59 -59 -62 -62 -61 -60 -59 -62 -64 -62 -61 -61 -59 -60 -61 -57 -61 -61 -61 -59 -58 -58 -56 -59 -59 -58 -58 -53 -56 -57 -57
-32768 -32768 -32768 -57 -32768 -32768 -32768 -56 -32768 -32768 -32768 -32768 -32768 -32768 -32768 -56 -57 -63 -62 -63 -63 -62 -62 -61 -61 -61 -61 -61 -61 -61 -63 -64 -64 -65 -65 -64 -63 -64 -64 -63 -64 -64 -65 -61 -63 -64 -63 -62 -60 -60 -61 -63 -62 -64 -63 -61 -63 -64 -64 -62 -58 -58 -60 -60 -58 -56 -57 -58 -57 -58 -58 -57 -53 -54 -56 -54
-32768 -32768 -32768 -56 -32768 -32768 -32768 -32768 -32768 -32768 -32768 -32768 -32768 -32768 -32768 -54 -56 -61 -61 -61 -61 -61 -61 -61 -62 -62 -63 -63 -63 -62 -61 -62 -63 -63 -63 -63 -62 -62 -61 -61 -61 -62 -63 -63 -62 -62 -61 -58 -62 -62 -62 -63 -62 -64 -62 -61 -62 -63 -64 -61 -60 -55 -58 -60 -59 -58 -55 -55 -56 -56 -56 -55 -55 -57 -56 -57
-55 -32768 -55 -55 -32768 -54 -32768 -32768 -32768 -32768 -32768 -32768 -32768 -32768 -32768 -32768 -54 -60 -61 -60 -60 -60 -59 -60 -60 -60 -60 -61 -61 -61 -60 -60 -59 -60 -60 -60 -60 -60 -61 -62 -63 -62 -61 -60 -61 -61 -61 -61 -59 -62 -62 -62 -62 -63 -63 -62 -62 -63 -64 -59 -57 -53 -55 -56 -58 -57 -54 -54 -53 -55 -55 -55 -55 -56 -56 -55
-55 -55 -32768 -55 -32768 -32768 -32768 -53 -32768 -32768 -32768 -32768 -32768 -32768 -32768 -32768 -54 -58 -58 -58 -59 -59 -59 -59 -60 -60 -59 -59 -58 -59 -59 -60 -59 -58 -58 -57 -58 -60 -60 -59 -60 -59 -60 -60 -60 -62 -63 -62 -59 -58 -60 -61 -62 -63 -62 -61 -61 -60 -59 -60 -55 -58 -59 -56 -53 -57 -54 -56 -55 -56 -56 -55 -55 -56 -56 -56
-55 -55 -54 -54 -53 -32768 -32768 -32768 -32768 -52 -52 -52 -32768 -32768 -32768 -51 -52 -53 -52 -55 -57 -58 -59 -59 -59 -59 -58 -58 -58 -58 -58 -57 -57 -58 -57 -58 -59 -58 -60 -59 -60 -60 -61 -61 -59 -60 -62 -61 -59 -58 -58 -61 -62 -62 -61 -59 -61 -60 -60 -59 -56 -54 -57 -54 -52 -54 -60 -59 -58 -57 -55 -57 -56 -56 -56 -55
-53 -53 -52 -53 -53 -51 -32768 -52 -52 -51 -32768 -32768 -32768 -32768 -32768 -51 -53 -50 -49 -50 -54 -58 -58 -58 -57 -57 -57 -56 -56 -56 -56 -56 -57 -59 -59 -60 -59 -58 -60 -59 -59 -60 -62 -61 -59 -60 -60 -61 -59 -59 -58 -59 -61 -61 -61 -62 -61 -61 -62 -60 -55 -50 -52 -52 -51 -52 -55 -62 -62 -56 -55 -57 -55 -55 -55 -55
-51 -51 -51 -52 -32768 -32768 -32768 -32768 -32768 -32768 -32768 -32768 -32768 -32768 -32768 -51 -53 -50 -49 -53 -55 -56 -57 -56 -55 -56 -57 -57 -56 -55 -54 -54 -55 -59 -59 -58 -57 -57 -57 -57 -57 -58 -58 -58 -57 -59 -60 -61 -60 -59 -57 -58 -59 -61 -63 -62 -63 -61 -59 -58 -59 -57 -50 -51 -52 -52 -52 -54 -58 -58 -54 -55 -54 -56 -56 -55
-50 -50 -51 -49 -32768 -32768 -32768 -32768 -32768 -32768 -32768 -32768 -32768 -32768 -52 -54 -54 -56 -56 -57 -57 -56 -56 -56 -55 -55 -55 -56 -57 -56 -54 -55 -56 -58 -57 -56 -56 -56 -56 -56 -56 -56 -56 -56 -56 -57 -60 -60 -57 -56 -57 -59 -60 -62 -62 -62 -62 -61 -61 -62 -60 -56 -54 -53 -53 -55 -56 -53 -56 -57 -55 -53 -55 -55 -53 -53
-48 -48 -32768 -48 -32768 -32768 -32768 -32768 -32768 -32768 -32768 -32768 -47 -49 -54 -56 -56 -56 -56 -55 -55 -55 -55 -54 -54 -54 -55 -55 -56 -55 -55 -55 -56 -56 -56 -55 -55 -56 -55 -55 -58 -59 -57 -57 -57 -59 -58 -56 -55 -57 -57 -57 -57 -59 -61 -61 -59 -58 -59 -58 -56 -55 -56 -53 -54 -53 -50 -56 -53 -57 -57 -56 -56 -57 -54 -53
-32768 -32768 -32768 -32768 -32768 -32768 -32768 -32768 -32768 -32768 -32768 -46 -49 -53 -54 -54 -55 -54 -54 -54 -54 -55 -54 -54 -54 -54 -54 -55 -55 -54 -54 -54 -55 -55 -54 -54 -54 -55 -56 -57 -59 -60 -58 -57 -57 -56 -56 -56 -59 -59 -58 -60 -60 -59 -60 -60 -60 -60 -58 -57 -56 -55 -54 -55 -55 -53 -51 -49 -54 -53 -52 -54 -55 -58 -54 -55
-32768 -32768 -32768 -32768 -32768 -32768 -32768 -32768 -32768 -45 -48 -50 -52 -52 -51 -52 -53 -53 -53 -54 -54 -54 -53 -53 -53 -53 -52 -53 -54 -54 -55 -53 -54 -54 -53 -53 -55 -57 -57 -57 -58 -57 -57 -56 -56 -55 -55 -55 -56 -57 -57 -57 -57 -57 -57 -56 -56 -56 -54 -56 -56 -57 -56 -56 -54 -51 -53 -54 -51 -58 -54 -51 -52 -53 -54 -54
-32768 -32768 -32768 -32768 -32768 -32768 -32768 -44 -47 -48 -49 -49 -50 -49 -50 -51 -51 -52 -53 -52 -52 -52 -52 -52 -52 -52 -53 -53 -53 -53 -54 -53 -53 -54 -53 -53 -54 -54 -54 -53 -53 -54 -53 -53 -53 -53 -53 -53 -53 -53 -54 -54 -55 -55 -55 -56 -56 -57 -56 -56 -56 -55 -55 -56 -57 -55 -53 -56 -53 -53 -57 -55 -52 -51 -53 -53
-32768 -32768 -32768 -32768 -32768 -43 -45 -47 -47 -48 -49 -49 -48 -48 -49 -49 -50 -49 -50 -51 -51 -50 -50 -51 -50 -50 -50 -52 -52 -53 -53 -53 -53 -54 -54 -53 -52 -52 -52 -52 -52 -52 -52 -52 -52 -52 -52 -53 -53 -53 -53 -54 -56 -56 -55 -55 -56 -57 -56 -55 -55 -56 -56 -57 -56 -55 -55 -55 -56 -55 -56 -56 -57 -50 -50 -50
-41 -41 -42 -43 -43 -44 -44 -45 -47 -48 -49 -48 -48 -48 -47 -47 -47 -48 -50 -50 -50 -50 -51 -51 -49 -50 -49 -49 -50 -52 -53 -52 -52 -52 -51 -51 -51 -51 -51 -51 -51 -51 -51 -51 -51 -52 -52 -52 -53 -54 -53 -54 -56 -55 -55 -53 -54 -54 -55 -56 -56 -56 -56 -57 -56 -54 -54 -54 -53 -54 -54 -56 -54 -53 -49 -49
-41 -41 -42 -42 -43 -42 -43 -43 -45 -46 -47 -47 -47 -47 -48 -48 -47 -46 -48 -49 -50 -49 -49 -49 -49 -49 -49 -50 -50 -50 -50 -49 -50 -50 -50 -50 -50 -50 -50 -50 -50 -50 -50 -51 -51 -51 -51 -52 -52 -52 -53 -52 -54 -55 -54 -53 -54 -53 -53 -53 -53 -53 -53 -54 -55 -54 -53 -54 -53 -52 -52 -52 -54 -52 -51 -49
-39 -39 -39 -41 -42 -43 -43 -43 -43 -44 -43 -44 -45 -45 -46 -46 -47 -45 -45 -47 -48 -48 -48 -48 -47 -47 -47 -48 -49 -49 -49 -48 -49 -50 -50 -49 -50 -50 -50 -50 -49 -49 -50 -50 -50 -50 -50 -50 -50 -51 -52 -51 -50 -52 -54 -52 -52 -52 -53 -52 -51 -51 -52 -52 -53 -53 -53 -53 -52 -51 -51 -52 -52 -52 -50 -46
-37 -37 -38 -40 -40 -41 -42 -42 -42 -43 -42 -41 -42 -42 -43 -43 -43 -43 -43 -44 -45 -44 -43 -44 -45 -45 -45 -47 -47 -47 -47 -48 -49 -49 -49 -48 -48 -48 -48 -48 -49 -48 -48 -48 -48 -48 -48 -48 -49 -50 -52 -52 -52 -51 -51 -51 -50 -50 -51 -51 -50 -50 -50 -50 -50 -50 -51 -51 -50 -50 -50 -50 -50 -49 -48 -48
