_episodes_rmd/data/big_extent/bio13.asc
NCOLS 660 
NROWS 720 
XLLCORNER -130 
YLLCORNER -60 
CELLSIZE 0.166666666666667 
NODATA_value -32768 
[rows 34 to 67 of 720, columns 76 to 151 of 660]
105 106 106 109 108 107 106 106 105 104 103 101 100 98 96 94 93 93 92 91 90 90 89 89 88 88 88 88 87 87 87 87 87 86 86 86 84 82 82 82 82 83 82 82 82 81 81 80 79 79 80 80 81 82 82 82 81 81 81 81 81 81 81 81 81 81 81 80 80 79 79 80 81 81 80 81
106 108 109 110 113 113 111 110 107 105 104 103 101 99 96 94 93 93 92 92 91 91 90 89 88 88 87 87 86 86 85 86 86 85 85 85 84 83 82 82 83 83 83 83 82 81 81 80 78 78 79 80 81 82 82 82 82 81 81 80 80 79 80 80 80 80 79 79 78 78 78 79 79 80 80 79
104 106 110 114 115 114 113 111 108 108 107 105 102 100 97 96 95 94 93 93 93 92 91 90 89 87 86 86 86 85 85 84 84 84 83 83 83 82 82 81 81 82 82 83 82 82 81 80 79 79 79 81 83 83 82 82 82 81 81 80 79 78 78 79 80 80 79 78 77 77 77 77 77 77 77 77
102 105 110 111 111 110 109 109 108 108 107 106 104 102 100 99 97 96 95 94 93 92 92 90 89 87 87 86 85 85 84 83 83 82 82 82 81 80 80 81 80 80 81 82 81 81 80 80 80 80 80 81 82 82 83 82 81 80 80 80 78 77 77 76 78 79 77 76 76 75 75 75 75 75 75 75
100 103 106 107 108 108 108 109 109 108 108 106 105 103 101 100 98 97 96 95 94 93 92 90 89 88 87 86 85 84 84 83 82 81 81 80 80 80 79 79 79 79 80 80 79 79 79 78 78 79 79 80 80 82 82 82 80 79 79 79 78 76 75 75 75 75 75 74 74 74 73 74 74 74 73 73
98 102 104 105 106 107 108 109 109 110 109 108 106 104 103 101 99 97 96 95 94 94 93 91 90 88 87 85 84 83 83 82 81 80 79 79 78 78 77 77 77 78 79 79 78 78 78 78 77 77 77 78 79 80 80 81 81 79 78 77 77 75 74 73 73 73 72 72 72 72 71 72 71 71 71 71
95 100 103 104 105 107 108 108 109 108 108 108 106 105 103 101 100 99 97 96 95 94 93 91 89 87 86 84 83 82 81 81 80 79 78 77 77 77 77 77 78 78 78 78 77 77 77 77 76 75 75 75 76 77 79 79 79 79 78 77 76 74 73 72 71 71 70 70 69 70 69 69 69 69 69 69
92 96 100 102 103 105 107 108 108 107 107 107 106 105 104 103 101 100 98 96 95 93 92 89 87 85 83 82 82 81 80 80 79 78 77 76 77 77 78 78 77 77 77 76 76 75 75 76 74 74 73 73 73 73 74 76 77 77 77 77 75 73 71 70 69 69 68 68 68 68 68 68 68 68 68 68
91 93 96 99 101 103 104 105 105 105 105 105 105 105 104 103 102 100 98 96 93 91 89 87 85 83 82 80 80 79 79 79 78 77 76 76 76 77 78 78 77 76 75 75 74 75 75 74 73 72 71 70 70 70 71 72 73 73 74 74 73 71 69 68 67 67 67 67 66 66 67 67 67 67 67 67
90 92 93 95 98 100 101 102 103 104 104 105 105 105 104 103 101 99 96 94 91 89 87 85 83 82 80 80 79 78 78 77 77 76 75 74 75 76 77 77 76 75 74 73 73 72 73 73 72 71 70 69 69 68 68 69 70 70 70 70 69 67 67 66 66 65 65 65 65 65 66 66 66 66 66 66
88 89 89 92 94 96 98 101 102 102 102 102 103 103 104 102 99 97 94 92 89 86 84 83 81 80 79 78 77 77 76 76 75 75 74 73 73 75 76 75 74 73 73 72 71 71 71 70 70 69 69 68 68 68 68 67 67 67 67 67 66 66 64 64 64 64 64 64 65 66 66 66 65 65 66 67
85 86 87 89 90 92 93 96 97 99 100 101 100 101 101 99 97 94 92 89 86 83 82 80 78 77 76 76 75 75 74 74 74 73 73 71 72 73 73 73 72 71 71 71 70 70 69 68 67 66 66 66 66 66 67 67 67 66 65 64 64 63 63 63 63 63 64 64 65 66 66 66 66 65 65 66
82 83 85 85 86 87 89 92 95 97 99 102 101 96 96 95 93 91 88 86 84 81 79 76 75 74 74 74 73 72 72 72 72 71 71 70 69 70 70 70 70 69 69 69 68 68 67 67 66 64 65 65 64 64 64 65 65 65 64 63 62 62 62 62 62 63 64 65 66 67 67 67 66 66 65 65
80 80 80 83 83 83 89 91 92 94 97 99 99 96 93 90 89 89 87 85 83 81 79 76 74 73 72 71 70 69 69 68 69 69 69 68 68 68 68 68 68 67 67 66 66 66 65 65 64 64 64 63 63 63 63 63 63 63 63 62 62 61 61 61 61 63 64 65 66 67 67 67 67 66 66 65
75 79 80 78 83 84 88 90 91 92 94 95 96 95 93 91 89 88 87 85 83 80 77 74 72 70 69 68 67 66 66 66 65 66 66 66 66 66 66 66 65 64 65 64 64 63 63 63 63 62 62 62 62 63 63 63 62 62 62 62 61 61 61 61 61 63 64 65 66 67 68 69 68 67 66 65
89 79 81 79 83 85 87 88 89 90 91 92 93 93 92 90 89 88 86 84 82 79 76 73 70 68 66 66 65 64 63 63 63 62 62 63 63 64 64 64 64 63 62 61 61 61 61 61 62 61 62 61 61 61 62 62 62 62 62 61 61 61 61 61 62 63 65 66 67 68 70 70 69 68 67 65
105 92 81 76 82 83 83 86 87 89 89 90 90 91 91 91 89 87 86 84 81 78 75 72 70 67 65 63 63 63 64 62 61 61 60 60 61 61 62 62 61 61 61 59 58 59 60 60 60 61 60 61 62 62 61 61 61 62 62 62 61 61 61 61 62 63 65 67 69 70 72 72 70 69 68 66
107 96 87 79 75 79 81 81 87 86 88 90 90 90 90 90 89 88 87 84 81 78 75 73 70 67 65 62 61 61 63 61 60 59 59 59 59 59 60 60 60 60 59 58 56 57 59 60 60 60 60 60 61 61 62 62 62 62 62 62 62 61 61 62 62 63 64 66 68 72 74 73 71 70 69 68
112 104 90 85 75 78 81 80 80 82 82 85 89 88 88 88 88 88 86 84 82 78 75 73 70 67 65 64 63 62 60 59 58 58 57 57 57 58 58 58 59 58 58 57 56 56 59 60 60 60 60 59 60 61 62 62 62 62 63 64 64 63 62 62 62 62 64 65 67 70 73 72 71 71 70 69
122 108 102 88 77 72 76 78 80 81 82 82 86 86 88 88 87 86 85 83 81 78 76 73 71 69 66 65 64 62 60 58 57 56 56 55 55 56 56 57 58 58 57 57 57 58 60 61 60 60 60 59 60 61 63 63 64 65 65 65 64 63 62 61 61 62 63 65 67 69 71 71 71 71 71 70
123 105 102 90 82 71 73 73 76 81 85 84 87 88 90 89 88 86 85 82 80 78 76 74 71 69 67 65 63 61 59 57 56 55 54 54 53 53 54 55 56 56 56 56 57 59 61 61 61 61 61 60 61 62 64 64 66 67 66 65 65 64 62 63 62 63 63 64 66 68 69 70 70 70 70 70
124 115 99 93 85 79 68 72 73 77 81 85 87 88 90 90 88 86 85 83 80 79 77 74 72 70 67 65 63 61 59 58 57 55 54 54 53 53 55 56 56 55 57 58 59 61 62 63 63 63 63 63 63 63 65 66 66 66 66 65 64 64 64 64 64 63 64 65 65 66 68 68 69 69 69 70
121 114 105 98 87 82 75 64 74 73 77 82 86 87 89 90 88 86 85 83 80 78 77 75 74 72 68 67 65 62 60 58 57 56 55 54 54 54 55 55 55 56 57 58 60 61 62 62 63 64 64 64 65 66 68 68 68 67 66 66 66 66 65 65 64 64 64 64 65 65 66 67 68 68 69 69
121 118 109 95 89 83 80 72 66 76 73 82 84 87 87 88 88 86 84 83 80 78 76 75 74 71 69 67 64 62 60 59 57 56 55 55 55 55 55 55 55 57 59 59 60 61 62 62 63 64 65 65 66 67 68 69 68 68 67 66 65 65 65 65 65 65 65 64 65 64 65 66 67 67 68 69
109 112 111 97 91 88 83 77 67 71 76 79 81 86 85 88 89 87 84 83 81 78 76 74 73 71 69 67 64 62 60 59 58 57 56 56 55 55 55 56 56 57 58 59 60 60 61 62 63 64 65 66 67 68 68 68 69 68 68 67 66 65 65 65 64 65 65 66 66 66 64 65 65 66 67 68
111 110 110 100 94 89 85 79 72 65 73 79 83 85 83 87 88 87 84 83 80 77 75 74 73 72 71 67 65 63 61 60 59 58 57 57 56 56 57 56 56 57 58 58 58 59 60 62 63 64 66 67 68 69 69 69 69 69 68 67 65 65 64 64 64 64 65 65 65 66 66 66 65 66 66 67
109 107 109 101 96 92 88 84 74 61 76 81 82 83 82 86 86 85 83 81 79 76 75 75 74 72 70 68 65 64 62 61 60 59 58 58 58 58 57 57 58 58 59 58 59 60 60 62 64 65 68 70 70 69 69 69 68 67 66 64 63 63 63 63 63 64 65 66 66 66 66 67 67 66 66 66
105 104 105 102 98 92 90 86 68 59 75 82 84 82 81 84 85 85 80 77 79 76 74 75 74 72 70 68 66 65 64 63 62 61 60 59 59 58 58 60 61 63 63 63 63 62 63 66 70 71 73 72 69 69 68 67 66 64 63 62 62 62 63 63 63 64 65 66 66 65 65 65 66 66 67 67
108 107 102 99 99 95 89 83 65 59 65 84 91 89 84 82 83 82 78 72 71 72 74 76 74 74 71 69 68 67 66 65 64 62 61 60 59 59 59 61 63 65 67 67 66 65 65 66 68 70 71 69 68 69 68 67 65 66 64 63 62 62 62 62 63 64 65 65 66 65 65 65 65 65 66 67
107 105 105 93 102 97 96 93 80 78 83 79 89 97 85 82 83 81 79 76 73 74 75 75 75 75 73 72 70 69 68 66 65 63 62 61 60 59 58 59 61 62 62 61 61 60 60 61 63 66 68 66 67 68 66 65 65 64 64 64 63 63 62 62 63 64 64 65 65 65 64 64 64 64 65 66
106 106 106 97 93 97 95 95 88 92 91 84 74 86 86 82 81 82 83 84 78 76 76 77 76 77 76 76 75 73 70 68 65 63 63 62 61 59 58 58 59 59 58 57 57 57 57 59 61 63 64 64 64 65 65 64 63 62 63 64 64 64 63 64 65 65 65 65 65 65 65 64 64 64 65 65
103 107 108 106 82 91 96 95 97 95 93 92 67 69 86 82 78 77 82 84 81 80 80 80 79 78 78 77 74 72 71 69 67 64 63 62 61 61 59 59 57 56 55 54 54 54 56 57 59 61 63 62 62 62 62 62 62 62 62 62 63 63 62 62 63 63 64 64 64 64 64 64 64 64 64 64
103 107 108 110 103 88 101 105 104 97 92 94 68 60 76 83 79 72 78 82 83 84 84 81 80 79 77 76 74 72 71 69 65 63 67 66 65 66 60 58 56 54 53 53 53 53 54 55 57 59 62 62 61 61 61 61 61 60 61 63 62 62 61 61 63 63 63 63 63 63 63 63 64 63 63 64
103 107 105 111 113 98 99 105 108 102 98 91 78 76 64 78 83 77 71 77 82 83 84 82 80 77 75 74 72 70 69 66 63 62 61 62 63 62 59 57 56 54 53 52 53 53 54 55 56 58 60 61 61 61 60 60 60 60 60 63 61 61 61 61 62 62 62 62 62 63 63 63 65 65 64 65
