_episodes_rmd/data/big_extent/bio13.asc
NCOLS 660 
NROWS 720 
XLLCORNER -130 
YLLCORNER -60 
CELLSIZE 0.166666666666667 
NODATA_value -32768 
[rows 68 to 101 of 720, columns 76 to 151 of 660]
98 106 106 114 116 107 115 112 107 107 96 93 72 81 72 75 70 78 77 75 77 82 83 84 78 74 72 71 70 69 66 63 61 60 59 58 59 58 58 58 57 55 54 53 52 52 54 55 56 56 55 56 57 58 58 59 59 59 59 60 60 61 60 62 62 61 61 62 62 63 63 63 65 66 67 67
95 105 109 116 116 112 120 120 107 106 82 82 72 80 79 79 69 68 71 76 79 79 81 82 78 75 72 70 69 67 65 62 60 59 58 57 57 57 57 58 58 57 56 55 55 59 62 62 61 60 58 56 55 54 55 57 58 59 59 60 59 59 59 60 61 61 61 62 63 64 65 66 66 67 68 69
92 102 107 113 113 111 118 122 115 116 99 92 80 77 72 81 73 65 66 74 82 79 78 79 80 79 75 71 69 67 65 63 60 59 59 58 57 57 58 59 59 59 60 60 65 74 75 74 71 69 64 60 58 57 56 57 58 60 59 60 59 60 59 58 59 60 61 62 63 64 65 67 68 68 69 70
89 97 105 106 110 112 121 120 117 116 115 97 88 81 75 69 67 68 67 69 78 82 80 78 78 79 80 76 70 67 65 62 59 58 58 59 60 61 63 63 62 64 63 64 71 77 78 77 72 69 66 66 66 63 60 58 57 58 58 59 59 59 58 59 59 59 60 61 62 63 65 67 68 70 70 71
83 98 100 99 109 120 127 130 130 116 114 108 97 84 85 70 63 67 66 67 79 82 80 74 77 79 79 78 71 66 64 61 59 57 58 59 62 64 64 65 64 66 69 68 68 69 70 72 71 69 69 72 75 69 63 61 59 57 58 58 59 58 58 59 59 59 61 62 63 65 67 69 70 71 72 72
76 84 90 96 113 123 129 132 133 132 116 105 107 83 81 69 58 62 62 64 78 75 80 74 77 79 76 79 71 67 64 61 59 58 58 62 66 67 67 71 75 78 76 72 69 67 67 70 70 69 68 69 68 67 65 63 61 58 59 58 58 58 58 59 60 61 61 63 64 66 68 70 70 71 72 74
74 86 93 96 108 112 118 131 137 135 128 108 97 87 69 67 55 58 58 62 82 69 78 73 72 77 75 75 69 66 64 61 59 58 58 62 68 69 73 85 92 87 79 76 72 73 71 74 74 73 70 69 68 66 65 63 61 60 61 60 58 58 58 60 61 61 61 64 66 67 68 69 70 72 73 74
72 81 89 95 108 127 134 142 143 139 130 117 102 87 64 60 54 56 56 58 77 76 76 73 70 72 75 73 68 65 63 61 61 60 61 64 69 73 79 93 100 96 85 78 77 75 75 78 79 76 75 73 71 69 67 65 62 63 62 63 60 58 59 60 60 61 62 64 66 67 68 69 71 72 73 74
72 81 90 102 109 122 131 139 144 139 129 115 100 78 65 68 61 60 56 57 66 73 71 67 70 71 71 73 72 67 62 62 66 64 64 66 73 79 83 90 92 88 83 80 77 75 80 84 87 85 79 76 73 71 68 66 64 65 64 63 60 58 59 60 61 61 62 64 66 67 69 71 70 70 71 72
73 80 90 100 112 121 133 138 136 134 124 111 99 88 69 52 57 54 57 57 67 65 63 57 55 59 63 70 68 67 65 60 62 70 70 70 73 83 86 89 92 88 82 78 76 76 79 83 88 82 80 78 74 70 69 67 66 66 65 64 62 59 60 60 61 61 62 64 66 69 70 70 69 69 70 70
72 78 85 93 106 117 129 135 132 128 117 104 93 77 75 54 56 56 52 49 54 56 51 51 58 53 55 60 63 65 63 60 61 71 74 71 69 77 87 89 93 89 82 77 75 75 83 89 88 86 82 79 73 69 68 68 66 66 65 64 62 61 60 60 61 62 63 64 67 68 67 67 67 67 68 68
69 74 82 84 91 106 118 127 126 128 114 98 84 66 62 63 55 55 56 48 55 52 53 54 54 54 59 58 63 63 59 55 54 61 71 71 65 66 75 82 88 86 88 86 78 75 86 93 93 84 78 75 72 69 68 67 67 66 66 63 60 60 59 60 62 63 63 65 67 67 66 65 66 66 67 67
62 69 72 67 73 88 94 109 121 121 107 91 83 68 60 56 56 61 63 45 51 58 58 57 48 48 50 54 54 59 58 54 52 55 55 69 72 63 66 73 74 74 76 75 73 72 72 72 73 72 71 70 68 67 66 67 68 67 66 64 61 59 59 60 62 63 64 64 66 65 65 66 67 68 67 67
51 47 47 52 65 69 74 87 103 108 100 89 76 65 59 62 58 62 55 44 56 59 59 59 58 66 60 49 59 66 69 58 63 70 54 57 74 73 67 78 73 70 69 69 69 68 66 64 64 66 67 66 65 66 67 68 68 67 65 63 62 61 60 60 61 63 64 64 65 66 69 68 67 70 69 67
60 51 51 63 68 71 74 73 80 91 89 81 82 73 59 58 60 62 54 47 58 62 57 57 61 66 57 51 64 65 65 58 69 67 56 56 70 74 72 72 81 86 84 75 71 69 65 65 65 66 66 67 69 69 69 68 67 65 64 62 62 62 61 61 62 63 64 66 66 66 68 68 67 70 71 70
63 54 53 65 66 72 74 76 75 78 82 81 73 63 58 57 59 61 53 53 57 61 58 61 65 64 56 55 60 66 68 63 56 59 56 58 69 72 83 76 77 91 91 78 73 75 73 71 71 71 70 70 67 65 65 65 64 64 62 62 64 63 65 64 65 64 66 67 67 68 68 69 69 69 71 72
64 60 56 57 65 68 73 76 77 90 90 87 77 76 61 57 60 62 57 53 54 55 60 61 57 57 63 59 58 62 56 55 57 60 57 59 65 75 89 82 74 84 84 75 72 74 80 77 74 73 73 71 67 63 63 65 65 66 61 63 63 65 67 67 67 66 66 66 68 70 70 69 70 69 70 73
62 58 64 55 60 67 68 80 79 89 90 87 83 76 69 58 59 57 55 57 55 57 53 51 57 59 59 58 63 66 53 61 62 59 62 66 65 69 88 89 73 70 70 72 74 75 76 77 79 77 74 69 66 66 67 68 65 63 60 62 63 66 69 68 68 68 67 69 71 70 71 69 69 68 69 72
56 57 55 59 64 63 65 84 96 95 94 91 78 72 68 62 60 58 55 56 52 53 49 50 59 59 64 55 58 56 57 74 72 68 71 76 79 81 85 83 72 81 79 80 84 82 82 80 78 76 72 70 73 70 69 68 67 64 63 62 64 67 68 69 72 71 68 70 73 70 69 67 66 68 68 70
50 56 60 68 67 72 71 77 85 84 79 80 81 73 60 57 57 56 52 50 48 56 50 49 56 58 61 54 53 52 57 63 71 65 74 80 82 83 83 72 72 85 83 86 84 84 84 83 80 75 68 70 71 70 68 68 68 65 66 64 65 68 70 71 71 70 71 70 72 71 68 65 66 68 68 69
90 76 70 69 90 82 90 94 94 91 84 83 79 71 66 58 54 51 52 54 45 49 55 51 54 50 53 51 52 57 64 61 68 63 72 78 77 81 71 72 77 80 81 84 84 87 86 84 81 68 59 64 71 73 64 65 66 66 66 65 65 69 69 68 69 71 73 72 73 68 67 66 65 67 70 70
91 83 71 70 88 87 89 94 94 86 82 84 77 68 60 52 57 54 50 52 44 42 49 52 50 47 49 51 54 58 59 60 66 65 68 76 75 76 74 66 74 74 77 76 80 83 87 84 78 57 53 52 57 63 57 61 70 64 63 64 64 66 65 66 69 70 73 73 71 68 69 66 66 70 71 71
62 67 68 78 85 88 90 93 92 83 83 79 76 67 62 49 51 50 53 48 46 46 43 51 47 49 50 54 57 57 58 62 64 68 65 74 75 72 74 68 66 64 66 71 76 74 77 80 62 48 48 45 37 39 43 55 70 68 64 63 61 62 63 66 68 70 71 70 70 70 70 67 68 71 71 71
58 64 74 87 87 90 92 88 87 85 82 80 72 61 54 52 51 51 47 40 48 49 44 46 50 53 54 50 52 55 57 57 57 58 63 73 70 65 68 67 68 67 69 67 72 71 70 70 59 54 46 37 35 35 38 42 59 70 69 67 63 60 61 64 67 68 68 68 70 71 71 69 69 71 72 75
65 67 79 79 84 89 89 84 84 83 81 78 70 66 61 55 51 49 39 40 37 46 54 47 44 54 51 52 52 51 51 51 52 58 69 75 76 74 72 67 68 63 64 67 67 69 71 68 64 54 48 44 37 36 36 37 42 51 65 72 70 66 63 62 64 65 67 67 70 72 72 71 69 72 72 75
53 63 68 71 79 84 87 86 82 81 79 75 72 66 65 59 54 50 40 39 46 38 47 52 49 48 55 52 50 51 48 48 46 55 66 77 79 81 80 76 70 62 60 65 61 61 62 59 56 54 50 46 42 37 35 34 38 44 57 69 78 76 66 61 62 63 64 66 69 72 74 74 71 70 70 72
46 47 49 60 73 81 82 86 82 83 78 76 71 67 60 58 50 44 40 43 47 47 45 42 47 48 47 48 43 40 40 41 44 49 61 69 73 77 80 80 75 68 62 61 64 65 61 61 67 60 56 51 46 41 38 35 36 40 47 59 71 76 68 61 60 61 63 64 67 71 73 72 70 67 66 68
39 42 42 50 58 74 77 86 86 82 75 73 72 72 65 64 65 50 43 46 38 50 53 44 40 50 42 41 36 37 37 39 42 44 48 52 56 64 76 82 77 71 64 58 61 63 62 64 61 59 59 54 50 44 40 38 37 42 45 51 62 69 67 60 59 61 61 62 65 68 68 68 67 65 65 65
35 36 38 42 46 56 68 86 93 88 81 76 73 74 71 65 66 62 54 45 46 44 41 42 43 37 41 35 35 35 36 38 39 42 47 53 57 61 78 79 75 67 58 57 61 59 64 66 65 60 59 57 52 48 45 41 41 44 48 50 56 64 64 60 60 61 61 62 64 66 67 67 67 66 65 64
35 32 34 37 40 44 61 85 89 88 83 77 74 73 71 69 63 57 55 59 52 47 41 37 41 38 33 34 35 35 35 37 39 42 49 55 57 58 76 74 70 66 60 57 54 56 54 59 64 61 57 55 52 49 47 46 45 46 49 51 55 62 60 59 60 61 61 62 65 66 66 66 65 64 63 63
36 30 28 30 32 35 40 63 78 82 82 78 72 71 69 67 64 61 56 50 49 46 40 35 35 34 34 35 36 35 35 36 39 42 48 53 56 56 71 55 66 63 55 50 50 46 45 47 55 54 54 56 55 51 50 50 49 50 51 53 58 61 58 58 59 61 62 64 65 66 65 64 64 64 62 62
32 36 35 28 28 31 36 47 63 76 78 75 70 67 64 62 62 60 54 52 47 44 44 36 35 35 35 35 34 34 34 36 40 43 49 52 55 62 57 54 66 64 58 48 49 57 51 44 45 48 50 50 50 48 48 48 50 48 49 55 60 57 56 57 59 60 62 65 65 64 64 63 62 62 62 63
41 38 47 38 27 28 33 37 42 54 67 70 66 61 59 58 58 53 49 46 41 38 37 35 35 35 34 33 32 32 34 37 43 45 49 52 53 53 59 54 57 53 50 45 49 57 59 53 46 46 48 48 47 46 43 42 43 43 44 48 51 52 53 55 57 59 61 64 65 64 63 62 62 62 63 63
36 39 48 53 34 26 25 27 31 38 45 50 51 49 47 47 45 44 43 41 39 35 32 33 35 36 33 33 33 34 37 41 43 46 49 51 52 52 54 54 57 48 40 40 44 51 58 54 52 47 48 48 47 45 43 42 42 42 43 46 48 50 51 53 55 58 60 63 64 65 64 63 62 61 63 65
