_episodes_rmd/data/big_extent/bio12.asc
NCOLS 660 
NROWS 720 
XLLCORNER -130 
YLLCORNER -60 
CELLSIZE 0.166666666666667 
NODATA_value -32768 
[rows 132 to 164 of 720, columns 225 to 299 of 660]
1063 1066 1063 1050 1044 1037 1039 1043 1053 1062 1061 1063 1074 1069 1060 1059 1077 1093 1092 1095 1098 1108 1117 1120 1116 1118 1118 1123 1124 1122 1126 1140 1155 1171 1194 1197 1202 1194 1181 1177 1189 1213 1214 1207 1202 1192 1181 1181 1175 1173 1180 1193 1221 1224 1189 1161 1147 1131 1131 1139 1146 1168 1175 1194 1202 1198 1174 1133 1104 1156 1162 1128 1068 1096 1091
1067 1076 1073 1069 1062 1056 1055 1063 1073 1081 1081 1096 1105 1108 1094 1089 1103 1119 1129 1126 1132 1140 1147 1144 1144 1142 1139 1144 1146 1145 1147 1150 1164 1188 1217 1225 1232 1227 1222 1228 1234 1237 1242 1232 1232 1223 1208 1198 1190 1190 1189 1209 1227 1223 1201 1180 1151 1143 1137 1152 1150 1166 1191 1192 1202 1189 1143 1091 1077 1052 1054 1004 1013 1050 1011
1071 1080 1080 1079 1077 1071 1072 1078 1093 1107 1119 1123 1121 1129 1133 1130 1140 1152 1164 1176 1177 1181 1183 1190 1192 1184 1173 1172 1176 1173 1171 1172 1187 1207 1230 1252 1258 1249 1254 1259 1278 1277 1274 1274 1276 1274 1250 1232 1223 1217 1223 1223 1220 1209 1196 1184 1169 1151 1139 1142 1156 1168 1175 1173 1164 1143 1095 1066 1043 980 955 970 1012 1033 1028
1075 1087 1087 1085 1084 1078 1083 1093 1111 1136 1134 1138 1140 1151 1159 1165 1168 1183 1178 1196 1189 1195 1199 1212 1213 1208 1212 1203 1198 1204 1196 1197 1210 1222 1250 1281 1290 1277 1278 1291 1303 1315 1316 1316 1319 1311 1296 1283 1267 1259 1252 1243 1225 1223 1204 1195 1179 1160 1143 1143 1148 1162 1162 1151 1130 1098 1065 1031 983 957 946 1045 1018 1014 1019
1082 1092 1089 1094 1095 1093 1102 1114 1131 1141 1141 1145 1157 1171 1183 1183 1185 1186 1198 1201 1203 1207 1216 1230 1234 1236 1242 1237 1225 1224 1220 1229 1235 1240 1253 1274 1282 1290 1305 1309 1310 1318 1324 1330 1328 1319 1312 1295 1279 1265 1242 1243 1240 1245 1232 1211 1188 1162 1159 1158 1154 1151 1149 1150 1133 1089 1074 1022 986 987 963 957 991 1013 1041
1087 1090 1097 1106 1104 1109 1121 1137 1147 1157 1156 1168 1179 1194 1195 1192 1191 1202 1207 1213 1223 1235 1238 1241 1252 1256 1259 1257 1247 1242 1243 1249 1261 1259 1266 1272 1277 1293 1311 1322 1333 1333 1335 1332 1336 1321 1303 1289 1279 1261 1244 1256 1263 1270 1262 1250 1214 1177 1197 1167 1158 1157 1155 1150 1134 1123 1120 1064 1014 984 967 985 1034 1081 1115
1069 1076 1083 1107 1118 1126 1140 1158 1173 1181 1187 1185 1195 1205 1215 1217 1206 1212 1224 1233 1250 1267 1281 1284 1287 1284 1279 1265 1244 1250 1257 1269 1281 1282 1286 1279 1277 1292 1309 1330 1342 1343 1338 1325 1318 1306 1301 1289 1287 1274 1269 1273 1290 1312 1303 1286 1278 1267 1203 1220 1159 1145 1164 1180 1167 1118 1106 1057 1019 999 1024 1080 1112 1141 1155
1078 1082 1087 1116 1128 1139 1153 1171 1187 1195 1200 1196 1195 1200 1213 1213 1214 1226 1242 1254 1273 1293 1315 1327 1324 1315 1302 1284 1268 1251 1252 1268 1279 1284 1283 1283 1296 1318 1334 1347 1355 1345 1327 1335 1336 1330 1317 1309 1310 1297 1286 1304 1319 1310 1317 1282 1256 1213 1191 1138 1140 1143 1157 1148 1153 1198 1202 1154 1098 1078 1112 1149 1198 1232 1201
1091 1090 1108 1130 1139 1144 1161 1171 1195 1203 1205 1200 1200 1200 1209 1207 1215 1239 1258 1274 1294 1313 1337 1349 1350 1336 1320 1306 1293 1275 1266 1271 1273 1273 1274 1290 1318 1347 1365 1371 1372 1359 1343 1335 1342 1361 1355 1344 1351 1347 1321 1355 1337 1305 1277 1250 1219 1181 1146 1119 1112 1133 1148 1223 1266 1340 1253 1209 1169 1160 1166 1194 1244 1242 1203
1113 1110 1125 1144 1145 1147 1172 1188 1197 1205 1207 1207 1215 1225 1224 1223 1230 1246 1270 1299 1308 1326 1344 1350 1354 1346 1333 1337 1315 1299 1296 1284 1281 1270 1264 1270 1298 1337 1361 1394 1384 1372 1379 1373 1368 1388 1376 1373 1384 1393 1351 1322 1297 1276 1248 1219 1182 1144 1131 1125 1114 1138 1232 1274 1338 1376 1333 1311 1245 1197 1183 1195 1214 1209 1175
1129 1133 1147 1159 1164 1172 1182 1196 1204 1205 1212 1225 1236 1242 1248 1240 1239 1254 1280 1301 1316 1335 1353 1354 1358 1349 1353 1350 1352 1338 1330 1308 1282 1258 1223 1232 1280 1332 1369 1380 1394 1405 1406 1420 1436 1416 1397 1411 1439 1424 1328 1300 1280 1251 1212 1180 1142 1117 1117 1122 1172 1221 1310 1355 1418 1408 1346 1248 1223 1210 1196 1183 1176 1164 1143
1161 1173 1165 1175 1183 1186 1193 1208 1209 1200 1214 1241 1247 1250 1254 1251 1252 1265 1290 1311 1327 1340 1350 1357 1359 1362 1364 1370 1374 1369 1356 1336 1312 1276 1232 1220 1279 1360 1399 1396 1401 1415 1433 1475 1465 1444 1428 1413 1436 1377 1324 1293 1242 1217 1202 1158 1132 1108 1151 1233 1261 1337 1453 1453 1394 1340 1269 1264 1266 1225 1194 1164 1149 1138 1137
1204 1211 1208 1202 1199 1209 1211 1209 1212 1208 1216 1233 1247 1252 1253 1256 1266 1283 1300 1315 1324 1340 1350 1356 1357 1369 1372 1375 1378 1375 1363 1360 1351 1321 1289 1271 1298 1365 1416 1431 1414 1413 1431 1482 1470 1473 1461 1401 1369 1356 1319 1272 1245 1209 1203 1201 1166 1160 1152 1284 1330 1372 1407 1406 1290 1259 1269 1250 1231 1199 1173 1152 1137 1135 1135
1254 1272 1271 1252 1223 1216 1222 1219 1219 1218 1216 1226 1244 1249 1250 1264 1282 1309 1317 1316 1327 1335 1348 1351 1351 1367 1379 1397 1399 1386 1372 1366 1368 1350 1341 1331 1342 1392 1428 1429 1412 1424 1459 1481 1465 1476 1416 1408 1387 1365 1334 1313 1339 1340 1352 1476 1341 1356 1160 1127 1411 1528 1340 1304 1265 1269 1237 1218 1199 1180 1158 1137 1130 1137 1145
1277 1285 1287 1288 1275 1259 1240 1236 1232 1231 1231 1235 1245 1251 1257 1274 1301 1313 1320 1323 1329 1337 1344 1349 1356 1366 1384 1411 1421 1421 1405 1386 1377 1366 1359 1361 1388 1428 1448 1436 1443 1501 1508 1455 1484 1427 1414 1431 1421 1390 1391 1486 1572 1671 1728 1647 1542 1340 1245 1163 1308 1352 1327 1327 1351 1301 1242 1203 1191 1163 1153 1145 1147 1150 1158
1295 1307 1310 1296 1283 1283 1261 1250 1244 1242 1248 1245 1252 1258 1267 1287 1309 1322 1328 1333 1332 1348 1361 1369 1377 1383 1397 1419 1438 1434 1429 1428 1412 1404 1400 1400 1416 1447 1461 1485 1537 1529 1493 1489 1429 1403 1419 1430 1434 1439 1576 1582 1577 1534 1552 1537 1736 1688 1586 1321 1356 1385 1333 1319 1318 1271 1237 1201 1174 1152 1143 1144 1154 1170 1173
1271 1286 1303 1303 1298 1284 1275 1261 1256 1256 1264 1262 1266 1270 1276 1286 1310 1327 1341 1355 1356 1355 1378 1398 1402 1402 1420 1436 1455 1442 1434 1433 1414 1419 1412 1414 1432 1457 1464 1507 1544 1524 1483 1474 1393 1408 1412 1441 1483 1539 1664 1676 1695 1744 1599 1721 1796 1899 1715 1620 1508 1445 1370 1332 1300 1267 1241 1209 1173 1153 1143 1146 1161 1172 1179
1259 1272 1277 1283 1287 1287 1278 1267 1265 1270 1284 1281 1281 1283 1285 1298 1319 1339 1357 1377 1389 1385 1395 1407 1413 1419 1432 1445 1443 1424 1426 1428 1424 1415 1418 1421 1435 1464 1517 1527 1502 1445 1471 1390 1397 1415 1422 1500 1537 1542 1526 1578 1718 1873 1754 1936 1991 1841 1833 1592 1468 1414 1357 1315 1293 1265 1240 1220 1188 1165 1155 1160 1170 1176 1176
1263 1265 1262 1270 1279 1280 1275 1264 1269 1285 1299 1301 1302 1300 1312 1328 1334 1360 1389 1410 1423 1415 1412 1404 1417 1422 1425 1422 1403 1402 1408 1422 1422 1435 1432 1425 1444 1492 1516 1483 1461 1489 1458 1386 1402 1413 1454 1630 1577 1563 1570 1617 1724 1801 1809 1786 1714 1549 1519 1457 1396 1325 1283 1265 1256 1240 1224 1218 1200 1184 1175 1183 1184 1177 1189
1300 1260 1250 1257 1267 1273 1269 1266 1279 1298 1318 1322 1323 1327 1342 1346 1350 1385 1417 1432 1438 1436 1428 1417 1423 1432 1423 1412 1393 1386 1400 1414 1422 1423 1423 1430 1433 1469 1459 1447 1499 1486 1478 1421 1426 1403 1446 1567 1604 1645 1683 1706 1744 1715 1691 1595 1527 1452 1407 1360 1302 1268 1242 1237 1238 1233 1213 1214 1200 1186 1181 1182 1184 1179 1177
1319 1274 1256 1255 1262 1269 1265 1271 1290 1309 1332 1348 1346 1351 1370 1375 1386 1404 1423 1442 1444 1437 1430 1417 1421 1436 1443 1441 1434 1418 1426 1433 1430 1419 1414 1418 1414 1432 1427 1477 1489 1494 1464 1419 1418 1383 1405 1501 1589 1644 1624 1615 1627 1593 1553 1436 1404 1356 1305 1283 1262 1236 1229 1225 1228 1221 1208 1204 1190 1173 1176 1174 1167 1175 1176
1323 1297 1272 1260 1260 1266 1268 1285 1302 1317 1335 1349 1357 1364 1380 1393 1403 1425 1447 1448 1440 1436 1406 1419 1433 1453 1465 1473 1477 1479 1463 1457 1438 1432 1438 1443 1424 1411 1443 1460 1462 1454 1403 1400 1378 1375 1379 1469 1508 1540 1538 1519 1514 1476 1410 1359 1343 1303 1254 1235 1231 1214 1209 1215 1220 1212 1196 1187 1177 1156 1139 1146 1154 1164 1170
1324 1309 1289 1264 1264 1272 1283 1295 1311 1323 1335 1346 1361 1373 1381 1396 1416 1432 1448 1454 1443 1426 1392 1418 1444 1462 1484 1502 1506 1512 1493 1478 1477 1473 1460 1447 1423 1427 1436 1433 1443 1406 1399 1379 1359 1349 1360 1416 1437 1456 1464 1441 1409 1377 1346 1311 1294 1268 1230 1211 1203 1199 1196 1200 1207 1209 1192 1178 1180 1172 1138 1132 1150 1155 1162
1325 1314 1302 1278 1278 1288 1299 1308 1315 1328 1345 1358 1372 1383 1392 1404 1424 1439 1446 1437 1431 1427 1403 1411 1438 1467 1492 1504 1510 1510 1496 1477 1468 1453 1437 1439 1432 1432 1415 1416 1416 1415 1408 1392 1359 1336 1334 1357 1382 1403 1398 1383 1339 1316 1298 1278 1243 1231 1212 1196 1191 1192 1199 1205 1206 1206 1199 1193 1184 1181 1159 1136 1154 1160 1167
1332 1324 1320 1317 1309 1307 1313 1313 1316 1330 1360 1375 1383 1393 1401 1416 1427 1434 1427 1424 1421 1422 1407 1407 1432 1463 1492 1504 1504 1505 1485 1470 1452 1436 1426 1428 1456 1423 1393 1400 1420 1434 1439 1412 1401 1382 1355 1340 1338 1351 1346 1333 1303 1282 1256 1244 1230 1211 1202 1186 1183 1194 1200 1206 1223 1226 1227 1217 1192 1177 1169 1148 1160 1169 1179
1340 1345 1341 1344 1343 1329 1323 1321 1320 1341 1375 1387 1393 1398 1398 1413 1419 1425 1422 1423 1423 1414 1407 1408 1413 1454 1486 1503 1504 1504 1483 1464 1444 1428 1408 1445 1431 1407 1389 1388 1425 1455 1442 1434 1420 1380 1351 1314 1301 1303 1297 1283 1269 1250 1231 1220 1224 1211 1204 1199 1190 1189 1193 1213 1230 1230 1226 1230 1219 1192 1174 1161 1171 1182 1199
1338 1352 1366 1365 1367 1351 1339 1331 1331 1341 1367 1381 1389 1387 1390 1424 1434 1437 1439 1435 1424 1408 1413 1414 1407 1440 1474 1497 1493 1489 1486 1463 1451 1428 1414 1429 1425 1399 1388 1396 1425 1445 1451 1435 1400 1368 1321 1304 1283 1271 1265 1250 1245 1229 1215 1206 1219 1209 1205 1199 1200 1189 1179 1197 1220 1225 1219 1217 1208 1204 1191 1179 1183 1200 1217
1328 1354 1371 1375 1378 1366 1354 1344 1336 1339 1359 1379 1390 1388 1399 1436 1446 1440 1438 1437 1428 1409 1412 1406 1403 1433 1458 1477 1467 1460 1468 1470 1464 1448 1427 1435 1416 1414 1415 1452 1477 1456 1449 1438 1385 1344 1326 1301 1287 1277 1261 1238 1231 1214 1205 1198 1201 1204 1210 1208 1198 1193 1171 1156 1196 1205 1209 1204 1208 1207 1204 1207 1215 1224 1239
1326 1349 1372 1390 1387 1377 1367 1358 1352 1349 1367 1389 1401 1396 1412 1437 1450 1449 1446 1441 1428 1414 1396 1391 1392 1405 1434 1442 1434 1427 1445 1466 1473 1462 1447 1428 1427 1433 1468 1487 1477 1454 1454 1418 1372 1345 1331 1304 1292 1284 1260 1240 1224 1209 1192 1184 1189 1192 1189 1191 1187 1174 1164 1153 1170 1194 1201 1210 1216 1217 1226 1234 1246 1257 1259
1337 1354 1375 1397 1394 1387 1382 1380 1371 1366 1375 1395 1405 1407 1417 1431 1440 1453 1450 1443 1433 1424 1400 1386 1390 1395 1411 1419 1411 1406 1427 1450 1466 1465 1451 1425 1431 1465 1476 1468 1474 1449 1429 1393 1366 1350 1334 1307 1298 1283 1264 1234 1212 1206 1193 1178 1184 1176 1180 1171 1168 1170 1161 1164 1172 1185 1205 1216 1227 1237 1249 1261 1271 1273 1265
1337 1355 1366 1388 1391 1392 1396 1398 1394 1381 1381 1391 1405 1411 1419 1427 1435 1442 1442 1441 1434 1421 1418 1398 1393 1397 1399 1399 1389 1406 1425 1427 1445 1451 1443 1418 1421 1450 1471 1461 1460 1451 1433 1380 1351 1345 1336 1312 1295 1272 1251 1218 1195 1183 1183 1176 1165 1168 1177 1165 1159 1165 1164 1171 1179 1189 1206 1224 1237 1253 1275 1279 1278 1272 1251
1332 1336 1341 1367 1382 1393 1403 1412 1413 1404 1387 1380 1389 1388 1390 1407 1424 1434 1437 1443 1441 1437 1423 1417 1411 1413 1399 1387 1382 1395 1413 1412 1428 1429 1424 1415 1403 1426 1455 1450 1455 1449 1433 1372 1325 1313 1303 1286 1258 1232 1216 1196 1164 1150 1169 1176 1170 1164 1165 1161 1164 1170 1173 1176 1197 1203 1211 1233 1252 1269 1279 1278 1276 1266 1248
1335 1321 1324 1349 1371 1388 1404 1413 1415 1401 1384 1373 1355 1347 1362 1391 1417 1434 1442 1448 1448 1434 1427 1426 1431 1428 1419 1394 1382 1382 1389 1389 1391 1396 1395 1384 1376 1377 1413 1427 1425 1418 1404 1353 1283 1252 1247 1247 1249 1221 1189 1186 1159 1138 1163 1175 1169 1157 1157 1152 1153 1173 1191 1198 1202 1212 1222 1238 1261 1276 1276 1274 1268 1262 1252
