_episodes_rmd/data/big_extent/bio11.asc
NCOLS 660 
NROWS 720 
XLLCORNER -130 
YLLCORNER -60 
CELLSIZE 0.166666666666667 
NODATA_value -32768 
[rows 102 to 135 of 720, columns 228 to 303 of 660]
-78 -76 -73 -71 -70 -67 -68 -68 -68 -70 -72 -73 -70 -70 -68 -68 -66 -66 -65 -65 -65 -64 -60 -56 -50 -46 -44 -41 -39 -37 -35 -34 -32 -32 -33 -35 -38 -40 -42 -44 -47 -48 -48 -48 -48 -48 -48 -47 -45 -44 -44 -45 -46 -44 -42 -41 -41 -41 -41 -42 -43 -44 -45 -47 -49 -50 -50 -49 -48 -46 -45 -42 -41 -39 -38 -37
-78 -76 -74 -71 -69 -67 -65 -64 -64 -66 -67 -68 -67 -68 -66 -65 -65 -65 -65 -65 -63 -61 -58 -55 -50 -46 -43 -40 -38 -35 -34 -32 -31 -31 -33 -36 -39 -41 -43 -44 -46 -48 -49 -48 -48 -48 -48 -46 -46 -45 -45 -44 -43 -40 -37 -37 -37 -37 -38 -39 -40 -42 -43 -44 -46 -46 -46 -44 -44 -43 -40 -38 -36 -35 -35 -34
-75 -74 -74 -74 -72 -70 -66 -61 -60 -62 -65 -65 -65 -65 -65 -63 -63 -62 -63 -62 -61 -59 -57 -54 -50 -45 -41 -39 -36 -34 -33 -31 -31 -30 -32 -36 -40 -42 -42 -44 -45 -47 -48 -48 -47 -47 -46 -45 -46 -45 -44 -41 -39 -34 -33 -33 -34 -35 -35 -36 -37 -39 -40 -40 -41 -40 -40 -39 -39 -37 -35 -34 -33 -32 -31 -30
-69 -70 -72 -72 -70 -69 -67 -63 -60 -61 -63 -64 -65 -63 -63 -62 -60 -59 -61 -60 -59 -57 -55 -53 -49 -43 -39 -37 -35 -33 -31 -31 -30 -30 -32 -36 -40 -41 -42 -43 -43 -44 -46 -46 -45 -45 -44 -44 -43 -42 -41 -37 -34 -32 -31 -31 -32 -32 -32 -33 -35 -35 -35 -36 -37 -37 -37 -36 -35 -33 -32 -30 -30 -29 -29 -32
-64 -64 -65 -66 -66 -67 -66 -64 -63 -61 -60 -61 -61 -61 -60 -59 -59 -57 -58 -57 -57 -56 -54 -51 -46 -40 -37 -35 -33 -32 -31 -30 -29 -30 -32 -37 -39 -42 -41 -41 -42 -43 -44 -44 -44 -43 -43 -43 -42 -41 -37 -34 -33 -31 -32 -31 -31 -31 -31 -31 -31 -31 -32 -32 -33 -34 -34 -33 -32 -30 -28 -27 -28 -33 -40 -43
-60 -59 -59 -60 -63 -65 -64 -63 -61 -59 -58 -56 -57 -58 -58 -57 -56 -57 -57 -57 -56 -55 -51 -47 -41 -37 -34 -33 -32 -31 -30 -30 -29 -31 -34 -37 -40 -42 -41 -41 -41 -42 -43 -43 -43 -42 -41 -41 -39 -38 -36 -33 -31 -31 -32 -31 -30 -29 -28 -28 -28 -28 -29 -29 -30 -31 -31 -31 -30 -28 -27 -31 -38 -42 -44 -43
-58 -56 -55 -56 -60 -62 -61 -59 -57 -55 -54 -52 -53 -53 -54 -54 -55 -56 -57 -57 -54 -51 -48 -44 -38 -35 -32 -31 -31 -31 -30 -30 -30 -32 -34 -38 -40 -42 -41 -41 -41 -41 -41 -43 -43 -42 -40 -38 -36 -35 -34 -32 -31 -31 -31 -29 -29 -27 -26 -26 -26 -26 -25 -26 -27 -28 -29 -31 -32 -32 -36 -39 -39 -43 -43 -44
-56 -53 -51 -53 -56 -58 -56 -52 -50 -50 -49 -50 -49 -49 -50 -52 -53 -55 -56 -53 -50 -48 -46 -43 -39 -35 -32 -32 -31 -31 -31 -32 -32 -33 -33 -36 -38 -39 -41 -42 -42 -41 -41 -42 -41 -39 -37 -36 -35 -34 -32 -31 -30 -30 -30 -29 -27 -26 -25 -24 -23 -23 -23 -23 -25 -31 -32 -34 -36 -36 -37 -38 -40 -42 -45 -44
-53 -50 -46 -48 -50 -50 -49 -47 -45 -47 -47 -47 -47 -47 -48 -50 -52 -51 -50 -48 -47 -46 -44 -43 -41 -38 -36 -34 -33 -34 -35 -35 -33 -33 -34 -36 -37 -39 -41 -42 -42 -40 -40 -40 -40 -38 -36 -35 -34 -32 -31 -30 -30 -29 -28 -27 -26 -24 -23 -22 -21 -21 -22 -27 -33 -36 -32 -34 -35 -35 -36 -37 -39 -41 -43 -44
-49 -46 -44 -44 -45 -44 -44 -43 -42 -44 -46 -47 -46 -46 -46 -47 -47 -46 -44 -44 -45 -44 -43 -43 -42 -42 -40 -39 -37 -36 -36 -34 -33 -34 -35 -36 -37 -39 -39 -40 -40 -38 -38 -39 -38 -37 -36 -34 -33 -33 -32 -31 -30 -29 -27 -26 -24 -24 -24 -22 -22 -23 -25 -29 -32 -32 -28 -30 -31 -32 -34 -36 -35 -37 -40 -43
-44 -42 -41 -42 -41 -40 -41 -41 -42 -43 -44 -46 -47 -46 -46 -43 -43 -42 -41 -42 -43 -43 -42 -42 -42 -41 -41 -39 -37 -36 -35 -34 -34 -34 -35 -36 -37 -38 -39 -38 -37 -36 -36 -36 -37 -36 -35 -34 -33 -33 -31 -30 -29 -29 -28 -27 -27 -28 -26 -24 -24 -27 -25 -27 -29 -28 -26 -26 -28 -29 -32 -34 -34 -35 -38 -39
-40 -39 -39 -40 -40 -39 -38 -38 -40 -42 -43 -43 -44 -44 -43 -39 -40 -40 -39 -39 -41 -41 -41 -41 -42 -41 -40 -39 -37 -36 -35 -34 -33 -34 -34 -35 -37 -37 -36 -35 -33 -33 -33 -35 -36 -35 -34 -33 -32 -31 -29 -29 -28 -28 -29 -28 -29 -30 -29 -27 -27 -26 -24 -25 -26 -25 -25 -25 -25 -25 -29 -31 -32 -34 -34 -37
-38 -38 -38 -39 -39 -38 -37 -37 -38 -40 -41 -41 -42 -42 -39 -36 -37 -37 -36 -36 -38 -39 -40 -40 -40 -40 -39 -38 -36 -35 -33 -32 -33 -34 -34 -35 -35 -35 -34 -32 -31 -31 -32 -33 -33 -33 -32 -32 -31 -30 -28 -27 -26 -28 -29 -30 -31 -32 -32 -29 -27 -25 -23 -24 -25 -25 -26 -25 -24 -23 -25 -28 -29 -31 -31 -33
-35 -37 -37 -38 -38 -36 -35 -35 -36 -37 -37 -38 -38 -37 -35 -35 -35 -34 -34 -35 -35 -36 -38 -38 -37 -38 -38 -37 -36 -34 -32 -31 -31 -32 -33 -34 -34 -34 -32 -31 -31 -31 -30 -30 -31 -31 -31 -31 -31 -30 -27 -26 -26 -28 -29 -32 -34 -32 -32 -28 -25 -25 -23 -22 -23 -23 -24 -23 -22 -22 -20 -22 -25 -27 -27 -30
-35 -36 -37 -36 -36 -34 -33 -33 -34 -34 -35 -36 -34 -32 -32 -32 -32 -32 -32 -33 -34 -35 -35 -35 -34 -34 -35 -35 -34 -33 -31 -29 -29 -30 -32 -33 -33 -32 -31 -31 -31 -30 -29 -29 -29 -29 -30 -30 -30 -29 -28 -27 -26 -27 -28 -33 -34 -33 -31 -28 -25 -24 -22 -21 -21 -22 -22 -21 -20 -20 -17 -19 -20 -21 -25 -26
-34 -35 -35 -35 -34 -33 -32 -31 -31 -31 -32 -32 -31 -29 -29 -29 -28 -29 -30 -32 -33 -32 -31 -31 -31 -30 -31 -32 -31 -30 -29 -28 -28 -29 -31 -32 -32 -31 -31 -32 -32 -31 -31 -30 -28 -28 -29 -29 -28 -30 -29 -26 -25 -25 -26 -31 -32 -31 -28 -26 -22 -22 -21 -19 -20 -20 -20 -19 -18 -20 -17 -15 -15 -18 -22 -21
-30 -32 -32 -32 -31 -32 -30 -28 -27 -28 -28 -28 -28 -27 -26 -25 -26 -27 -28 -29 -29 -29 -27 -27 -27 -27 -28 -28 -27 -28 -28 -27 -27 -27 -29 -30 -30 -29 -29 -30 -31 -31 -31 -29 -27 -26 -26 -27 -26 -27 -27 -25 -23 -22 -22 -27 -28 -27 -25 -22 -18 -17 -18 -19 -18 -18 -18 -17 -16 -18 -17 -15 -12 -13 -17 -22
-26 -27 -27 -27 -28 -30 -29 -25 -24 -23 -24 -25 -25 -25 -24 -23 -22 -23 -25 -26 -26 -25 -24 -23 -24 -24 -25 -24 -24 -25 -24 -24 -24 -25 -26 -26 -25 -25 -26 -28 -30 -31 -30 -28 -25 -23 -21 -21 -23 -23 -24 -22 -20 -18 -18 -22 -24 -21 -20 -17 -15 -15 -14 -15 -18 -18 -17 -15 -16 -17 -15 -13 -10 -12 -15 -28
-21 -22 -22 -22 -23 -25 -25 -23 -21 -20 -22 -22 -23 -23 -22 -21 -20 -21 -21 -22 -23 -22 -22 -22 -22 -22 -22 -21 -20 -20 -21 -21 -22 -22 -21 -22 -23 -22 -24 -26 -27 -27 -26 -25 -23 -20 -16 -14 -17 -19 -22 -20 -17 -14 -12 -16 -19 -19 -19 -15 -12 -12 -12 -13 -16 -18 -16 -13 -15 -15 -14 -11 -8 -9 -23 -29
-17 -17 -18 -19 -20 -22 -22 -20 -18 -19 -19 -19 -20 -20 -19 -18 -18 -18 -19 -20 -20 -20 -19 -19 -19 -19 -18 -17 -17 -17 -18 -18 -19 -17 -17 -18 -19 -19 -20 -22 -23 -21 -22 -23 -21 -17 -12 -11 -13 -16 -17 -16 -14 -11 -10 -15 -17 -17 -17 -14 -12 -10 -10 -11 -13 -13 -12 -12 -13 -13 -11 -9 -6 -18 -24 -27
-15 -15 -17 -18 -19 -18 -18 -17 -16 -16 -17 -17 -17 -17 -16 -15 -15 -15 -16 -17 -18 -18 -18 -17 -18 -17 -17 -15 -14 -15 -15 -15 -15 -14 -13 -14 -15 -16 -17 -18 -18 -17 -17 -17 -16 -14 -12 -11 -11 -12 -12 -12 -10 -8 -9 -13 -15 -14 -14 -12 -10 -7 -6 -6 -8 -8 -7 -8 -10 -10 -9 -6 -10 -18 -24 -30
-13 -15 -18 -19 -17 -15 -13 -14 -13 -14 -14 -14 -14 -14 -13 -13 -13 -14 -14 -15 -16 -17 -17 -16 -15 -15 -14 -14 -13 -13 -14 -14 -12 -11 -11 -10 -9 -11 -13 -14 -13 -12 -13 -11 -10 -10 -10 -9 -9 -10 -10 -9 -8 -7 -7 -11 -13 -12 -10 -8 -6 -4 -2 -1 -4 -5 -4 -5 -7 -6 -5 -6 -11 -17 -25 -29
-13 -15 -16 -16 -14 -12 -10 -10 -12 -13 -13 -12 -11 -11 -10 -11 -11 -12 -11 -13 -15 -15 -14 -13 -13 -12 -11 -12 -11 -11 -11 -11 -9 -9 -7 -6 -3 -5 -8 -10 -10 -9 -8 -5 -7 -7 -8 -8 -8 -8 -7 -5 -6 -6 -5 -7 -9 -8 -7 -5 -3 -1 1 0 -3 -2 -3 -3 -4 -3 -3 -5 -9 -17 -22 -29
-13 -13 -13 -12 -9 -7 -8 -7 -10 -13 -13 -11 -9 -8 -8 -8 -8 -8 -10 -11 -12 -13 -12 -11 -9 -8 -7 -8 -9 -8 -8 -7 -6 -4 -3 -3 0 -1 -2 -4 -6 -5 -2 -2 -3 -3 -6 -7 -7 -6 -4 -3 -4 -3 -3 -5 -5 -4 -3 -1 0 1 0 1 0 0 0 0 -2 -2 -3 -8 -13 -16 -24 -33
-12 -11 -9 -9 -5 -4 -4 -6 -7 -7 -7 -6 -4 -5 -5 -6 -6 -6 -7 -9 -9 -9 -9 -8 -6 -5 -4 -4 -5 -4 -3 -3 -2 -1 -2 1 3 3 2 0 -1 -1 0 0 -2 -2 -4 -6 -5 -5 -2 0 -1 0 -1 -1 -1 1 2 4 3 3 1 2 2 2 3 3 1 -1 -5 -13 -14 -21 -24 -26
-9 -8 -7 -4 -2 -1 -3 -5 -5 -2 1 1 0 -1 -2 -3 -3 -4 -5 -5 -5 -5 -5 -4 -3 -1 0 -1 -1 0 0 1 0 1 2 3 5 6 5 4 5 4 3 3 0 0 -2 -3 -2 -2 0 1 -1 1 3 3 2 4 6 6 6 5 5 4 4 4 4 4 3 -3 -13 -19 -18 -27 -31 -17
-4 -5 -4 -3 0 1 -1 -3 -3 1 5 5 4 3 1 -1 -2 -2 -2 -2 -2 -2 -1 0 1 2 2 2 2 2 2 1 1 2 2 3 4 8 7 8 6 7 5 5 3 2 1 0 0 1 2 2 3 2 5 7 6 6 7 8 9 8 9 8 7 6 6 3 -3 -8 -19 -21 -29 -26 -25 -15
-2 -2 -2 -2 0 2 1 -1 -2 0 2 3 5 5 4 1 0 0 0 0 1 1 2 4 5 5 4 4 3 3 4 3 2 3 5 6 7 11 10 8 7 7 9 7 6 5 4 3 3 3 3 2 3 4 6 8 10 10 9 9 11 12 12 10 8 6 1 -7 -10 -15 -24 -25 -23 -24 -20 -13
1 1 0 -1 0 1 1 0 -1 -1 0 3 6 7 5 3 2 2 3 3 4 5 6 7 9 8 7 6 4 5 6 6 5 7 8 9 11 15 13 11 9 8 11 10 9 8 8 6 6 7 7 4 4 5 6 8 10 10 9 9 9 11 10 8 6 3 -1 -8 -13 -23 -27 -17 -16 -15 -7 -6
4 5 2 -1 0 1 2 2 0 0 2 4 6 7 6 5 4 4 5 5 7 8 9 11 11 11 11 10 8 9 9 9 8 10 11 12 14 16 15 14 12 11 12 12 12 11 10 9 9 10 10 8 6 7 7 9 10 9 9 9 8 7 7 4 3 1 -8 -15 -21 -19 -13 -14 -7 -4 3 2
7 7 5 3 3 4 4 4 3 2 2 4 6 7 6 6 6 6 6 7 9 11 12 14 14 15 14 13 12 12 12 12 12 12 12 14 15 18 17 16 14 14 14 16 15 14 14 13 12 10 9 10 9 9 9 10 10 11 9 10 7 4 1 -1 -1 -1 -12 -13 -10 -6 -8 -5 -1 8 6 12
6 7 9 8 8 7 7 7 6 4 2 4 5 7 8 8 8 8 7 9 13 14 15 16 17 17 17 16 16 15 14 13 13 13 13 14 14 17 19 18 16 15 15 16 17 17 16 16 13 11 12 13 13 13 12 13 12 13 13 9 8 3 -1 -1 -3 -5 -4 -6 -1 -3 -5 6 8 15 13 20
3 6 10 12 12 11 10 8 8 5 3 3 6 9 10 10 9 9 9 11 12 14 16 18 19 19 19 19 18 18 17 16 16 15 16 16 17 18 20 19 17 15 14 16 17 17 16 14 14 14 16 18 17 15 15 16 16 15 14 13 10 8 5 3 -2 -4 2 5 1 -3 -1 8 19 20 18 19
4 7 12 13 14 12 11 10 8 6 5 6 8 11 12 14 13 14 14 15 15 17 19 19 21 22 21 22 21 20 20 18 18 17 18 19 19 20 20 20 18 16 16 17 17 16 14 13 13 15 16 18 18 17 15 16 17 17 14 13 11 9 8 4 0 3 5 6 -6 0 5 13 22 22 20 26
