_episodes_rmd/data/big_extent/bio16.asc
NCOLS 660 
NROWS 720 
XLLCORNER -130 
YLLCORNER -60 
CELLSIZE 0.166666666666667 
NODATA_value -32768 
[rows 495 to 527 of 720, columns 380 to 455 of 660]
82 94 104 123 134 153 163 166 180 209 312 463 544 609 617 547 497 462 505 533 511 462 408 359 312 271 236 234 249 259 267 275 280 281 285 287 287 286 282 272 264 264 272 285 302 323 347 370 392 411 425 437 446 460 478 494 508 516 518 515 508 499 491 486 480 475 516 540 545 549 559 577 601 609 606 598
80 90 100 116 129 142 150 157 175 234 343 496 585 628 618 532 478 467 511 546 523 468 412 361 314 271 234 228 243 254 264 272 274 275 275 276 276 275 272 270 269 272 281 295 311 330 352 374 395 411 425 437 449 463 482 500 516 528 529 521 512 502 492 488 487 498 511 537 550 558 568 582 595 599 594 583
80 87 96 109 124 132 141 151 160 195 284 500 563 595 565 518 483 480 501 518 500 458 410 362 320 282 255 245 248 256 263 268 272 270 268 267 265 266 267 268 271 278 290 304 320 338 358 378 397 413 425 437 448 463 481 502 523 538 535 523 514 503 495 494 495 506 515 536 550 560 570 579 584 584 578 565
79 86 95 106 118 124 134 142 153 165 245 468 541 545 521 488 468 471 481 486 472 441 402 363 326 296 274 262 260 262 266 269 269 267 264 259 257 259 261 266 273 284 296 310 327 345 363 382 399 415 425 433 444 458 475 493 512 526 523 515 508 501 498 496 501 512 522 538 550 561 569 575 574 571 562 547
77 85 93 102 114 120 128 137 148 160 219 456 508 503 479 453 450 455 460 459 446 423 394 362 332 308 290 279 273 273 274 274 272 267 261 256 251 251 256 265 276 286 300 314 329 347 365 377 394 414 418 423 433 448 465 479 479 469 483 497 501 499 498 499 506 517 526 539 551 561 567 569 568 562 547 531
76 85 93 103 111 118 127 144 149 177 277 441 488 470 454 443 441 442 443 438 426 408 384 359 336 317 302 294 291 288 286 281 276 270 263 254 247 247 254 264 277 290 303 316 327 335 344 350 375 398 398 403 416 433 453 467 459 438 457 488 493 494 494 498 509 519 531 543 553 560 564 566 562 551 536 516
76 83 93 105 112 117 126 160 158 324 346 418 465 451 441 438 439 436 430 422 410 394 376 356 338 323 314 311 308 303 297 290 284 276 267 258 250 249 258 267 280 293 305 325 329 321 322 333 353 368 370 375 396 418 439 453 454 447 461 478 484 487 489 499 510 522 534 545 554 560 564 562 558 546 527 501
75 83 97 105 113 116 141 168 233 449 462 442 438 440 441 435 436 427 420 410 398 383 367 351 338 327 324 325 326 320 310 301 292 284 276 269 263 263 269 276 285 294 309 324 329 325 325 332 343 352 357 363 382 406 428 444 457 469 472 476 477 477 485 496 510 524 538 548 555 559 561 560 556 544 521 489
75 82 94 102 107 116 137 260 387 475 452 408 424 447 444 438 429 421 411 400 388 373 359 346 336 330 330 333 336 328 318 308 301 293 287 283 280 280 283 288 294 301 310 320 325 326 326 333 339 345 350 357 373 397 420 438 455 478 479 473 468 469 478 491 506 523 539 549 553 557 557 558 555 547 519 477
76 81 93 98 110 117 152 374 454 468 422 385 416 427 448 441 429 416 405 393 378 363 350 341 333 328 330 330 332 328 321 314 308 305 300 299 296 297 298 301 305 309 313 319 323 326 329 334 338 342 347 353 368 392 418 437 448 465 475 467 459 462 471 485 500 517 538 549 549 551 552 551 550 545 514 461
76 83 90 100 113 120 145 399 501 463 399 372 411 422 445 445 430 414 399 385 371 356 343 335 329 325 326 326 326 323 320 316 314 313 313 314 314 315 313 314 315 318 321 323 327 330 332 336 339 342 345 351 364 391 421 449 468 479 477 461 453 454 464 478 494 508 524 536 540 541 542 539 536 527 500 465
76 83 91 102 122 128 144 344 471 417 369 354 410 411 443 452 431 410 392 378 364 352 340 333 327 323 321 321 319 318 318 318 319 322 326 330 332 331 329 327 325 327 326 329 331 334 336 340 342 343 344 348 360 387 424 468 495 501 484 459 444 441 457 476 491 497 508 523 530 533 531 526 521 514 501 486
75 85 94 102 125 140 197 402 431 326 301 363 409 418 437 443 421 398 381 368 358 348 338 331 326 321 317 315 314 313 314 317 322 328 337 345 351 347 342 337 336 334 334 334 335 337 340 345 346 347 347 346 357 387 426 468 494 496 476 454 433 430 458 489 500 500 508 518 523 525 520 512 507 504 502 502
75 88 99 109 130 165 312 443 432 325 348 403 394 395 411 408 394 380 368 360 351 343 334 327 323 318 314 312 310 310 312 316 323 333 343 354 362 357 352 346 343 341 340 339 340 341 344 347 350 354 356 352 356 386 424 456 475 478 466 454 439 441 483 517 526 521 517 517 519 519 515 507 502 499 500 498
78 89 100 134 120 199 382 425 406 373 378 407 391 377 370 364 362 360 355 350 344 337 330 325 319 315 312 310 309 309 311 318 325 336 347 356 361 360 356 353 349 346 345 344 344 344 345 348 357 367 376 380 399 407 427 447 460 465 461 459 458 474 517 561 561 535 520 515 513 513 512 509 506 502 505 509
82 86 105 134 120 174 329 380 359 376 389 390 372 357 338 328 337 343 344 341 337 332 326 321 316 313 309 309 308 309 313 318 326 338 348 356 361 360 359 356 354 352 351 349 350 350 351 357 368 384 403 413 427 431 431 440 455 461 460 463 471 489 518 558 552 524 507 502 500 503 509 511 513 518 526 531
80 94 117 124 127 173 263 341 345 363 394 393 367 353 337 323 329 335 337 336 332 327 322 318 313 309 308 306 306 308 314 320 330 339 350 356 361 361 360 359 356 355 354 353 354 356 361 368 381 399 418 431 440 448 445 444 460 466 463 463 472 484 499 507 507 499 487 471 473 487 504 508 515 534 545 553
79 96 121 117 129 164 263 304 282 340 418 392 378 375 352 335 334 335 335 333 328 324 318 313 310 307 304 304 306 309 315 323 333 343 352 358 361 362 361 361 360 359 359 359 359 362 368 377 392 408 427 442 452 458 463 437 461 473 461 460 467 476 481 476 479 487 476 445 451 463 484 492 510 546 564 559
80 93 110 121 132 154 226 225 249 328 418 403 397 397 364 351 344 340 336 333 327 321 315 310 306 304 303 303 307 311 318 326 335 346 355 362 363 363 362 362 361 361 362 362 364 367 373 383 397 415 435 451 461 459 448 449 474 471 448 451 459 469 473 475 481 489 484 467 456 452 459 474 500 546 577 563
82 89 101 118 129 151 165 203 272 352 395 400 399 393 378 363 353 346 339 332 326 319 313 308 305 302 302 302 306 311 319 329 340 349 360 367 367 364 363 363 365 364 365 366 368 370 375 385 400 420 442 459 469 463 457 465 484 471 445 447 446 456 464 476 490 502 494 484 469 462 462 463 475 503 528 544
86 91 99 110 131 140 162 209 287 344 370 400 404 404 391 377 363 351 342 333 324 316 309 305 303 300 300 301 305 310 320 330 341 353 365 375 374 363 364 367 367 369 370 369 371 374 381 389 401 422 447 467 481 470 460 457 451 438 441 442 432 431 452 471 490 502 496 485 475 469 468 464 461 475 505 531
88 93 104 113 139 142 193 259 288 337 346 404 415 416 403 387 370 356 344 332 323 314 307 302 299 298 298 300 302 310 320 332 344 357 367 376 375 368 368 370 371 372 373 375 376 382 388 395 405 424 454 470 479 466 452 438 426 418 425 433 437 436 443 459 476 489 490 484 475 472 479 477 469 474 495 521
93 99 108 116 146 149 218 275 284 345 390 409 429 431 411 392 374 358 345 332 321 311 303 299 297 297 298 300 302 310 322 334 346 358 367 375 376 374 373 373 375 377 379 381 386 391 397 402 413 431 461 473 467 457 442 426 422 421 424 426 429 425 428 445 465 478 484 481 478 480 483 482 477 480 486 511
92 103 108 121 158 151 247 322 327 400 425 420 433 437 410 391 373 357 342 330 318 308 299 295 295 296 299 302 307 314 326 337 349 360 370 376 378 377 376 376 380 383 386 388 396 402 410 417 428 442 454 464 461 448 436 424 426 430 429 420 409 395 408 443 458 472 483 479 467 469 474 479 480 478 479 500
96 101 110 130 154 152 252 383 412 448 443 415 409 409 395 381 367 352 340 327 316 305 296 293 294 297 301 306 312 322 331 342 354 364 373 380 382 379 378 379 384 389 394 397 407 415 422 431 441 453 460 468 480 451 426 421 423 437 434 431 414 399 429 466 485 488 486 480 460 452 459 467 474 468 472 490
98 101 114 136 147 162 293 491 490 501 456 398 388 386 377 367 357 346 334 323 313 304 297 295 296 300 303 309 317 326 336 346 357 368 377 384 389 378 377 383 390 397 402 408 417 426 434 442 451 460 458 440 430 422 410 412 418 437 481 487 480 483 508 520 531 519 491 484 447 437 444 455 466 473 471 476
98 108 123 142 147 206 365 475 505 512 458 395 367 364 358 352 345 336 328 318 311 303 300 297 300 303 307 314 322 332 340 351 363 372 381 386 385 374 379 388 395 403 411 417 427 434 442 449 453 456 442 405 382 391 396 403 419 461 521 541 531 544 579 571 558 530 488 470 429 423 439 453 463 470 469 467
102 116 132 141 164 323 419 442 470 469 438 395 353 351 346 339 334 329 322 314 308 303 300 299 302 305 310 318 327 335 345 356 368 379 388 390 390 387 389 395 403 411 419 426 436 444 448 450 450 447 426 373 360 374 384 396 421 458 516 545 541 547 567 560 528 496 491 472 443 434 451 468 471 472 465 470
109 122 134 148 260 371 395 419 436 433 416 387 356 347 335 330 326 321 315 310 305 302 300 301 302 307 314 322 330 339 350 363 376 389 400 404 403 399 401 405 410 417 426 434 444 452 452 446 444 441 431 393 371 371 375 382 405 453 513 536 506 501 514 507 480 490 503 497 470 463 463 462 466 470 463 462
120 131 145 175 275 357 378 400 410 406 393 373 353 341 329 324 319 313 309 305 302 300 300 301 304 309 316 324 332 343 355 369 384 399 413 422 420 414 409 412 415 421 428 436 446 457 449 439 435 431 424 408 392 384 387 396 402 443 504 524 472 467 464 463 464 481 506 505 483 473 469 466 465 462 462 470
149 182 189 202 250 347 370 383 388 385 377 365 348 333 325 318 313 306 303 300 298 298 298 301 304 311 317 326 335 346 359 374 389 405 422 437 433 423 416 417 418 421 425 430 435 437 421 425 422 421 418 414 411 411 408 412 415 438 474 481 456 461 461 460 461 469 484 489 484 483 474 471 468 472 470 474
173 196 222 203 238 317 366 368 369 368 369 360 340 329 318 313 307 302 298 296 294 294 296 299 304 310 318 327 337 349 361 376 391 406 421 432 432 426 419 418 418 420 421 421 417 413 404 405 408 411 414 419 425 435 438 421 420 437 454 459 449 450 449 449 454 469 487 493 492 486 483 486 481 480 481 479
175 196 218 199 244 288 333 345 349 349 358 352 336 322 313 306 301 296 294 292 291 291 294 298 303 311 319 327 338 350 362 376 390 403 416 423 425 423 418 418 417 417 414 408 404 399 394 391 393 399 408 417 428 438 442 435 431 436 446 449 447 444 445 453 466 477 498 503 497 496 492 492 492 490 489 486
