_episodes_rmd/data/big_extent/bio11.asc
NCOLS 660 
NROWS 720 
XLLCORNER -130 
YLLCORNER -60 
CELLSIZE 0.166666666666667 
NODATA_value -32768 
[rows 408 to 441 of 720, columns 456 to 531 of 660]
243 246 247 247 246 247 245 247 247 244 244 239 232 237 246 249 249 246 248 249 248 251 254 252 256 255 256 254 257 257 257 255 251 258 259 260 260 259 259 259 259 256 256 253 252 252 252 245 251 248 257 250 245 247 247 250 248 249 245 252 258 262 255 252 253 253 258 259 260 256 255 254 252 249 251 252
246 247 247 247 247 247 247 248 245 246 242 239 233 239 248 248 249 245 242 245 251 255 256 256 257 257 256 254 257 257 258 254 250 258 259 260 260 259 257 258 259 257 256 250 251 250 253 245 250 254 254 248 243 246 252 249 245 248 245 250 256 261 254 252 250 253 257 256 256 257 255 252 252 247 249 249
246 247 247 248 245 247 246 248 248 246 240 237 236 239 248 249 248 249 248 250 254 256 257 258 258 258 257 258 258 258 258 253 253 258 259 261 259 260 260 258 257 257 254 247 248 247 249 243 249 256 250 245 245 249 250 254 249 242 246 251 259 259 251 249 249 252 256 251 253 254 255 252 250 250 247 245
247 247 247 248 247 245 245 247 248 249 248 245 245 242 247 249 245 244 251 254 255 256 257 258 258 258 258 260 259 259 258 255 251 258 260 261 260 259 259 258 257 257 251 246 248 251 247 243 250 255 250 252 247 249 253 247 246 243 248 257 259 254 248 247 247 251 248 245 246 250 249 254 253 250 242 240
246 246 247 248 247 244 246 249 249 248 249 245 246 244 246 250 248 242 251 253 256 257 257 259 260 260 261 260 260 260 258 253 252 259 260 261 259 259 259 257 256 255 250 248 250 249 246 249 254 251 247 250 248 245 250 247 241 250 255 259 258 249 244 244 244 247 242 241 240 244 251 255 253 248 241 231
245 247 248 248 248 246 247 248 248 248 249 249 245 245 245 249 249 245 250 250 255 257 258 259 260 262 261 261 261 260 258 256 253 260 260 262 261 260 259 258 257 255 247 249 246 246 249 251 254 249 247 247 242 247 250 242 249 254 260 253 255 249 242 242 241 240 239 243 248 253 255 254 251 244 237 235
245 247 248 248 247 246 248 248 247 247 247 249 248 246 244 249 249 251 254 255 256 257 258 260 261 262 260 261 262 261 258 254 256 262 262 262 260 259 259 259 258 254 247 247 244 246 246 251 253 247 243 241 245 248 245 243 248 255 258 251 247 252 242 237 239 242 247 249 250 252 253 251 251 243 238 236
247 248 247 248 248 247 246 248 246 247 249 249 251 249 246 247 249 250 254 254 259 259 260 262 262 262 262 261 262 261 258 254 258 261 260 260 260 260 260 259 258 256 252 245 247 249 249 245 252 249 242 240 245 238 237 240 250 256 254 246 240 245 242 239 246 247 248 249 252 251 248 250 248 243 242 241
247 246 247 247 247 247 246 248 249 248 250 251 249 250 245 244 247 249 257 258 259 260 261 262 262 262 262 261 262 261 256 254 259 262 259 257 260 259 260 258 257 256 255 248 245 246 247 250 248 247 242 239 236 237 239 244 253 253 247 242 238 239 242 244 242 243 247 250 249 248 251 253 250 246 241 241
246 246 247 247 246 246 248 249 250 250 251 250 247 250 249 245 247 253 257 258 259 260 261 263 262 262 262 262 261 261 254 257 261 262 258 257 259 258 259 258 256 254 253 250 245 246 248 249 245 248 248 242 243 246 248 250 251 246 241 236 236 241 246 244 246 247 247 247 247 251 254 256 251 251 247 244
245 246 246 246 245 246 246 248 249 250 252 251 250 247 247 248 251 257 258 258 260 261 262 262 262 262 262 262 261 260 255 257 260 261 253 256 259 256 257 256 255 255 251 245 242 245 246 244 244 245 247 244 242 244 245 245 247 240 234 237 241 244 245 246 247 248 248 248 247 251 254 256 253 251 247 241
246 245 246 245 246 246 247 248 248 250 251 250 251 250 247 247 254 257 259 259 260 261 263 263 263 263 263 262 262 261 257 255 260 260 248 253 258 257 257 257 255 254 252 250 244 237 241 242 242 243 243 242 241 241 240 241 245 244 243 244 243 242 242 244 246 248 249 249 249 250 253 250 244 236 235 221
244 245 244 245 246 247 248 247 247 249 251 252 252 253 253 252 255 258 259 260 261 262 263 263 263 263 263 263 262 261 255 257 260 262 247 247 255 255 255 257 256 255 252 249 243 238 238 236 242 239 234 235 232 237 240 240 240 241 243 242 241 237 239 240 243 245 247 248 249 249 247 244 234 234 237 226
242 243 244 244 246 247 248 248 247 248 250 252 251 253 253 253 257 259 260 261 262 263 263 263 263 263 263 262 261 259 257 256 259 262 253 244 253 255 253 255 254 251 251 247 246 239 231 225 228 225 221 230 229 230 236 240 238 235 236 232 233 232 235 235 239 242 244 246 247 247 247 245 243 239 219 201
241 243 244 244 245 247 247 247 247 249 251 250 252 254 254 252 254 258 259 260 262 263 264 264 264 264 263 262 261 258 258 259 256 261 256 242 250 252 253 252 252 247 247 247 241 238 231 226 223 222 219 220 231 234 236 236 234 229 229 225 223 226 231 232 239 240 241 242 245 245 244 242 239 231 204 192
241 243 243 243 244 246 246 247 247 248 250 252 254 256 256 255 252 259 261 261 263 264 264 264 264 264 264 262 260 257 257 255 253 258 255 247 245 249 251 250 250 248 243 246 238 238 232 227 224 223 220 219 228 233 234 231 224 219 219 220 222 226 232 230 236 241 241 242 240 240 241 239 235 229 205 198
241 242 243 243 243 245 245 245 246 248 250 253 256 257 258 259 259 262 263 264 264 264 264 264 264 264 262 262 260 256 255 249 250 253 252 243 241 250 250 251 250 248 243 243 240 232 231 230 228 222 223 219 223 228 229 222 220 220 221 222 219 228 235 234 238 240 242 242 238 238 238 236 232 227 212 203
241 241 242 242 244 244 245 245 245 247 249 252 256 257 259 261 261 263 263 264 264 264 263 263 263 263 263 261 259 255 256 251 251 252 252 249 241 246 248 248 248 246 244 239 239 234 226 226 225 226 227 222 221 224 224 224 225 224 225 223 222 228 236 238 245 246 245 242 234 236 236 232 227 221 217 208
241 241 242 242 243 243 244 245 245 246 248 250 254 257 259 261 262 263 263 264 264 264 264 264 263 263 262 260 257 256 256 255 255 250 250 252 248 246 246 247 246 244 241 235 236 225 225 228 227 224 227 227 223 223 224 226 226 226 227 228 225 232 238 239 246 247 244 236 218 228 233 223 220 213 210 208
240 241 240 240 242 242 243 244 244 245 247 250 254 256 258 260 262 263 263 263 264 264 263 263 263 262 262 260 258 256 254 254 253 252 252 252 250 243 238 239 240 242 241 235 228 229 231 227 224 225 223 224 218 221 220 224 225 227 228 229 229 234 236 241 244 246 243 225 207 222 223 224 217 209 204 203
239 239 239 240 240 242 242 243 244 244 245 248 251 254 256 259 262 263 264 264 264 264 263 263 263 262 261 259 256 257 254 254 254 254 252 251 249 247 242 237 248 245 243 240 229 227 227 226 225 223 222 219 218 216 222 226 227 229 230 231 232 233 233 240 242 243 241 219 201 211 222 212 214 207 204 201
238 237 238 239 239 240 242 243 244 244 245 246 249 251 254 258 260 263 263 263 263 263 263 262 262 262 260 258 255 254 253 254 255 254 253 251 250 248 245 248 248 248 244 240 237 233 229 227 226 225 223 223 221 222 227 229 229 229 230 232 233 230 235 239 240 240 232 210 197 199 216 212 208 207 205 197
236 236 237 237 238 239 240 241 243 244 245 245 247 249 252 256 259 262 263 263 263 262 262 262 262 261 261 258 255 254 255 255 255 253 251 251 250 249 247 250 250 250 248 242 240 238 229 229 228 227 226 226 229 221 223 230 231 230 231 232 233 232 235 239 240 239 235 221 211 200 202 208 207 203 199 190
235 235 236 236 236 238 239 240 241 243 244 246 246 247 250 251 257 260 261 262 262 262 262 261 261 261 259 257 256 255 255 255 255 253 249 247 247 248 250 250 251 252 250 249 247 244 233 232 232 230 229 228 226 228 228 231 231 231 231 231 232 233 231 235 240 239 235 211 208 196 190 198 198 198 194 180
235 235 235 235 236 237 238 239 240 242 244 245 246 246 251 252 255 259 260 260 261 261 261 261 260 260 258 255 254 255 254 254 255 252 248 246 241 243 246 249 250 250 251 253 251 241 232 233 234 233 232 229 227 227 230 223 219 223 221 217 227 231 238 235 240 229 233 222 212 201 183 191 190 196 194 181
234 234 234 235 236 236 237 238 239 241 242 243 245 246 248 253 255 257 259 259 260 260 260 260 259 258 258 255 255 254 254 254 253 252 250 246 239 242 245 245 248 250 253 254 254 245 233 235 236 236 235 234 231 229 224 218 218 217 215 214 214 227 238 235 242 229 225 236 225 215 189 188 187 192 200 184
233 233 233 234 235 236 236 237 238 240 241 242 244 244 246 251 255 257 258 258 258 259 259 259 257 256 257 256 256 254 253 253 250 249 249 245 243 244 246 248 250 251 254 254 253 248 235 235 236 236 237 235 230 228 225 221 218 216 216 214 223 235 239 236 242 229 219 236 234 223 195 187 185 193 201 199
232 232 232 234 234 235 236 236 238 239 240 241 243 243 247 251 254 256 256 257 257 257 258 257 255 254 256 256 256 253 252 251 247 247 248 246 245 244 245 247 249 249 249 254 254 251 237 233 234 236 235 233 230 226 222 219 216 215 214 218 235 238 241 242 243 239 222 231 233 228 198 186 186 190 185 196
231 231 231 233 233 233 235 235 237 237 238 240 241 244 247 251 253 254 255 256 257 257 257 254 254 253 254 255 254 253 251 250 243 241 246 240 242 245 245 245 246 248 240 249 252 249 232 231 233 234 233 231 228 226 221 218 217 215 214 223 234 238 241 243 245 238 227 223 232 229 206 189 181 186 180 185
230 230 230 232 232 232 233 234 235 236 236 239 239 243 246 250 252 253 254 255 255 256 255 254 252 253 253 254 254 251 250 249 239 237 246 238 238 246 246 247 246 240 236 239 245 243 232 230 230 231 230 229 226 222 220 219 218 216 216 224 231 238 241 243 243 237 223 210 228 228 214 192 176 180 177 178
229 228 229 231 229 231 232 234 234 235 235 238 238 241 246 249 251 252 253 254 255 255 253 252 252 252 254 252 251 249 250 247 240 239 245 244 227 245 247 244 242 245 241 240 240 237 226 227 228 229 227 226 224 222 221 221 220 216 219 229 235 238 240 242 240 237 221 209 224 226 219 195 172 178 178 177
225 225 227 228 227 229 231 231 234 234 235 236 237 240 245 248 250 251 252 253 254 253 251 251 253 252 252 250 248 249 250 247 236 240 245 242 226 235 244 246 238 243 244 244 244 238 223 225 227 226 226 224 223 221 219 218 222 220 223 230 236 238 239 240 238 233 220 210 213 220 211 190 173 186 190 177
223 224 225 226 225 229 229 229 232 234 233 233 235 240 246 248 249 250 252 252 253 251 250 253 253 253 251 246 246 248 249 246 233 240 242 243 229 218 217 235 243 247 238 248 246 240 230 224 225 225 224 222 221 220 219 218 222 226 231 230 232 233 237 238 235 228 209 208 206 212 210 190 170 186 197 173
220 224 222 224 226 228 227 229 229 233 233 233 233 242 246 247 248 250 251 251 251 252 252 253 252 252 248 246 246 248 247 243 234 239 239 243 234 221 212 226 241 240 241 248 246 239 227 222 224 224 223 222 221 220 219 218 218 221 224 217 218 229 235 234 232 225 210 201 201 199 204 197 192 199 203 173
