_episodes_rmd/data/big_extent/bio16.asc
NCOLS 660 
NROWS 720 
XLLCORNER -130 
YLLCORNER -60 
CELLSIZE 0.166666666666667 
NODATA_value -32768 
[rows 396 to 428 of 720, columns 304 to 379 of 660]
366 279 276 283 233 252 308 321 308 357 435 396 404 450 437 429 472 626 691 704 684 665 669 683 700 725 751 741 721 708 706 711 720 729 738 747 758 765 773 779 785 788 791 792 791 791 791 791 792 794 803 813 828 843 859 873 886 897 907 915 925 933 942 951 955 954 947 934 922 921 926 933 941 950 960 970
388 331 309 318 275 241 268 338 308 340 364 376 363 389 389 416 453 531 736 744 725 674 674 681 692 709 726 726 719 715 715 721 729 739 748 758 767 774 781 786 791 794 794 795 794 795 795 795 793 800 807 819 832 847 862 874 884 889 892 895 898 905 921 940 956 963 961 955 949 947 948 950 954 960 965 973
382 369 338 354 336 303 250 337 350 383 318 338 375 370 376 391 437 440 512 624 731 704 677 669 675 687 698 705 710 713 719 729 740 751 761 770 778 785 790 795 798 799 800 801 800 799 798 796 798 803 811 822 837 853 867 880 886 887 884 876 870 874 901 933 961 977 979 979 974 972 968 967 967 967 970 973
244 370 361 382 395 363 380 287 387 403 341 337 352 373 381 413 411 383 436 543 616 661 660 651 651 658 671 683 695 706 720 735 749 762 774 783 790 795 799 802 804 806 805 804 805 804 802 800 800 806 813 824 840 861 877 889 893 889 880 866 848 851 893 935 970 994 1002 1004 1001 996 989 982 978 974 973 974
188 424 431 420 398 436 342 288 385 408 335 340 362 372 404 415 382 363 397 479 530 571 606 616 619 628 643 661 680 700 720 739 759 775 788 798 803 805 807 808 810 811 811 809 807 807 809 805 802 806 815 826 844 872 892 903 904 899 888 872 863 872 909 948 986 1013 1027 1031 1027 1018 1006 994 986 979 973 971
154 366 364 375 411 455 411 317 368 496 386 353 373 400 429 428 360 342 379 469 504 544 565 582 583 595 616 640 666 691 719 745 768 791 804 812 815 814 813 812 813 815 814 810 807 814 813 804 799 804 818 834 860 893 917 926 923 914 903 895 896 908 936 973 1009 1039 1058 1061 1054 1038 1021 1004 990 979 971 967
106 283 345 385 403 420 465 427 330 489 490 410 390 457 472 444 392 388 422 481 510 542 556 553 551 569 596 624 655 684 717 750 776 803 821 828 824 820 816 813 814 816 815 808 802 808 805 793 789 799 819 847 882 920 949 954 945 931 923 922 926 940 966 999 1036 1068 1092 1095 1079 1055 1032 1009 990 976 966 961
97 196 274 299 347 370 377 454 351 424 501 404 396 475 514 525 494 478 499 520 538 556 560 550 540 554 586 614 646 679 713 752 789 812 841 842 833 822 813 808 808 813 812 799 787 779 774 769 770 789 817 852 894 943 984 978 960 945 942 944 950 966 991 1021 1057 1097 1128 1127 1098 1066 1034 1007 984 967 956 951
131 260 275 334 355 402 377 352 352 348 489 409 390 445 531 594 594 577 542 573 572 593 590 578 568 569 584 611 641 673 708 748 791 826 857 846 833 819 806 796 795 800 797 786 771 754 739 736 747 774 810 848 892 940 979 975 962 956 955 960 969 984 1006 1035 1068 1106 1144 1139 1099 1061 1027 997 971 952 940 938
37 145 146 219 266 350 369 367 429 365 446 430 387 418 492 671 655 658 617 619 640 642 640 624 609 600 605 618 638 665 698 736 777 813 836 833 825 813 799 783 783 788 784 773 756 735 714 703 727 764 801 839 877 913 940 951 955 957 961 968 979 993 1013 1035 1062 1091 1110 1107 1079 1045 1011 981 955 933 929 930
9 29 133 259 270 304 379 369 421 402 411 451 397 394 451 713 632 639 674 672 715 701 711 682 658 637 626 625 635 656 683 716 751 778 800 807 809 806 798 790 786 785 778 766 749 729 706 692 727 769 806 836 863 888 909 927 940 952 962 971 983 996 1011 1029 1047 1063 1072 1066 1046 1020 990 962 937 916 916 917
5 35 149 192 239 303 408 433 405 437 337 439 389 382 467 667 596 612 694 696 653 795 799 761 714 674 645 630 628 642 664 693 721 748 767 779 790 798 802 801 797 789 778 764 751 738 727 730 757 790 819 842 854 865 883 904 925 944 957 971 982 993 1003 1014 1024 1030 1033 1026 1011 990 966 941 919 902 898 901
4 6 35 133 212 285 364 305 431 421 329 423 394 367 403 592 733 618 688 627 677 917 905 853 787 716 661 628 615 623 644 668 694 718 736 752 770 786 803 813 807 792 777 765 756 751 753 769 794 817 836 851 849 844 857 886 913 935 953 967 978 986 990 994 996 997 995 989 978 960 941 920 901 887 879 880
-32768 3 20 65 176 237 328 232 316 430 319 329 370 353 364 435 784 848 689 615 589 901 1028 961 867 766 676 618 597 603 624 646 669 690 709 724 746 768 794 819 807 787 773 764 758 760 773 794 822 835 845 853 847 839 851 877 904 929 949 965 974 978 975 972 967 963 959 954 945 933 917 900 883 872 865 858
-32768 -32768 6 15 49 165 222 191 392 402 337 305 365 394 355 375 602 1040 946 553 609 1054 1181 1088 957 817 693 611 580 590 610 629 647 665 682 698 718 740 762 781 779 769 761 755 755 761 775 797 820 833 840 843 843 844 855 876 900 924 946 964 972 969 959 947 936 929 924 921 915 908 897 883 869 858 848 837
-32768 -32768 3 6 24 96 138 172 214 337 258 290 318 369 353 352 449 824 905 689 801 1134 1364 1242 1060 877 724 625 585 588 602 613 627 642 656 673 690 705 720 732 740 742 742 742 744 752 766 785 802 816 827 833 839 845 857 874 896 920 943 964 971 963 942 921 901 892 889 891 890 886 880 869 859 848 835 819
-32768 -32768 -32768 3 9 37 120 180 202 369 344 323 309 386 345 348 363 540 935 793 638 1056 1570 1408 1176 958 787 676 602 581 588 597 609 622 634 652 666 676 679 688 705 718 722 726 729 737 751 767 785 800 811 822 832 846 859 876 894 918 943 969 980 955 921 888 863 854 857 864 869 871 868 861 852 841 823 806
-32768 -32768 -32768 2 2 17 88 212 277 341 410 306 313 328 384 355 324 398 822 887 536 1097 1708 1537 1249 1005 826 713 636 587 572 582 593 605 621 639 652 658 655 657 685 702 707 707 710 717 731 748 764 782 800 817 833 847 859 872 888 906 929 958 975 942 902 858 820 820 831 842 852 858 862 861 852 839 821 798
-32768 -32768 -32768 3 8 10 39 110 294 262 406 345 363 354 340 346 311 345 591 941 684 821 1587 1518 1231 984 813 714 653 611 590 584 588 597 615 632 647 658 665 675 695 702 697 692 690 695 710 728 748 770 793 813 833 847 856 864 874 884 899 915 923 910 884 855 809 800 814 827 841 852 861 881 857 840 819 798
-32768 -32768 -32768 -32768 9 10 22 103 316 316 346 382 379 368 361 361 309 378 527 866 976 546 1030 1335 1127 907 760 713 669 625 612 606 607 612 621 634 653 672 695 718 724 712 694 677 674 682 694 712 734 760 784 809 831 846 850 853 855 858 861 863 873 874 864 850 829 815 816 825 834 845 855 860 856 840 820 800
-32768 -32768 -32768 -32768 -32768 9 13 63 237 347 352 379 371 353 375 366 361 329 334 453 537 480 861 1164 1012 834 717 677 664 642 632 627 627 631 638 646 657 683 715 752 747 719 692 677 669 678 693 709 725 751 777 801 824 837 838 837 835 834 829 826 835 842 842 837 829 822 821 826 832 838 847 855 855 837 819 801
-32768 -32768 -32768 -32768 -32768 7 12 29 111 318 347 364 358 359 363 360 400 383 349 302 402 296 656 1042 933 805 715 726 686 674 655 650 648 650 655 662 671 683 713 737 736 715 695 686 680 684 695 709 725 744 767 789 806 818 820 817 815 811 808 807 813 820 822 823 823 822 823 829 832 832 835 841 840 827 813 800
-32768 -32768 -32768 -32768 -32768 7 10 22 92 323 333 353 337 342 357 368 392 410 365 278 303 295 568 942 894 795 720 746 767 725 690 672 666 665 671 674 682 691 702 711 714 708 702 695 692 694 703 713 727 739 759 776 790 797 799 798 796 793 790 791 793 799 806 812 815 820 825 829 832 831 823 825 822 814 803 794
-32768 -32768 -32768 -32768 -32768 -32768 6 12 46 158 334 318 337 340 351 370 388 359 253 335 380 341 519 842 893 828 773 791 814 783 738 693 682 680 680 682 688 694 701 706 709 708 706 703 702 705 711 721 730 740 751 766 775 780 782 779 776 774 771 772 776 783 790 800 807 816 824 829 832 829 818 809 806 800 792 786
-32768 -32768 -32768 -32768 -32768 -32768 4 6 21 122 293 322 320 347 352 369 389 414 306 461 429 362 544 789 929 926 914 908 873 824 770 710 693 688 684 683 689 696 700 705 708 710 711 711 711 715 720 727 733 741 748 758 764 766 765 763 758 754 753 753 757 766 775 786 799 812 820 826 828 824 813 800 790 786 781 776
-32768 -32768 -32768 -32768 -32768 -32768 -32768 4 14 118 103 332 342 340 371 368 389 395 358 456 430 360 390 769 992 1047 1090 1022 931 848 781 722 694 688 685 682 688 694 696 703 708 713 715 718 721 724 729 733 738 743 748 754 757 757 753 748 742 737 735 736 740 748 759 774 790 808 819 823 821 816 805 793 781 771 767 765
-32768 -32768 -32768 -32768 -32768 -32768 -32768 3 8 22 82 303 320 322 376 388 392 399 415 512 539 471 411 523 943 1079 1104 1046 962 873 803 725 683 681 682 676 681 685 692 701 709 716 721 724 728 732 736 740 744 747 752 754 753 752 745 736 728 719 716 717 722 730 741 757 780 803 818 819 813 806 796 784 774 764 758 753
-32768 -32768 -32768 -32768 -32768 -32768 -32768 -32768 3 7 37 130 217 343 369 380 383 402 430 520 564 495 432 496 661 1021 1048 1007 941 890 834 725 658 660 668 660 668 677 689 697 708 719 724 730 736 740 744 748 753 757 760 761 757 752 742 728 715 705 701 700 704 712 721 738 767 794 813 809 802 795 785 775 767 758 751 746
-32768 -32768 -32768 -32768 -32768 -32768 -32768 -32768 3 3 13 92 309 375 371 382 399 395 421 498 559 445 442 576 723 884 956 932 895 870 829 768 681 643 637 646 658 672 685 699 710 721 729 735 742 748 754 760 768 773 773 771 764 754 741 727 708 695 684 685 691 698 703 716 745 768 789 791 789 782 774 767 757 749 743 738
-32768 -32768 -32768 -32768 -32768 -32768 -32768 -32768 -32768 3 6 36 223 290 350 382 410 410 431 474 504 467 430 542 742 830 860 865 815 821 805 769 715 618 621 636 648 664 681 697 710 723 733 741 749 759 766 778 788 792 793 789 780 768 751 730 706 685 671 673 683 694 695 689 717 743 764 772 773 770 765 758 749 741 734 730
-32768 -32768 -32768 -32768 -32768 -32768 -32768 -32768 -32768 3 3 13 51 152 375 412 423 433 436 435 449 434 398 580 679 649 807 786 798 741 723 737 740 614 611 627 642 657 678 693 708 723 737 752 763 775 788 800 810 815 816 813 803 787 767 743 716 689 671 673 686 702 715 701 713 734 750 759 762 760 755 748 742 735 728 723
-32768 -32768 -32768 -32768 -32768 -32768 -32768 -32768 -32768 5 8 9 26 115 217 328 432 464 431 417 391 358 349 475 530 446 633 760 716 696 644 707 659 615 592 625 638 654 671 691 709 727 746 764 781 798 812 825 836 841 844 842 832 816 794 768 737 706 683 684 697 713 724 722 724 734 744 751 753 751 748 744 737 730 724 721
-32768 -32768 -32768 -32768 -32768 -32768 -32768 -32768 3 -32768 9 19 12 26 123 344 419 489 466 398 344 310 324 378 500 426 459 647 706 700 684 644 698 670 641 641 639 650 667 689 710 730 757 778 797 817 837 853 868 877 881 878 870 860 836 807 770 734 707 706 715 725 731 736 738 741 746 748 749 747 744 738 732 726 722 719
