_episodes_rmd/data/big_extent/bio1.asc
NCOLS 660 
NROWS 720 
XLLCORNER -130 
YLLCORNER -60 
CELLSIZE 0.166666666666667 
NODATA_value -32768 
[rows 136 to 169 of 720, columns 76 to 151 of 660]
111 143 135 117 113 99 92 114 131 129 121 132 122 140 119 119 130 135 124 137 131 134 119 127 138 123 101 96 92 90 87 100 113 114 118 124 128 109 142 141 137 140 134 122 120 124 123 123 123 116 103 89 87 80 73 61 71 67 64 49 47 49 43 15 -1 14 34 49 54 54 54 47 11 17 55 73
130 125 146 144 131 114 120 140 131 126 116 137 144 139 145 146 154 146 153 158 140 141 165 159 135 127 106 99 106 108 105 106 126 130 139 146 148 138 126 129 126 134 133 126 129 125 122 119 116 119 113 108 97 92 88 86 84 77 78 69 63 59 47 33 10 13 28 46 53 56 57 41 6 31 59 76
166 113 141 152 144 136 126 146 149 129 140 143 145 134 166 159 162 137 170 178 173 143 148 149 136 129 122 115 128 121 104 96 104 108 142 144 142 134 124 114 114 118 129 124 127 124 120 113 107 109 116 112 106 100 102 99 96 87 84 82 68 59 54 44 40 14 25 38 53 60 55 24 11 44 54 61
215 192 160 171 171 167 157 154 154 145 152 146 117 120 170 181 188 184 189 182 144 121 122 136 131 131 125 131 125 104 74 91 102 121 126 117 122 123 121 112 99 106 120 124 124 123 119 110 90 95 112 112 113 111 110 110 106 101 91 84 67 61 52 52 55 25 23 38 54 61 49 15 22 49 66 75
202 206 225 174 180 181 174 164 148 156 160 152 96 114 168 188 193 200 188 136 153 142 122 128 121 122 124 127 125 86 57 75 123 122 103 107 110 111 106 110 105 100 98 117 119 118 119 112 94 101 105 111 112 109 105 108 104 99 92 85 71 66 59 63 63 41 31 49 62 72 45 10 32 52 77 90
136 148 231 190 164 186 180 163 112 103 121 159 150 144 181 184 183 204 190 178 180 134 114 123 107 111 116 121 139 100 55 60 112 107 102 114 112 109 115 110 106 105 95 94 99 113 119 108 92 66 93 108 112 109 101 102 96 94 88 87 75 66 59 61 64 58 52 74 76 80 70 36 33 41 87 96
165 109 217 192 163 186 173 171 151 91 87 140 179 187 188 183 193 205 171 179 188 131 113 127 136 132 140 138 119 123 103 62 102 111 114 120 120 120 120 114 108 103 100 94 92 108 115 99 85 71 77 107 112 110 106 103 96 90 83 85 77 70 63 53 77 87 92 95 91 74 52 26 40 58 81 94
198 106 200 209 149 170 180 167 170 153 125 153 182 192 195 205 192 209 195 195 165 134 120 132 149 113 112 111 117 100 115 78 114 112 125 133 129 122 121 114 109 108 103 101 101 109 113 97 83 80 63 92 110 108 106 102 97 93 87 81 79 73 53 36 43 46 84 104 90 62 28 49 66 76 83 93
192 147 184 217 197 178 197 174 171 170 145 145 172 176 194 200 192 191 181 165 132 149 144 136 135 95 104 109 110 108 96 82 77 89 115 140 133 116 112 114 111 109 106 99 91 106 107 92 75 80 73 83 108 106 103 100 95 91 87 87 89 85 70 50 44 44 89 109 91 35 18 61 83 86 86 96
182 181 184 184 213 211 206 187 148 166 176 165 173 182 184 200 193 181 158 168 139 135 149 154 129 102 102 108 111 110 104 97 88 92 119 136 141 127 121 117 117 114 105 99 100 100 98 90 77 85 84 100 98 95 97 97 94 89 90 91 99 98 84 82 65 81 103 102 83 46 39 67 85 91 93 97
179 181 165 176 186 186 206 203 177 168 149 179 153 152 172 201 195 177 158 172 168 133 131 133 118 111 101 99 108 108 105 99 88 93 108 129 141 133 129 125 121 115 108 107 110 107 99 89 81 90 93 92 91 87 81 87 86 89 95 92 96 106 111 115 104 118 114 107 91 79 71 80 90 90 93 97
165 164 168 167 169 175 194 206 171 162 148 172 169 155 177 203 211 173 159 150 168 149 136 120 116 117 109 102 109 107 100 87 69 58 76 108 131 136 130 128 123 113 106 112 115 111 106 97 91 94 93 87 77 77 81 92 88 85 82 64 89 110 113 117 123 124 114 108 104 91 89 94 97 100 108 115
163 171 167 172 187 200 194 212 200 166 152 154 148 162 191 181 214 178 177 160 159 145 137 122 116 109 116 112 119 112 90 84 76 64 74 98 116 128 133 132 125 117 117 121 120 117 110 108 106 98 89 86 85 67 66 79 95 82 56 77 103 116 120 123 129 94 100 99 99 91 92 100 110 118 124 124
180 170 172 193 189 201 210 216 207 183 184 153 165 177 196 202 222 188 185 174 128 150 150 130 121 111 106 122 117 122 107 94 91 80 79 88 106 118 126 130 128 126 124 125 122 121 117 111 102 96 98 93 86 85 73 70 88 95 101 108 114 120 124 128 131 98 96 102 99 91 92 102 110 120 125 130
179 180 184 193 198 186 201 198 203 199 174 187 194 195 202 217 228 206 188 184 137 156 162 133 115 110 102 119 130 134 142 141 134 119 84 77 93 110 116 122 125 128 129 128 125 122 114 103 103 103 97 86 82 82 78 80 89 87 103 115 120 124 125 130 128 103 93 104 102 94 94 102 112 120 126 134
169 164 160 158 177 192 196 201 196 179 186 199 209 194 207 207 223 222 209 195 162 158 178 144 144 120 114 120 125 131 127 140 160 149 108 81 89 99 105 111 113 113 118 123 124 120 116 112 111 101 96 91 85 81 80 86 81 79 93 112 107 120 127 129 125 93 101 106 107 102 100 104 112 120 127 132
159 151 158 154 162 175 181 207 219 219 220 220 198 195 212 214 207 223 197 193 186 172 185 172 161 152 146 126 116 122 133 133 159 158 116 94 88 89 92 97 102 107 109 115 116 118 115 115 110 104 95 89 89 83 82 86 80 82 96 108 110 123 127 129 124 91 104 109 109 104 105 107 112 121 128 134
153 139 150 158 172 181 184 189 205 220 229 228 211 213 213 213 220 221 220 205 200 188 190 173 174 170 148 140 131 108 138 154 141 155 125 102 98 84 81 86 93 98 104 110 105 103 102 107 98 94 95 94 88 82 80 80 80 88 100 111 117 116 129 128 120 113 104 107 108 108 109 108 116 121 127 134
136 104 82 87 127 165 186 198 205 203 213 227 227 230 212 208 218 211 219 217 212 204 199 196 181 170 157 138 148 130 149 165 147 160 147 141 129 118 97 90 90 95 95 99 95 88 84 94 91 82 79 81 77 77 77 75 69 78 85 93 110 123 131 126 116 115 111 114 109 100 105 112 120 127 133 138
178 160 95 95 150 156 162 172 194 209 208 209 221 225 224 222 221 226 223 214 206 200 192 179 181 178 174 174 162 162 166 178 153 178 153 142 150 124 114 112 109 111 110 100 90 73 56 70 77 74 67 70 66 63 67 78 79 86 89 94 98 115 132 126 120 126 117 117 115 109 110 118 127 133 139 142
170 172 160 157 197 203 174 157 184 202 209 219 226 218 220 221 221 225 218 213 211 201 189 190 184 184 180 185 185 189 203 194 174 177 173 151 163 125 120 128 125 122 126 111 104 70 44 54 60 57 70 71 77 73 81 85 86 87 76 90 101 109 134 134 133 130 117 119 124 114 111 119 130 139 144 145
170 173 171 120 149 213 225 202 177 185 198 223 230 221 223 224 221 222 218 211 213 208 201 192 190 187 194 198 202 207 210 208 199 196 193 158 177 173 148 167 139 129 131 122 108 85 71 71 65 72 73 91 72 68 81 76 73 83 85 88 125 135 141 139 140 125 119 127 129 109 109 119 129 139 145 147
167 172 159 137 131 141 209 226 218 204 206 195 213 227 227 226 224 218 216 209 209 215 212 209 208 203 204 206 198 211 214 213 212 207 205 195 180 177 180 152 147 134 126 120 114 99 91 75 82 84 95 83 71 68 72 76 78 85 101 87 130 146 143 142 143 130 136 140 127 107 104 99 111 137 147 149
170 169 148 137 138 168 176 219 230 229 213 207 204 216 222 226 224 218 217 206 204 214 214 211 212 213 214 213 211 213 214 213 214 213 208 197 180 163 165 167 174 171 150 132 111 110 108 104 110 103 119 76 61 73 71 83 77 90 105 126 143 144 145 140 136 140 150 143 111 78 104 113 125 135 146 151
170 168 154 140 133 179 215 219 227 229 230 225 213 214 220 225 221 217 215 217 216 219 222 221 217 219 217 218 214 212 205 211 212 212 211 208 202 186 168 156 170 183 174 155 133 121 120 116 131 119 120 89 71 78 96 93 73 94 120 140 152 148 142 121 128 153 154 150 119 93 91 107 121 131 143 152
168 171 168 151 135 162 181 217 224 226 227 227 225 220 217 221 225 226 221 216 227 227 227 228 227 227 223 222 216 210 209 210 211 210 209 209 208 201 196 190 178 165 150 176 161 139 136 138 144 117 117 125 121 103 102 93 74 95 124 146 151 147 143 127 142 157 157 155 131 87 89 105 119 132 144 152
170 171 172 162 127 144 189 207 218 223 224 226 227 225 223 221 225 230 227 225 230 232 232 232 230 228 227 226 219 208 208 210 211 210 210 209 205 194 183 197 179 165 144 165 177 171 160 155 156 143 115 119 137 119 97 98 100 94 130 147 144 144 146 137 138 157 158 158 138 80 92 110 121 135 145 152
170 173 173 160 140 132 157 191 213 222 224 225 227 227 226 225 231 231 229 231 233 232 233 232 230 229 227 222 215 202 205 204 211 211 211 208 205 194 179 187 185 153 157 140 122 164 173 162 151 154 141 141 129 124 123 120 122 116 133 147 151 147 147 144 136 156 157 160 141 83 92 111 123 136 145 152
-32768 170 169 165 153 146 148 155 198 215 221 225 227 228 228 227 230 229 224 228 228 229 229 231 229 227 225 219 209 201 204 207 210 210 210 209 205 191 185 167 187 164 141 154 138 144 168 164 153 152 151 146 131 118 132 139 138 130 141 145 143 146 149 148 137 152 160 161 158 127 115 121 130 129 142 152
164 165 165 166 163 151 141 137 151 213 212 213 227 228 228 227 228 227 222 221 221 224 226 227 227 224 221 218 204 202 204 207 207 208 202 203 207 200 183 136 175 179 153 145 155 148 163 170 163 146 153 151 139 131 139 144 147 146 148 147 144 146 151 152 139 158 161 160 155 147 146 141 147 139 135 150
-32768 166 162 155 158 153 135 128 138 204 214 210 224 226 226 226 227 226 223 219 217 217 220 223 225 222 218 216 208 208 203 205 205 203 202 199 202 199 204 194 153 170 165 150 158 156 143 164 167 157 154 150 154 148 148 150 153 155 155 156 154 153 156 162 145 162 164 161 151 146 152 155 155 163 142 140
-32768 -32768 162 161 160 152 142 132 122 176 207 214 215 222 223 224 224 223 222 222 219 217 219 221 220 219 214 206 205 208 203 200 194 189 191 193 194 196 200 192 168 165 167 154 161 161 153 141 145 160 154 148 153 153 151 153 157 159 152 161 157 157 161 165 167 167 167 161 147 147 147 156 162 166 142 131
-32768 -32768 164 162 160 151 153 140 122 157 192 208 215 218 220 222 221 221 221 221 219 219 215 216 219 216 213 210 205 206 207 204 198 190 169 185 170 179 190 173 168 159 169 159 153 162 157 135 115 152 149 151 155 150 150 149 158 159 165 165 158 160 165 168 169 167 169 162 146 150 152 157 166 169 149 146
-32768 -32768 -32768 161 162 153 147 142 132 134 173 190 208 212 217 219 218 216 218 219 219 218 210 210 217 214 208 205 207 206 205 201 198 191 167 180 174 180 164 148 157 152 169 168 157 164 155 134 122 152 139 147 155 156 155 156 161 164 168 168 168 168 168 170 170 173 171 166 154 152 157 161 164 169 167 154
