_episodes_rmd/data/big_extent/bio11.asc
NCOLS 660 
NROWS 720 
XLLCORNER -130 
YLLCORNER -60 
CELLSIZE 0.166666666666667 
NODATA_value -32768 
[rows 34 to 67 of 720, columns 152 to 227 of 660]
-193 -193 -189 -188 -188 -189 -189 -190 -190 -190 -191 -192 -192 -192 -191 -189 -187 -186 -186 -186 -187 -188 -188 -189 -190 -191 -192 -193 -194 -195 -196 -196 -197 -197 -197 -198 -198 -198 -198 -199 -199 -201 -202 -204 -205 -206 -206 -207 -208 -209 -209 -209 -210 -210 -210 -210 -210 -210 -211 -211 -211 -212 -213 -213 -213 -213 -214 -215 -215 -216 -216 -216 -216 -217 -218 -218
-188 -187 -186 -186 -186 -186 -187 -187 -188 -188 -189 -189 -190 -191 -191 -189 -188 -186 -185 -185 -186 -186 -187 -187 -188 -188 -189 -190 -191 -192 -193 -193 -194 -194 -195 -196 -196 -196 -197 -198 -199 -200 -202 -203 -203 -204 -205 -206 -207 -207 -208 -208 -209 -209 -209 -209 -209 -209 -210 -209 -210 -210 -211 -211 -212 -212 -213 -213 -214 -214 -214 -215 -215 -216 -216 -217
-185 -185 -184 -183 -183 -183 -184 -184 -185 -185 -187 -187 -188 -190 -190 -188 -186 -185 -184 -184 -185 -185 -185 -185 -186 -187 -187 -188 -188 -189 -190 -191 -192 -192 -192 -194 -194 -195 -196 -196 -198 -199 -200 -202 -202 -203 -204 -204 -205 -206 -207 -206 -207 -207 -207 -207 -207 -207 -207 -207 -208 -208 -209 -209 -210 -210 -212 -212 -212 -212 -213 -213 -213 -213 -215 -215
-183 -182 -182 -181 -181 -181 -181 -181 -183 -183 -184 -185 -186 -187 -187 -185 -184 -183 -182 -182 -182 -183 -183 -183 -184 -184 -185 -185 -186 -187 -188 -189 -189 -189 -190 -191 -192 -193 -194 -196 -197 -198 -199 -200 -201 -202 -202 -203 -204 -204 -205 -205 -205 -205 -205 -206 -206 -205 -205 -205 -205 -206 -206 -206 -208 -208 -209 -210 -210 -211 -211 -211 -212 -212 -213 -213
-181 -181 -179 -178 -177 -177 -178 -179 -181 -181 -182 -183 -184 -185 -187 -184 -181 -181 -180 -181 -181 -181 -180 -181 -181 -182 -182 -183 -184 -184 -186 -187 -187 -187 -188 -189 -191 -192 -193 -194 -195 -197 -197 -198 -199 -200 -201 -202 -202 -203 -203 -203 -203 -204 -204 -204 -204 -204 -204 -204 -204 -204 -205 -205 -206 -207 -207 -208 -208 -209 -209 -210 -210 -211 -211 -212
-178 -178 -177 -175 -174 -175 -176 -177 -179 -180 -180 -181 -186 -193 -194 -183 -180 -179 -179 -178 -179 -178 -178 -179 -179 -179 -180 -180 -182 -182 -183 -184 -184 -185 -186 -187 -189 -190 -191 -193 -194 -195 -196 -197 -198 -199 -200 -200 -200 -201 -202 -202 -202 -203 -203 -203 -203 -203 -203 -203 -204 -204 -203 -204 -205 -206 -206 -206 -207 -208 -208 -209 -209 -208 -209 -210
-176 -176 -175 -173 -172 -173 -175 -176 -177 -179 -182 -185 -188 -191 -186 -179 -177 -177 -176 -176 -175 -176 -176 -177 -177 -177 -178 -179 -179 -180 -180 -181 -181 -182 -184 -186 -188 -189 -190 -192 -193 -194 -195 -196 -197 -197 -198 -199 -199 -200 -200 -200 -201 -201 -201 -201 -201 -202 -202 -202 -202 -202 -202 -203 -203 -203 -203 -204 -204 -205 -206 -206 -206 -207 -207 -207
-174 -174 -173 -172 -171 -172 -174 -176 -181 -183 -185 -185 -186 -183 -177 -175 -174 -174 -173 -173 -174 -173 -173 -174 -174 -175 -176 -176 -177 -178 -178 -179 -180 -181 -183 -185 -186 -188 -189 -191 -192 -193 -194 -194 -195 -197 -197 -197 -197 -198 -198 -198 -199 -199 -199 -199 -199 -199 -199 -200 -200 -200 -200 -201 -201 -202 -202 -202 -202 -203 -203 -203 -204 -204 -205 -205
-172 -172 -172 -172 -172 -174 -176 -178 -179 -180 -180 -180 -179 -176 -171 -171 -171 -171 -171 -170 -171 -171 -171 -172 -172 -173 -174 -174 -175 -176 -178 -179 -180 -181 -182 -184 -185 -186 -188 -189 -190 -192 -193 -194 -195 -195 -196 -196 -196 -196 -196 -197 -197 -197 -197 -197 -198 -198 -198 -198 -198 -199 -199 -199 -199 -200 -200 -200 -200 -200 -201 -201 -202 -202 -203 -203
-171 -172 -172 -172 -173 -175 -175 -175 -176 -177 -177 -176 -175 -172 -170 -171 -172 -174 -176 -181 -175 -169 -169 -170 -170 -171 -172 -173 -173 -174 -176 -177 -179 -180 -182 -183 -184 -186 -187 -189 -190 -191 -192 -192 -193 -194 -194 -194 -194 -194 -194 -194 -195 -195 -195 -196 -196 -196 -196 -196 -197 -197 -197 -197 -198 -198 -199 -199 -199 -199 -200 -200 -200 -201 -201 -201
-170 -171 -171 -173 -173 -174 -175 -176 -177 -177 -176 -175 -174 -172 -172 -175 -180 -182 -181 -182 -180 -171 -167 -168 -168 -169 -170 -171 -172 -173 -175 -176 -178 -179 -181 -182 -184 -185 -186 -188 -189 -190 -191 -191 -192 -192 -192 -192 -192 -193 -192 -193 -192 -193 -194 -193 -194 -195 -195 -195 -196 -195 -196 -196 -196 -197 -197 -197 -197 -197 -197 -198 -198 -199 -199 -200
-169 -169 -170 -171 -172 -173 -176 -178 -178 -178 -178 -177 -176 -176 -174 -176 -178 -178 -178 -178 -175 -166 -165 -166 -166 -167 -168 -169 -170 -171 -173 -175 -177 -179 -180 -182 -183 -184 -186 -187 -188 -189 -190 -190 -190 -191 -191 -190 -190 -190 -190 -191 -190 -191 -191 -191 -192 -192 -193 -193 -194 -194 -194 -195 -195 -195 -195 -195 -196 -196 -196 -196 -197 -198 -198 -199
-166 -167 -168 -169 -171 -172 -174 -176 -178 -178 -178 -177 -176 -176 -174 -175 -177 -174 -172 -169 -164 -163 -164 -165 -166 -166 -166 -167 -168 -170 -172 -174 -176 -178 -180 -181 -183 -184 -185 -186 -187 -188 -188 -188 -189 -189 -189 -188 -188 -188 -188 -188 -189 -189 -189 -190 -190 -190 -191 -192 -191 -191 -192 -192 -193 -194 -194 -194 -194 -194 -194 -195 -195 -196 -197 -197
-162 -163 -164 -166 -169 -170 -172 -175 -176 -177 -175 -174 -174 -174 -174 -173 -174 -171 -167 -165 -163 -163 -165 -166 -165 -165 -164 -165 -167 -169 -170 -172 -175 -177 -179 -181 -183 -184 -185 -186 -186 -187 -187 -187 -187 -187 -186 -185 -185 -185 -185 -186 -187 -187 -187 -187 -188 -188 -188 -189 -189 -190 -190 -190 -191 -191 -192 -192 -192 -192 -192 -193 -193 -194 -195 -196
-159 -159 -160 -162 -166 -168 -170 -172 -173 -174 -174 -173 -173 -173 -173 -172 -172 -171 -168 -167 -168 -171 -175 -172 -164 -164 -163 -163 -165 -167 -169 -171 -174 -176 -179 -181 -183 -184 -185 -185 -186 -186 -186 -186 -185 -184 -183 -182 -182 -182 -183 -183 -184 -184 -185 -185 -185 -186 -187 -187 -188 -188 -188 -188 -188 -189 -189 -189 -190 -190 -190 -190 -191 -192 -193 -194
-156 -156 -158 -160 -163 -165 -167 -169 -170 -171 -171 -171 -171 -171 -171 -172 -173 -174 -173 -173 -172 -173 -174 -173 -164 -163 -162 -162 -163 -164 -167 -169 -172 -175 -178 -180 -182 -183 -184 -185 -185 -185 -186 -185 -183 -182 -180 -179 -179 -179 -180 -181 -181 -182 -182 -183 -183 -184 -184 -185 -186 -186 -187 -186 -186 -186 -187 -186 -187 -186 -187 -187 -188 -190 -190 -191
-154 -157 -159 -160 -162 -165 -166 -168 -168 -168 -169 -168 -169 -169 -171 -172 -172 -173 -173 -173 -172 -172 -173 -173 -166 -161 -161 -160 -161 -163 -165 -168 -170 -173 -177 -179 -181 -183 -185 -185 -185 -185 -184 -183 -182 -181 -179 -177 -176 -177 -178 -178 -179 -180 -180 -181 -182 -182 -182 -183 -184 -184 -185 -185 -185 -186 -186 -186 -186 -185 -185 -185 -186 -187 -187 -188
-153 -156 -157 -159 -162 -164 -166 -168 -169 -168 -166 -166 -166 -167 -169 -171 -171 -169 -170 -169 -169 -170 -171 -172 -165 -161 -159 -158 -158 -161 -162 -166 -169 -172 -176 -178 -181 -182 -183 -184 -183 -184 -184 -183 -181 -179 -177 -175 -174 -175 -175 -175 -176 -177 -178 -178 -179 -180 -180 -180 -181 -182 -183 -184 -184 -184 -184 -183 -183 -183 -183 -183 -184 -184 -184 -185
-151 -153 -158 -159 -160 -163 -164 -166 -167 -167 -165 -165 -165 -165 -166 -168 -168 -167 -166 -166 -166 -166 -165 -164 -162 -159 -158 -157 -156 -157 -160 -164 -167 -170 -173 -176 -179 -180 -181 -182 -182 -183 -183 -183 -181 -178 -176 -174 -173 -173 -172 -173 -174 -175 -176 -176 -177 -177 -177 -178 -178 -179 -180 -182 -181 -181 -181 -180 -179 -179 -179 -180 -181 -181 -182 -182
-148 -151 -154 -156 -158 -160 -162 -164 -164 -164 -163 -162 -162 -162 -164 -165 -165 -164 -163 -163 -164 -165 -164 -163 -162 -160 -158 -157 -156 -156 -159 -162 -165 -167 -171 -173 -175 -177 -178 -180 -180 -181 -181 -181 -179 -176 -174 -172 -171 -170 -169 -170 -170 -172 -173 -174 -174 -174 -175 -176 -176 -177 -178 -178 -178 -178 -177 -177 -176 -176 -176 -177 -178 -178 -179 -180
-147 -149 -151 -153 -155 -157 -159 -160 -160 -160 -160 -159 -160 -160 -161 -161 -162 -161 -161 -160 -162 -166 -167 -166 -167 -166 -164 -167 -165 -159 -158 -161 -164 -166 -168 -169 -172 -173 -175 -177 -178 -179 -179 -178 -176 -174 -172 -170 -168 -167 -166 -166 -167 -169 -170 -170 -171 -172 -173 -173 -174 -175 -176 -175 -176 -175 -173 -172 -172 -172 -172 -173 -174 -176 -177 -178
-147 -149 -150 -151 -152 -153 -154 -155 -156 -157 -156 -156 -156 -157 -157 -158 -158 -158 -158 -158 -160 -163 -164 -167 -168 -167 -166 -167 -169 -170 -162 -160 -162 -163 -165 -166 -168 -170 -171 -173 -175 -176 -176 -176 -175 -173 -170 -168 -166 -164 -163 -162 -163 -165 -166 -168 -168 -170 -170 -171 -172 -172 -172 -172 -172 -171 -169 -168 -167 -168 -170 -171 -172 -174 -175 -175
-146 -150 -151 -152 -152 -151 -150 -151 -152 -153 -153 -153 -153 -154 -155 -155 -155 -155 -155 -155 -158 -161 -164 -166 -166 -166 -166 -167 -168 -170 -168 -160 -160 -161 -162 -164 -165 -166 -168 -169 -171 -172 -173 -174 -173 -170 -168 -166 -164 -162 -160 -158 -159 -161 -163 -165 -166 -167 -167 -168 -169 -168 -169 -169 -167 -166 -165 -165 -164 -165 -166 -167 -169 -170 -171 -172
-144 -147 -148 -149 -150 -149 -150 -150 -149 -151 -151 -151 -151 -153 -154 -155 -155 -154 -154 -153 -155 -159 -162 -164 -164 -165 -166 -166 -167 -168 -167 -160 -158 -158 -158 -160 -161 -163 -164 -166 -167 -169 -170 -171 -171 -168 -166 -164 -162 -161 -158 -156 -156 -158 -160 -162 -163 -165 -165 -165 -165 -165 -165 -165 -164 -163 -163 -162 -162 -163 -163 -164 -165 -167 -168 -169
-141 -143 -144 -145 -145 -145 -146 -148 -149 -149 -149 -149 -149 -151 -152 -152 -153 -153 -153 -153 -152 -154 -158 -160 -161 -162 -164 -165 -165 -164 -160 -158 -157 -156 -156 -157 -158 -159 -160 -162 -164 -166 -167 -169 -168 -166 -165 -162 -161 -159 -158 -156 -156 -157 -159 -160 -161 -162 -162 -162 -162 -161 -161 -161 -160 -160 -160 -161 -160 -161 -162 -162 -163 -164 -165 -166
-137 -139 -140 -140 -140 -140 -142 -143 -145 -146 -147 -148 -149 -150 -151 -152 -151 -152 -151 -151 -151 -151 -152 -155 -156 -158 -160 -161 -162 -160 -158 -157 -156 -154 -154 -154 -155 -155 -157 -158 -160 -162 -164 -165 -165 -164 -163 -162 -160 -158 -158 -157 -156 -157 -158 -159 -160 -160 -160 -160 -160 -160 -159 -158 -159 -158 -157 -158 -159 -160 -161 -162 -162 -163 -164 -165
-133 -135 -137 -136 -135 -135 -136 -139 -142 -144 -146 -149 -150 -151 -151 -151 -150 -150 -150 -149 -149 -148 -147 -149 -151 -153 -156 -157 -157 -156 -155 -155 -154 -153 -153 -152 -152 -153 -153 -154 -156 -158 -160 -161 -162 -161 -161 -160 -160 -158 -158 -157 -157 -157 -158 -158 -159 -160 -159 -159 -157 -157 -157 -157 -158 -157 -156 -156 -156 -157 -158 -159 -161 -162 -162 -164
-130 -131 -132 -132 -129 -129 -133 -136 -139 -142 -144 -147 -149 -150 -150 -149 -149 -148 -148 -147 -146 -145 -144 -146 -148 -151 -153 -155 -155 -153 -152 -151 -150 -151 -151 -151 -150 -150 -150 -151 -153 -154 -156 -158 -159 -159 -159 -159 -158 -158 -158 -158 -157 -158 -158 -159 -159 -159 -159 -157 -156 -155 -154 -154 -155 -155 -154 -154 -155 -155 -157 -157 -159 -160 -162 -163
-127 -128 -129 -128 -125 -126 -130 -134 -138 -141 -144 -144 -144 -144 -145 -146 -146 -146 -146 -145 -144 -143 -143 -144 -146 -148 -150 -152 -152 -151 -149 -147 -148 -148 -149 -150 -151 -148 -148 -148 -149 -151 -153 -155 -156 -156 -157 -157 -158 -158 -159 -158 -158 -158 -158 -158 -157 -157 -157 -156 -155 -153 -153 -153 -152 -152 -152 -153 -153 -154 -155 -157 -157 -159 -161 -163
-123 -125 -126 -126 -126 -126 -128 -132 -136 -141 -143 -143 -142 -142 -142 -142 -143 -143 -143 -143 -142 -142 -142 -143 -144 -147 -149 -150 -150 -149 -148 -146 -146 -147 -148 -150 -151 -150 -145 -145 -146 -148 -150 -152 -153 -155 -156 -157 -158 -158 -159 -159 -158 -158 -158 -158 -158 -157 -156 -154 -154 -153 -151 -151 -150 -150 -150 -152 -153 -153 -154 -155 -158 -158 -159 -162
-120 -122 -125 -127 -126 -126 -127 -130 -134 -139 -143 -142 -141 -140 -139 -139 -139 -140 -140 -141 -141 -140 -140 -141 -143 -145 -147 -148 -148 -146 -144 -143 -143 -144 -146 -148 -149 -150 -146 -142 -144 -146 -148 -150 -152 -153 -154 -155 -156 -157 -158 -159 -159 -158 -158 -158 -157 -156 -155 -153 -153 -152 -151 -150 -149 -149 -149 -149 -150 -152 -152 -155 -156 -157 -158 -159
-114 -118 -122 -125 -127 -127 -127 -127 -130 -135 -138 -138 -137 -136 -135 -135 -136 -137 -137 -138 -138 -137 -138 -140 -142 -146 -149 -149 -149 -146 -143 -140 -140 -143 -145 -147 -148 -148 -147 -143 -142 -144 -146 -148 -150 -151 -152 -154 -155 -156 -157 -157 -158 -158 -157 -157 -156 -155 -153 -152 -151 -151 -150 -149 -149 -149 -148 -148 -149 -150 -151 -152 -154 -154 -156 -158
-113 -117 -121 -123 -126 -127 -126 -125 -126 -130 -134 -135 -134 -133 -132 -132 -133 -134 -135 -134 -134 -134 -135 -138 -140 -144 -147 -148 -150 -148 -143 -139 -139 -142 -144 -146 -148 -149 -149 -146 -143 -143 -144 -145 -146 -147 -149 -152 -154 -155 -154 -155 -155 -156 -156 -156 -155 -154 -152 -151 -150 -150 -150 -149 -149 -147 -146 -145 -146 -147 -148 -150 -151 -152 -153 -155
-112 -115 -119 -121 -122 -123 -123 -122 -125 -130 -133 -135 -134 -132 -130 -129 -131 -131 -132 -131 -130 -131 -135 -138 -138 -138 -139 -141 -143 -145 -143 -141 -139 -141 -143 -146 -147 -149 -150 -147 -143 -141 -141 -142 -143 -144 -147 -150 -153 -153 -153 -153 -154 -155 -155 -155 -154 -152 -150 -149 -148 -149 -148 -148 -147 -146 -144 -143 -143 -144 -146 -147 -149 -149 -150 -152
