_episodes_rmd/data/big_extent/bio10.asc
NCOLS 660 
NROWS 720 
XLLCORNER -130 
YLLCORNER -60 
CELLSIZE 0.166666666666667 
NODATA_value -32768 
[rows 0 to 33 of 720, columns 152 to 227 of 660]
119 120 120 119 117 116 115 116 116 116 115 116 116 115 115 115 115 112 112 112 111 113 111 112 111 111 112 111 111 110 108 106 107 106 105 104 103 102 102 101 101 99 98 98 99 98 97 97 97 96 96 96 95 94 94 94 94 94 94 94 -32768 -32768 -32768 -32768 -32768 -32768 -32768 -32768 -32768 -32768 -32768 -32768 -32768 -32768 -32768 -32768
120 121 121 121 120 119 117 117 117 116 116 117 117 117 116 115 113 113 115 114 114 115 114 113 113 113 113 113 112 111 111 110 108 107 106 105 104 103 103 102 102 101 100 99 100 99 99 99 98 97 96 96 96 96 96 95 95 95 95 95 -32768 -32768 -32768 -32768 -32768 -32768 -32768 -32768 -32768 -32768 -32768 -32768 -32768 -32768 -32768 -32768
124 124 124 124 122 122 120 119 117 117 118 118 118 118 116 115 115 115 116 117 116 116 115 115 115 115 115 114 113 113 112 111 110 108 107 107 106 105 104 104 104 103 102 100 100 100 100 99 100 99 98 97 98 98 97 97 96 96 96 96 -32768 -32768 -32768 -32768 -32768 -32768 -32768 -32768 -32768 -32768 -32768 -32768 -32768 -32768 -32768 -32768
126 126 125 125 124 123 122 121 121 120 119 119 119 118 117 117 117 117 117 116 116 115 115 116 116 117 116 115 115 114 114 112 110 109 109 109 108 107 106 106 105 104 102 101 101 101 101 102 101 101 101 100 99 99 98 98 98 97 97 97 -32768 -32768 -32768 -32768 -32768 -32768 -32768 -32768 -32768 -32768 -32768 -32768 -32768 -32768 -32768 -32768
129 128 127 126 125 124 124 123 123 122 121 120 120 120 120 120 119 119 119 119 117 117 117 117 117 116 116 116 116 115 116 115 113 111 111 112 112 110 108 108 107 107 106 104 104 103 103 103 102 102 101 101 101 100 100 99 99 98 99 98 -32768 -32768 -32768 -32768 -32768 -32768 -32768 -32768 -32768 -32768 -32768 -32768 -32768 -32768 -32768 -32768
131 131 129 128 127 125 126 124 124 123 122 122 122 122 122 122 121 122 121 119 118 119 120 119 119 119 118 119 119 117 118 117 116 115 115 114 113 111 109 109 109 108 108 107 106 105 105 104 104 103 103 102 102 101 101 101 100 100 100 99 -32768 -32768 -32768 -32768 -32768 -32768 -32768 -32768 -32768 -32768 -32768 -32768 -32768 -32768 -32768 -32768
131 131 130 130 129 127 127 126 124 124 125 125 124 124 123 124 124 124 123 122 122 122 122 122 121 120 120 120 120 119 119 119 118 118 116 116 114 113 112 112 111 109 109 108 108 107 107 106 105 106 105 105 103 103 103 102 102 102 101 101 100 -32768 -32768 -32768 -32768 -32768 -32768 -32768 -32768 -32768 -32768 -32768 -32768 -32768 -32768 -32768
132 132 131 131 130 129 128 127 127 127 127 127 126 126 125 125 125 125 125 123 123 123 124 123 122 121 120 122 121 120 121 121 120 119 117 117 116 115 114 113 112 112 110 107 107 107 106 107 106 106 106 105 105 105 104 104 103 103 102 102 101 100 98 97 97 97 97 98 98 99 -32768 -32768 -32768 -32768 -32768 -32768
132 132 131 131 131 131 130 128 129 129 129 127 127 127 127 128 127 126 127 126 125 124 124 123 122 121 122 122 123 123 123 121 121 119 118 118 118 118 117 115 114 112 110 109 108 107 107 108 108 108 108 108 106 106 106 105 105 104 103 102 101 100 100 99 98 98 98 99 99 100 -32768 -32768 -32768 -32768 -32768 -32768
133 132 131 130 130 130 132 131 131 131 130 129 128 128 127 128 128 126 127 127 126 126 124 123 122 122 122 123 123 123 123 120 120 118 118 118 118 117 118 116 113 111 111 110 110 109 109 108 108 108 108 108 108 107 107 106 106 105 104 103 103 102 102 101 100 100 100 101 101 102 -32768 -32768 -32768 -32768 -32768 -32768
133 132 131 131 132 132 133 133 132 132 131 130 130 128 129 129 130 130 129 129 129 127 125 124 124 123 123 123 123 124 123 121 120 120 120 120 119 119 119 116 113 112 112 112 112 111 110 110 109 108 108 109 108 108 107 107 106 106 106 105 105 104 103 102 102 101 101 102 103 103 104 -32768 -32768 -32768 -32768 -32768
133 134 133 133 134 134 135 134 134 132 131 132 131 130 131 133 133 133 131 131 131 129 128 127 127 126 126 125 125 125 125 124 124 123 122 122 122 121 120 117 116 115 114 114 113 113 111 110 111 109 109 108 109 109 108 107 106 106 107 107 106 106 105 104 104 104 104 104 105 105 106 107 -32768 -32768 -32768 -32768
134 134 134 136 136 136 135 135 134 133 133 134 134 134 135 135 134 134 134 132 131 130 129 129 128 128 128 127 127 127 128 126 125 125 125 125 124 122 120 119 117 116 116 115 115 114 113 112 110 110 111 111 110 110 109 108 108 108 108 108 108 108 107 106 106 106 106 107 107 107 107 108 -32768 -32768 -32768 -32768
136 135 136 137 137 137 135 134 135 134 134 136 136 137 137 136 136 136 135 134 132 131 131 131 130 130 129 130 129 130 128 127 126 126 125 126 126 124 122 121 121 119 118 117 117 116 115 114 113 114 114 113 112 112 112 111 110 109 108 109 109 109 109 109 109 109 109 108 109 109 110 110 111 -32768 -32768 -32768
138 138 139 137 136 136 136 135 137 137 137 137 138 138 138 138 137 137 136 135 134 133 133 133 132 132 133 131 131 131 130 130 129 129 128 128 128 127 126 124 122 121 120 120 119 118 116 117 117 117 116 116 115 114 113 113 111 111 110 110 110 111 111 111 111 111 111 111 111 111 112 112 113 114 -32768 -32768
139 138 138 138 138 137 137 137 137 138 140 139 139 139 139 138 137 137 135 136 135 135 135 134 134 134 134 133 133 133 132 132 131 130 130 129 129 128 127 125 125 124 123 122 122 120 118 118 120 119 119 118 117 117 116 116 114 113 111 112 112 112 113 114 113 113 113 113 113 113 113 114 114 114 -32768 -32768
139 139 140 140 140 139 139 139 140 140 140 140 140 140 140 139 139 138 137 137 136 137 136 135 135 136 136 134 134 134 135 134 134 133 132 132 131 130 129 126 126 125 124 124 123 122 121 120 121 121 121 120 119 118 118 118 117 116 114 114 113 114 115 116 116 116 116 115 115 115 115 116 117 117 -32768 -32768
140 140 141 140 141 142 141 140 140 140 140 140 141 141 140 140 139 137 138 138 138 138 137 138 137 137 138 136 136 136 137 136 136 136 134 133 132 130 129 128 128 128 126 125 123 122 123 123 123 122 122 122 121 121 121 121 119 118 117 116 115 115 117 118 119 118 118 118 118 118 118 118 118 119 119 119
142 142 142 142 142 143 142 142 141 142 140 140 141 142 141 141 140 139 138 138 139 139 139 139 139 139 140 139 140 139 139 139 138 137 136 135 132 130 130 130 129 128 127 126 124 125 124 124 124 124 124 124 124 124 123 122 121 120 120 120 120 119 121 121 121 121 121 121 121 121 120 120 121 121 120 120
143 143 144 143 143 143 143 142 141 142 142 142 143 142 142 141 140 140 139 138 139 139 140 140 140 140 141 141 141 141 141 140 140 138 138 136 134 133 132 130 129 128 127 127 127 127 126 126 126 126 126 126 127 126 125 125 124 124 124 124 124 124 124 124 123 124 124 123 122 123 122 122 122 122 121 120
143 144 144 143 143 142 142 143 143 143 143 143 143 143 141 141 142 141 140 140 140 140 140 141 140 141 142 142 142 143 142 142 141 140 138 137 135 133 132 131 130 128 129 130 130 129 129 128 128 129 128 128 128 128 128 129 129 129 128 128 128 128 127 127 127 126 125 124 125 124 124 124 123 122 122 121
144 145 144 144 143 142 141 142 144 144 143 142 143 143 143 143 143 142 141 141 141 140 141 143 142 143 144 143 143 142 143 143 142 140 139 137 136 134 133 132 131 130 131 131 130 130 130 130 131 130 130 131 130 130 131 132 132 131 130 130 130 130 130 129 129 128 127 127 127 127 127 126 124 123 122 121
145 145 143 143 145 143 142 143 144 144 143 143 144 144 144 144 143 144 144 142 141 141 142 143 144 145 144 143 144 144 145 143 143 141 139 138 137 136 135 134 131 133 134 134 134 133 133 133 134 134 134 134 133 133 133 133 133 133 133 132 132 131 130 130 131 130 130 129 129 128 128 127 127 125 124 123
145 143 142 143 145 146 145 145 145 146 144 144 145 146 145 145 146 146 145 144 143 142 142 144 144 145 145 145 145 146 145 144 143 142 141 140 139 138 137 136 136 136 136 136 136 136 137 136 136 136 136 136 135 135 135 135 135 135 135 134 133 132 132 132 132 132 131 131 131 130 130 129 129 128 126 124
146 146 146 147 147 147 145 145 147 148 147 146 147 148 149 149 150 149 148 147 146 145 145 144 146 146 146 145 145 145 145 146 145 144 143 142 141 140 139 138 137 137 138 138 138 139 139 138 138 137 136 137 137 137 137 136 137 137 136 136 135 135 134 134 134 134 133 132 131 130 130 129 129 129 130 128
148 148 148 147 147 146 145 146 148 148 148 149 150 149 151 153 153 152 151 150 150 149 149 148 148 148 147 147 147 146 146 146 146 145 145 143 142 141 140 141 140 140 140 141 141 141 140 140 139 139 139 139 139 138 139 139 138 138 138 138 138 137 137 137 137 135 134 133 132 131 131 130 130 130 131 131
152 150 148 149 148 147 148 148 150 150 151 152 153 152 154 154 153 152 151 152 151 150 150 150 149 149 148 148 148 148 148 147 146 146 145 145 144 143 144 144 143 143 143 143 143 142 142 142 141 142 141 141 141 140 140 140 140 140 140 139 139 140 139 138 138 137 136 134 134 133 133 132 132 132 132 132
152 153 152 151 151 152 152 152 152 152 152 153 153 154 155 156 156 155 154 154 152 151 151 151 151 150 150 150 149 149 148 148 148 147 146 146 146 146 146 146 146 146 145 145 145 144 144 144 144 144 143 143 143 143 142 142 142 142 142 142 141 141 140 139 138 138 137 137 136 135 135 134 134 134 134 134
153 152 153 151 152 152 152 152 153 154 155 154 155 155 156 157 159 158 157 156 155 154 154 153 153 151 151 151 150 149 149 149 149 148 148 148 148 148 148 148 149 148 148 148 148 147 146 145 145 145 145 145 144 144 144 143 143 144 143 143 142 142 142 141 140 140 139 139 138 137 137 136 136 136 135 135
153 152 151 152 152 152 152 154 154 156 156 157 157 157 158 159 160 160 160 158 157 156 155 155 154 153 152 152 151 151 151 151 151 150 151 150 150 150 151 151 151 152 151 151 150 149 148 147 147 147 147 146 146 146 145 145 145 145 144 145 145 144 143 143 143 142 141 140 140 139 138 138 137 137 136 136
153 152 150 153 154 154 155 156 157 157 158 158 159 159 160 161 163 162 162 160 158 157 156 155 155 155 154 154 154 153 152 153 153 153 152 152 152 154 155 155 155 154 153 152 152 151 150 149 149 148 148 147 147 148 148 148 148 147 147 147 146 146 145 145 144 143 142 141 141 140 139 139 138 138 137 137
148 140 142 152 155 157 158 158 158 158 159 159 160 161 162 163 164 165 164 162 160 159 159 157 157 157 156 155 156 155 155 154 154 154 154 154 155 156 157 158 157 157 156 155 154 153 152 151 151 150 150 150 150 150 150 150 149 150 149 148 148 148 148 146 146 145 144 144 143 142 141 140 139 138 138 138
147 150 152 154 156 158 159 158 159 159 160 160 162 163 165 165 166 167 166 164 162 161 160 159 159 158 157 157 157 157 156 156 155 156 156 156 157 158 159 160 160 159 158 156 155 154 153 153 152 152 151 152 152 151 151 151 151 151 150 150 150 150 149 148 147 146 145 145 144 142 142 141 141 140 140 139
146 144 149 156 156 157 158 157 159 160 162 163 163 164 165 166 166 166 166 165 163 162 161 161 160 159 159 158 158 158 157 157 157 158 158 159 159 160 161 161 161 160 159 158 157 156 155 154 154 153 153 153 152 153 153 152 153 153 152 153 152 151 150 149 148 148 147 146 144 144 143 143 143 142 139 139
