_episodes_rmd/data/big_extent/bio2.asc
NCOLS 660 
NROWS 720 
XLLCORNER -130 
YLLCORNER -60 
CELLSIZE 0.166666666666667 
NODATA_value -32768 
[rows 70 to 104 of 720, columns 156 to 233 of 660]
138 136 136 135 135 137 136 136 134 134 134 133 132 130 129 126 124 129 133 136 138 138 136 133 132 132 131 130 129 128 126 127 128 128 128 126 125 124 122 121 121 122 124 126 126 126 127 129 130 131 132 131 130 128 126 126 125 126 126 128 131 132 130 129 128 128 128 128 129 129 128 127 125 124 123 123 123 124
141 139 138 137 139 140 138 137 135 133 134 133 132 131 129 127 127 131 134 135 136 136 136 134 133 133 133 132 130 128 125 126 127 128 128 127 125 123 121 119 119 120 122 124 124 125 126 128 129 130 131 130 129 127 125 125 125 126 127 130 132 134 133 132 131 131 130 130 130 130 129 126 123 121 120 120 120 121
145 141 140 139 141 141 139 137 136 135 135 133 132 131 130 129 128 129 131 133 133 135 135 135 135 135 135 133 131 128 127 127 128 129 128 127 124 122 120 118 119 119 120 122 123 124 125 127 128 129 129 129 127 124 123 124 124 125 127 129 132 134 134 133 132 133 131 130 130 131 130 125 120 117 116 116 117 118
144 142 141 142 143 143 140 138 136 135 136 134 133 131 131 130 130 130 130 129 130 133 134 135 135 135 135 133 131 129 129 129 130 130 129 127 124 123 122 121 120 120 121 121 122 123 124 126 127 128 129 128 126 123 123 124 125 125 126 128 131 133 134 133 132 131 130 129 129 130 130 123 117 113 113 113 114 115
144 141 143 143 142 142 139 138 137 136 135 135 134 134 133 131 131 131 131 130 130 132 133 134 135 135 134 133 131 131 131 131 131 130 130 128 125 125 125 124 123 121 121 122 122 123 124 125 126 128 128 127 126 125 124 125 127 126 126 127 129 132 132 131 130 129 127 126 125 126 125 119 113 110 109 110 111 113
140 141 143 141 138 138 136 137 135 135 134 134 135 135 134 133 132 131 131 131 131 131 132 133 134 134 133 132 131 132 134 134 132 132 131 130 128 128 128 127 125 123 122 122 123 123 123 124 125 127 127 128 128 127 126 127 129 126 126 126 128 130 129 129 128 127 125 124 123 124 121 116 110 107 107 108 110 113
140 142 144 140 135 136 137 137 136 134 134 135 137 138 137 136 136 135 133 130 130 131 132 133 133 134 133 132 131 133 135 134 132 132 132 131 131 131 130 128 126 124 123 123 123 124 124 124 125 126 126 127 129 129 127 126 126 125 125 126 128 128 127 127 127 126 125 125 125 125 119 112 107 104 104 106 110 112
141 143 146 143 136 136 136 136 136 134 134 135 136 136 137 137 137 135 133 129 129 131 133 134 134 135 134 133 132 132 133 132 131 131 132 132 132 133 131 129 127 125 123 123 123 123 123 124 124 125 126 127 128 128 125 123 122 123 125 127 129 128 127 127 127 127 127 127 126 124 116 108 104 101 102 107 110 113
143 145 149 146 139 138 138 137 135 132 132 134 136 137 138 139 138 136 134 132 132 133 133 134 135 135 134 133 132 131 131 129 129 131 132 133 133 133 131 130 127 125 123 121 122 123 123 123 124 124 125 125 127 127 125 123 122 123 126 128 129 128 127 127 127 128 128 128 125 121 113 105 101 102 106 110 113 115
146 148 149 144 139 138 137 136 135 134 134 134 136 138 140 140 139 138 136 136 136 136 135 135 136 135 133 132 131 130 130 130 130 132 133 133 133 133 132 130 128 125 123 121 122 122 122 122 123 123 123 124 125 125 125 123 123 124 127 129 129 128 127 127 127 129 130 129 126 122 114 104 106 109 112 115 116 117
148 149 146 143 138 139 139 138 137 137 137 137 138 139 140 140 141 141 141 139 140 138 137 136 135 133 134 133 132 130 130 131 132 134 134 134 134 133 132 130 128 126 124 123 122 122 121 121 121 121 121 122 123 124 124 123 123 124 127 129 129 127 126 127 129 131 132 132 130 127 123 117 117 119 120 121 121 122
153 147 144 139 136 138 140 141 141 141 141 139 139 139 138 139 142 145 147 145 142 140 139 138 136 135 135 135 133 131 131 132 133 136 136 135 134 133 131 131 129 127 125 124 123 122 121 120 120 120 119 120 121 122 123 123 123 123 126 129 128 126 127 127 129 131 133 134 132 131 129 127 128 129 127 125 125 125
155 149 142 139 138 140 141 141 141 142 141 140 139 139 139 139 141 145 146 144 143 143 143 140 138 137 137 136 134 132 131 133 134 136 137 136 134 132 131 130 129 127 126 124 124 123 122 120 120 118 118 118 119 120 122 123 123 124 126 127 127 127 127 128 129 131 132 132 131 130 130 131 133 135 132 129 127 125
154 149 144 142 142 144 143 142 141 142 141 140 140 139 138 139 140 140 141 142 142 141 141 141 138 137 137 137 135 134 133 134 135 136 135 135 133 131 130 130 129 127 126 125 125 124 123 122 120 118 116 116 117 119 121 122 123 125 126 126 126 126 127 128 130 130 130 130 129 128 129 130 132 133 132 131 129 127
153 149 146 145 147 149 148 145 143 142 141 140 139 139 138 136 136 138 139 139 139 140 141 140 138 137 136 136 136 135 135 136 135 135 134 134 133 132 130 128 128 127 126 126 126 125 124 122 121 118 116 114 116 119 120 121 122 124 125 125 125 126 126 129 130 128 128 128 127 127 127 128 129 131 132 131 130 128
154 150 149 148 150 152 150 147 145 145 144 144 143 141 140 138 137 138 138 138 136 136 136 137 137 137 136 137 137 137 137 136 135 133 133 133 133 132 128 126 126 127 127 127 127 126 124 122 120 118 116 116 117 118 120 121 120 121 122 123 124 126 126 126 126 125 125 125 125 125 125 126 126 128 130 131 131 129
154 152 151 151 150 150 150 148 147 146 145 144 143 142 140 137 136 135 135 134 133 132 133 135 136 136 137 137 138 140 139 137 135 133 133 132 132 130 128 127 125 126 127 127 127 125 123 121 120 119 118 119 118 118 119 120 118 117 119 122 124 126 125 123 120 120 121 122 122 122 123 124 125 127 130 130 131 130
149 148 149 149 147 147 149 149 149 148 148 146 144 142 139 137 135 133 132 132 131 131 132 133 134 136 137 139 140 142 141 138 136 134 133 133 131 129 128 128 126 125 128 129 128 126 123 121 120 120 119 119 118 118 119 119 118 117 118 121 123 124 122 120 117 116 116 119 120 122 123 124 126 128 129 131 132 130
150 150 149 149 148 150 150 150 150 152 152 148 145 143 141 139 136 135 133 132 131 131 133 134 136 138 139 140 141 141 141 139 138 137 135 133 130 128 127 127 126 125 126 130 130 128 126 124 123 121 120 119 118 118 118 118 118 118 119 120 121 122 121 118 115 113 113 117 119 121 122 125 127 128 128 129 129 128
148 148 148 148 149 149 150 150 150 150 149 145 143 142 140 139 136 134 132 130 131 133 134 135 136 139 140 141 140 140 140 140 140 139 136 133 129 127 126 126 126 126 125 127 130 130 129 128 125 123 121 119 118 118 118 118 119 119 119 120 121 121 120 116 113 112 113 116 118 120 122 125 127 126 125 125 126 125
149 148 146 145 146 147 148 149 148 148 148 145 144 143 142 140 138 136 134 133 132 133 135 137 139 141 143 143 140 139 139 139 139 138 136 133 129 125 125 126 126 127 126 125 126 129 129 128 125 123 121 120 119 119 120 119 118 118 119 119 121 121 119 116 112 112 113 116 117 119 121 124 126 125 123 123 124 123
149 148 147 146 144 145 145 145 147 148 148 147 146 146 144 143 141 138 137 135 133 133 135 139 142 144 145 144 142 140 139 138 138 137 135 132 129 126 125 126 128 130 128 124 123 125 126 125 123 122 121 120 119 120 120 119 118 118 118 119 121 121 120 117 115 116 117 118 118 120 121 123 125 124 123 122 122 122
146 143 144 144 144 144 144 143 144 146 148 149 149 148 146 143 140 138 137 134 134 133 136 141 146 148 146 143 142 140 138 136 135 134 133 131 129 127 125 126 128 130 129 124 123 122 122 122 122 121 120 119 119 118 120 119 118 117 118 120 121 122 121 118 117 118 119 120 121 122 122 123 122 123 123 123 123 122
129 132 137 141 141 142 143 145 148 150 151 151 149 147 145 143 141 141 139 136 135 134 137 143 149 151 148 144 141 139 136 134 133 132 132 131 130 127 125 125 126 127 127 125 123 122 119 118 119 120 120 120 120 119 119 119 118 117 118 120 121 121 120 119 119 119 120 120 121 122 123 122 120 122 124 125 125 124
125 128 135 141 140 137 140 144 147 151 150 150 149 148 147 147 147 146 143 141 139 138 142 147 152 153 151 149 144 140 135 132 131 131 131 132 131 129 126 125 125 125 126 126 126 124 121 118 118 118 120 121 121 121 121 120 118 118 119 120 120 120 119 119 120 119 119 120 121 122 123 121 121 123 126 125 124 124
127 135 142 147 143 137 139 143 148 152 150 151 153 152 151 151 152 151 147 144 141 142 146 150 152 153 152 151 146 141 137 131 128 130 132 133 131 130 128 125 124 125 126 127 128 128 126 122 121 120 119 120 121 121 121 120 119 118 118 119 119 118 118 118 120 119 118 118 119 119 120 122 121 124 125 122 120 122
134 136 147 152 149 145 146 149 151 153 152 154 154 153 152 151 152 150 148 144 143 145 148 151 151 150 150 149 146 142 138 134 131 132 133 133 131 129 128 127 125 125 126 127 129 130 129 126 123 122 121 121 120 120 120 120 119 117 117 117 118 117 117 117 118 117 117 116 115 116 119 122 122 121 119 116 114 117
147 147 153 156 154 152 152 154 153 155 155 154 154 154 153 153 152 150 149 148 148 149 149 150 149 149 149 148 145 142 139 137 135 134 133 132 130 128 129 128 127 126 127 128 129 130 130 128 125 123 122 122 121 120 119 118 116 114 115 115 116 116 115 115 116 116 115 114 114 116 119 124 123 121 118 114 112 114
159 157 158 160 159 158 157 156 157 158 157 154 153 153 152 152 151 151 150 150 148 149 149 148 147 147 148 147 144 141 139 138 136 134 133 131 130 128 130 131 129 128 127 127 129 130 131 130 127 124 123 122 121 120 119 118 115 114 115 116 116 115 115 114 115 115 115 113 113 115 117 120 120 119 116 113 111 112
166 164 163 164 164 161 159 160 161 158 156 153 153 153 151 152 151 151 151 150 148 148 147 146 144 144 146 146 145 142 140 139 136 135 133 132 131 131 132 131 131 131 129 129 130 130 131 130 127 125 123 122 120 120 119 118 117 116 117 116 116 115 115 115 115 115 113 112 113 114 115 116 117 117 115 112 111 112
169 169 169 166 164 162 162 161 159 158 155 153 152 152 152 152 151 150 150 148 148 147 145 143 142 142 144 146 144 142 141 138 136 136 135 132 132 132 133 131 131 132 132 131 130 130 130 129 127 125 123 123 122 120 120 119 118 118 118 118 116 116 115 115 115 114 113 112 113 113 114 115 116 117 113 111 112 112
169 170 169 166 163 161 161 160 159 158 156 155 153 153 153 153 153 152 150 149 148 147 145 143 142 141 142 143 143 141 140 138 137 135 135 132 132 132 131 132 131 132 132 131 130 129 129 128 127 126 124 123 122 121 120 120 120 119 119 118 117 117 116 115 115 115 114 114 114 114 114 116 118 119 117 116 115 114
169 170 168 165 162 160 160 159 158 156 155 155 154 153 153 153 152 150 150 150 149 148 146 142 140 139 141 142 141 141 139 137 136 136 135 134 133 132 129 130 132 133 134 132 130 129 128 128 127 127 126 124 122 121 121 121 121 120 120 119 119 118 117 116 116 116 116 116 116 115 116 117 119 122 122 122 118 114
162 164 163 164 161 158 156 156 158 157 157 157 155 154 153 153 152 152 151 149 149 147 146 143 140 139 139 140 139 139 138 137 136 136 136 135 133 131 129 128 131 133 135 133 130 128 128 127 127 127 127 125 122 121 121 122 121 121 120 120 120 119 118 117 117 117 117 117 116 116 116 117 119 121 123 124 119 115
166 165 163 159 155 152 154 158 160 159 157 156 154 154 153 152 152 151 150 148 148 148 147 144 140 139 139 139 138 138 137 137 136 136 136 136 134 132 130 129 130 131 132 132 131 127 127 126 126 127 127 125 122 122 123 123 122 121 121 121 120 120 119 119 119 118 118 118 117 117 117 118 118 120 122 121 119 114
