_episodes_rmd/data/big_extent/bio2.asc
NCOLS 660 
NROWS 720 
XLLCORNER -130 
YLLCORNER -60 
CELLSIZE 0.166666666666667 
NODATA_value -32768 
[rows 70 to 104 of 720, columns 78 to 155 of 660]
126 122 123 124 123 123 129 127 135 137 139 138 138 134 134 133 129 127 127 128 129 128 128 129 130 134 137 139 141 145 149 150 150 151 154 157 158 157 158 157 157 157 152 144 142 143 144 146 151 155 156 157 157 157 157 155 154 151 149 146 144 140 136 136 134 134 134 136 138 141 144 148 150 151 151 148 145 141
124 124 122 122 123 126 130 132 131 138 138 138 137 136 133 131 126 123 127 129 129 129 130 130 130 133 138 142 143 145 149 149 149 149 149 151 153 155 158 158 159 158 152 146 144 144 147 150 152 153 152 155 157 158 158 157 156 153 151 149 146 142 139 138 138 139 140 142 144 146 149 150 151 151 152 151 149 145
122 123 121 121 123 125 128 137 137 137 137 138 135 134 132 129 124 121 128 130 130 131 131 130 131 132 139 143 143 144 146 146 146 145 146 147 151 154 160 160 158 158 157 155 153 151 152 154 154 150 146 152 157 158 158 158 156 154 152 152 150 147 144 141 140 141 142 143 144 146 148 148 148 149 149 147 147 147
124 124 122 123 125 127 129 132 140 140 135 140 137 135 132 127 122 121 129 130 131 133 132 132 134 133 140 143 142 142 142 143 142 140 139 142 147 151 153 153 156 158 159 159 158 156 155 157 158 158 157 157 158 159 159 159 156 156 155 155 154 152 149 147 146 144 145 145 145 146 148 147 148 146 146 146 147 148
122 124 124 126 128 128 130 132 137 144 142 141 141 136 133 128 123 124 131 131 132 134 136 134 136 137 142 145 144 142 142 144 142 138 134 137 141 142 143 149 155 158 159 157 158 155 155 156 159 160 161 160 160 160 160 159 157 157 156 158 158 157 154 151 150 148 147 146 147 148 148 146 144 145 145 146 148 146
124 127 127 125 127 129 131 134 138 143 143 143 144 139 135 131 128 128 133 134 136 136 138 138 137 138 143 147 145 143 143 145 143 138 134 135 139 139 138 143 151 157 158 157 155 152 152 154 156 158 159 159 159 159 159 157 157 155 157 159 159 159 157 154 152 150 149 149 149 148 145 144 145 145 146 147 146 143
126 126 129 129 130 131 134 137 140 141 144 147 144 140 138 135 133 132 135 137 141 141 140 140 140 139 140 143 144 141 142 144 144 141 140 140 141 142 143 146 150 153 156 154 149 145 144 147 155 158 159 159 158 157 158 156 156 156 159 161 161 160 157 154 153 151 150 149 147 143 144 147 147 147 148 147 145 142
127 128 129 131 132 133 135 139 141 144 143 143 144 143 140 137 137 137 139 141 144 148 150 148 147 142 143 143 142 138 139 143 146 145 144 141 142 143 140 143 147 148 147 150 146 144 143 151 156 159 159 159 158 156 156 155 156 156 159 160 159 158 156 154 152 149 148 145 143 144 147 148 149 150 148 146 145 144
129 130 130 132 134 136 139 142 144 146 145 146 144 144 143 142 140 138 142 145 148 151 148 154 153 150 147 143 141 139 139 143 143 145 146 143 139 138 136 139 145 146 146 147 143 141 143 146 151 155 159 159 158 156 156 155 157 158 159 159 159 157 155 152 150 148 145 145 148 151 152 154 154 152 149 147 144 144
126 129 131 133 136 138 142 144 146 148 148 149 147 147 146 145 144 143 146 148 150 151 152 152 149 150 145 143 141 140 139 142 143 144 146 146 143 140 138 139 139 141 145 147 141 137 137 145 151 155 157 158 157 157 156 157 158 161 164 162 160 158 154 150 148 145 144 145 150 155 156 156 155 153 151 146 142 143
125 128 130 131 135 138 142 145 148 150 150 150 150 149 149 149 148 147 149 150 150 150 155 156 155 151 149 145 143 142 142 143 146 144 143 147 145 143 144 146 147 147 148 150 150 149 150 152 155 157 158 158 158 157 157 157 158 162 164 164 162 159 155 151 148 145 144 147 151 153 155 155 156 154 152 150 145 145
125 127 128 130 132 135 140 145 149 151 152 153 153 153 152 152 150 148 153 152 152 151 150 146 148 154 147 144 142 146 144 143 148 149 143 143 145 140 143 147 150 150 151 153 154 155 156 156 156 158 158 157 156 156 157 158 161 163 164 164 162 159 157 152 149 147 145 146 146 151 155 152 153 155 154 153 150 151
127 130 131 129 129 134 138 145 150 153 155 156 155 155 156 155 153 150 156 155 155 153 150 147 148 152 145 145 146 150 144 145 150 151 146 144 145 144 141 140 141 144 147 150 154 155 156 156 156 155 152 151 153 156 158 161 163 165 164 164 163 160 157 154 151 147 146 148 150 152 157 153 152 154 152 150 151 154
132 134 133 133 130 133 138 146 152 155 157 158 157 158 159 159 156 160 161 157 158 154 149 148 148 149 148 145 144 148 151 148 150 150 146 146 144 144 143 138 138 142 146 148 151 153 154 153 152 150 151 154 157 160 162 164 166 166 163 164 160 160 157 155 151 149 150 150 152 153 155 156 152 152 150 148 151 153
137 134 136 134 134 138 144 155 158 161 161 162 161 161 162 161 162 164 166 164 158 155 155 152 148 148 149 148 152 152 149 147 148 148 147 145 144 144 142 142 140 143 148 150 149 152 155 155 152 148 148 154 159 160 161 161 168 166 166 165 162 161 158 158 154 153 152 150 152 154 153 155 154 147 145 145 150 153
143 137 137 140 138 150 152 158 161 164 165 165 165 165 165 166 166 166 166 163 166 165 157 152 150 149 147 146 155 148 145 144 143 143 145 144 144 144 140 139 142 145 148 152 154 156 155 155 153 152 150 150 152 155 160 165 170 168 168 166 163 166 164 161 158 153 150 152 152 154 155 156 154 149 146 149 149 152
145 145 144 145 144 154 158 160 164 166 166 166 167 167 167 167 168 167 169 166 169 167 155 153 148 153 151 154 153 141 141 138 138 138 139 140 143 143 141 143 145 146 148 150 154 157 159 158 157 153 147 149 150 154 158 164 167 170 168 167 169 168 161 160 160 154 149 153 154 156 157 156 155 151 151 152 148 152
149 148 147 149 150 155 158 162 164 166 169 170 168 168 169 168 168 169 168 163 166 164 157 154 150 154 155 155 151 145 141 139 139 139 140 141 141 142 143 142 144 142 149 151 154 155 156 157 158 153 150 149 150 152 155 162 164 169 167 164 163 163 164 164 157 156 150 152 155 158 158 156 155 153 153 151 151 153
150 151 151 153 156 158 162 167 167 168 169 171 170 168 168 169 169 167 165 165 161 162 158 159 155 154 152 149 146 145 142 141 140 141 141 142 143 144 146 145 145 141 142 138 148 150 152 159 161 154 147 144 150 151 153 159 163 168 167 159 162 166 166 159 153 154 150 155 157 157 158 157 154 153 152 152 152 151
152 153 153 156 159 159 162 166 168 168 170 172 171 170 168 169 170 168 166 166 164 161 160 160 157 154 152 149 147 146 144 143 142 142 144 145 145 146 148 150 147 149 143 138 133 140 148 163 162 159 154 149 153 151 142 152 160 166 164 160 165 166 161 158 152 151 154 156 154 157 159 155 155 156 156 153 149 148
154 154 156 158 159 157 162 165 168 170 170 172 172 171 170 170 167 168 167 167 166 161 162 159 157 153 150 149 147 145 145 144 146 144 145 148 147 151 153 159 157 151 145 149 145 139 155 165 161 160 165 162 161 153 139 140 147 154 164 163 165 162 159 156 153 155 155 153 153 157 158 156 159 160 156 153 149 149
155 153 156 157 156 156 160 165 168 169 172 174 173 171 170 169 169 168 165 164 166 163 159 156 154 155 153 149 147 147 147 148 149 148 151 154 153 154 153 154 151 153 146 147 149 148 150 153 158 162 164 162 162 161 149 135 136 138 151 161 161 161 157 157 158 157 153 152 153 157 158 156 159 157 156 149 148 149
154 156 156 158 156 155 160 165 168 170 173 173 173 172 170 168 165 166 168 165 159 162 163 155 156 154 151 150 148 148 148 150 150 152 155 156 156 158 155 156 154 150 148 145 143 147 148 146 152 156 160 159 162 165 164 158 140 129 134 143 153 158 159 160 157 158 153 150 153 154 157 154 158 160 151 138 143 146
154 156 157 158 156 158 161 165 169 172 173 175 172 171 170 168 166 166 165 168 162 159 159 158 152 152 151 149 148 147 149 151 153 157 159 154 154 157 158 159 156 149 152 151 149 151 148 148 151 155 158 159 163 168 167 165 153 134 120 123 144 158 160 160 159 157 152 149 150 149 152 153 156 158 146 136 138 131
154 155 156 157 159 159 163 166 169 171 174 175 178 173 172 170 168 168 164 164 164 164 159 157 156 153 155 153 147 145 147 149 152 155 157 158 158 156 159 158 154 151 146 144 149 147 145 156 157 158 159 161 163 167 169 169 168 152 129 122 137 155 160 161 159 158 151 148 146 147 149 154 154 156 151 141 133 127
152 153 155 157 159 160 164 166 169 172 174 171 174 171 165 169 168 166 168 160 157 162 164 155 160 160 164 162 158 151 148 150 150 151 155 158 160 163 159 155 152 152 146 143 144 144 151 160 163 162 162 163 165 166 168 170 172 168 146 132 138 159 163 162 161 158 152 148 148 150 152 156 153 154 154 146 137 131
149 151 152 153 155 159 162 165 168 170 173 170 170 170 165 163 164 165 164 163 163 161 161 164 160 169 169 167 164 156 152 151 149 150 154 155 153 155 162 160 158 150 143 145 139 137 139 153 160 164 164 164 165 167 168 171 173 176 163 139 144 161 164 165 163 159 154 150 150 152 152 153 155 155 156 153 145 140
149 149 149 149 149 157 157 162 164 169 171 170 170 168 168 168 165 159 160 160 164 164 161 162 167 169 167 163 159 154 151 148 146 147 151 154 149 155 162 158 154 149 149 146 149 144 138 144 158 164 164 165 167 166 168 171 172 175 163 143 156 167 170 168 166 160 153 151 151 153 155 158 159 159 158 157 155 151
150 147 147 146 141 145 149 153 162 167 169 170 171 170 168 166 164 163 161 160 160 162 163 164 165 164 160 157 153 149 146 144 144 147 149 152 150 165 159 156 157 153 152 155 156 156 148 153 158 155 157 162 162 161 162 163 163 160 147 141 159 167 169 167 162 157 153 152 153 155 156 158 162 162 162 160 161 160
156 149 147 145 141 140 144 151 156 162 166 170 170 169 166 163 160 161 160 157 154 156 159 160 161 159 157 154 150 146 141 138 141 146 150 149 157 164 152 150 149 153 151 140 148 159 161 161 161 161 161 161 158 157 155 162 158 144 135 145 154 161 162 162 161 152 152 153 155 157 159 160 161 162 164 165 166 166
160 154 149 147 145 142 141 144 152 162 166 168 168 166 163 159 158 159 157 155 153 154 155 156 156 156 154 152 149 144 138 138 141 145 148 154 154 163 163 172 158 156 150 138 135 146 159 162 162 161 162 163 161 160 162 164 163 154 148 151 156 158 157 156 155 151 149 151 154 157 159 159 161 163 165 167 167 167
162 159 154 152 152 149 145 147 151 155 159 159 158 155 154 154 153 152 153 152 151 151 152 152 153 152 150 149 145 141 140 140 143 146 149 156 156 160 153 165 166 167 160 146 134 141 146 159 161 161 164 166 163 161 160 158 155 150 148 151 152 152 152 150 150 148 147 149 151 155 158 160 161 161 163 166 166 168
164 162 160 157 156 157 155 155 159 162 163 158 153 148 147 149 149 149 149 149 149 149 149 149 149 148 147 146 144 142 143 143 146 148 151 157 159 159 152 159 168 174 173 166 150 138 137 147 158 158 162 163 162 158 155 152 144 138 142 144 145 148 149 151 152 151 151 152 154 155 156 158 158 158 159 162 164 166
165 164 164 163 162 160 160 160 161 162 162 158 154 149 147 147 147 147 148 147 147 147 148 147 146 146 146 145 147 144 147 147 149 151 153 159 162 154 151 162 173 181 179 177 170 151 139 137 146 155 158 159 158 148 145 143 136 132 132 136 139 144 148 143 140 148 146 148 153 159 159 159 158 157 157 161 161 160
169 167 167 167 167 167 166 165 165 164 162 159 154 150 147 145 146 146 146 147 147 148 151 149 149 147 148 147 149 148 146 151 151 153 153 159 161 152 151 165 181 188 185 180 175 169 156 145 141 148 153 153 151 148 145 142 137 135 136 139 140 143 147 144 136 136 136 141 150 157 159 162 163 159 157 164 165 165
