_episodes_rmd/data/big_extent/bio2.asc
NCOLS 660 
NROWS 720 
XLLCORNER -130 
YLLCORNER -60 
CELLSIZE 0.166666666666667 
NODATA_value -32768 
[rows 280 to 314 of 720, columns 312 to 389 of 660]
-32768 -32768 -32768 -32768 -32768 -32768 -32768 -32768 -32768 -32768 -32768 -32768 -32768 -32768 -32768 -32768 -32768 -32768 -32768 -32768 -32768 -32768 -32768 -32768 -32768 -32768 -32768 -32768 -32768 -32768 -32768 -32768 -32768 -32768 -32768 -32768 -32768 -32768 -32768 -32768 -32768 -32768 -32768 -32768 -32768 -32768 -32768 -32768 -32768 -32768 -32768 -32768 -32768 -32768 -32768 -32768 -32768 -32768 -32768 -32768 -32768 -32768 -32768 -32768 -32768 -32768 -32768 -32768 -32768 -32768 -32768 -32768 -32768 -32768 -32768 -32768 -32768 -32768
-32768 -32768 -32768 -32768 -32768 -32768 -32768 -32768 -32768 -32768 -32768 -32768 -32768 -32768 -32768 -32768 -32768 -32768 -32768 -32768 -32768 -32768 -32768 -32768 -32768 -32768 -32768 -32768 -32768 -32768 -32768 -32768 -32768 -32768 -32768 -32768 -32768 -32768 -32768 -32768 -32768 -32768 -32768 -32768 -32768 -32768 -32768 -32768 -32768 -32768 -32768 -32768 -32768 -32768 -32768 -32768 -32768 -32768 -32768 -32768 -32768 -32768 -32768 -32768 -32768 -32768 -32768 -32768 -32768 -32768 -32768 -32768 -32768 -32768 -32768 -32768 -32768 -32768
-32768 -32768 -32768 -32768 -32768 -32768 -32768 -32768 -32768 -32768 -32768 -32768 -32768 -32768 -32768 -32768 -32768 -32768 -32768 -32768 -32768 -32768 -32768 -32768 -32768 -32768 -32768 -32768 -32768 -32768 -32768 -32768 -32768 -32768 -32768 -32768 -32768 -32768 -32768 -32768 -32768 -32768 -32768 -32768 -32768 -32768 -32768 -32768 -32768 -32768 -32768 -32768 -32768 -32768 -32768 -32768 -32768 -32768 -32768 -32768 -32768 -32768 -32768 -32768 -32768 -32768 -32768 -32768 -32768 -32768 -32768 -32768 -32768 -32768 -32768 -32768 -32768 -32768
-32768 -32768 -32768 -32768 -32768 -32768 -32768 -32768 -32768 -32768 -32768 -32768 -32768 -32768 -32768 -32768 -32768 -32768 -32768 -32768 -32768 -32768 -32768 -32768 -32768 -32768 -32768 -32768 -32768 -32768 -32768 -32768 -32768 -32768 -32768 -32768 -32768 -32768 -32768 -32768 -32768 -32768 -32768 -32768 -32768 -32768 -32768 -32768 -32768 -32768 -32768 -32768 -32768 -32768 -32768 -32768 -32768 -32768 -32768 -32768 -32768 -32768 -32768 -32768 -32768 -32768 -32768 -32768 -32768 -32768 -32768 -32768 -32768 -32768 -32768 -32768 -32768 -32768
-32768 -32768 -32768 -32768 -32768 -32768 -32768 -32768 -32768 -32768 -32768 -32768 -32768 -32768 -32768 -32768 -32768 -32768 -32768 -32768 -32768 -32768 -32768 -32768 -32768 -32768 -32768 -32768 -32768 -32768 -32768 -32768 -32768 -32768 -32768 -32768 -32768 -32768 -32768 -32768 -32768 -32768 -32768 -32768 -32768 -32768 -32768 63 63 -32768 -32768 -32768 -32768 -32768 -32768 -32768 -32768 -32768 -32768 -32768 -32768 -32768 -32768 -32768 -32768 -32768 -32768 -32768 -32768 -32768 -32768 -32768 -32768 -32768 -32768 -32768 -32768 -32768
-32768 -32768 -32768 -32768 -32768 -32768 -32768 -32768 -32768 -32768 -32768 -32768 -32768 -32768 -32768 -32768 -32768 -32768 -32768 -32768 -32768 -32768 -32768 -32768 -32768 -32768 -32768 -32768 -32768 -32768 -32768 -32768 -32768 -32768 -32768 -32768 83 82 81 80 80 -32768 -32768 -32768 -32768 -32768 -32768 63 64 -32768 -32768 -32768 -32768 56 -32768 -32768 -32768 -32768 -32768 -32768 -32768 -32768 -32768 -32768 -32768 -32768 -32768 -32768 -32768 -32768 -32768 -32768 -32768 -32768 -32768 -32768 -32768 -32768
-32768 -32768 -32768 -32768 -32768 -32768 -32768 -32768 -32768 -32768 -32768 -32768 -32768 -32768 -32768 -32768 -32768 -32768 -32768 -32768 -32768 -32768 -32768 -32768 -32768 -32768 -32768 -32768 -32768 -32768 -32768 -32768 -32768 -32768 86 85 84 83 82 81 81 81 -32768 -32768 -32768 -32768 -32768 72 72 -32768 -32768 -32768 -32768 57 57 -32768 -32768 50 49 -32768 -32768 -32768 -32768 -32768 -32768 -32768 -32768 -32768 -32768 -32768 -32768 -32768 -32768 -32768 -32768 -32768 -32768 -32768
-32768 -32768 -32768 -32768 -32768 -32768 -32768 -32768 -32768 -32768 -32768 -32768 -32768 -32768 -32768 -32768 -32768 -32768 -32768 -32768 -32768 -32768 -32768 -32768 -32768 -32768 -32768 -32768 -32768 -32768 -32768 -32768 -32768 -32768 87 86 86 84 84 83 82 81 -32768 -32768 -32768 -32768 77 76 75 76 -32768 -32768 -32768 58 57 57 -32768 -32768 51 -32768 -32768 -32768 -32768 -32768 -32768 -32768 -32768 -32768 -32768 -32768 -32768 -32768 -32768 -32768 -32768 -32768 -32768 -32768
-32768 -32768 -32768 -32768 -32768 -32768 -32768 -32768 -32768 -32768 -32768 -32768 -32768 -32768 -32768 -32768 -32768 -32768 -32768 -32768 -32768 -32768 -32768 -32768 -32768 -32768 -32768 -32768 -32768 -32768 -32768 -32768 -32768 89 89 88 87 85 84 83 82 -32768 -32768 -32768 -32768 -32768 81 81 80 78 -32768 -32768 -32768 -32768 -32768 -32768 58 -32768 -32768 -32768 -32768 54 54 -32768 -32768 -32768 57 58 58 -32768 -32768 60 -32768 -32768 -32768 -32768 -32768 -32768
-32768 -32768 -32768 -32768 -32768 -32768 -32768 -32768 -32768 -32768 -32768 -32768 -32768 -32768 -32768 -32768 -32768 -32768 -32768 -32768 -32768 -32768 -32768 -32768 -32768 -32768 -32768 -32768 -32768 -32768 -32768 92 90 90 91 89 87 85 84 83 -32768 -32768 -32768 -32768 -32768 -32768 86 85 84 83 -32768 -32768 -32768 -32768 -32768 -32768 -32768 -32768 -32768 -32768 -32768 -32768 -32768 -32768 -32768 -32768 58 59 59 -32768 59 60 -32768 -32768 -32768 -32768 -32768 -32768
-32768 -32768 -32768 -32768 -32768 -32768 -32768 -32768 -32768 -32768 -32768 -32768 -32768 -32768 -32768 -32768 -32768 -32768 -32768 -32768 -32768 -32768 -32768 -32768 -32768 -32768 -32768 -32768 -32768 98 95 94 92 90 90 88 87 86 -32768 -32768 -32768 -32768 -32768 -32768 -32768 -32768 89 88 87 87 90 91 90 -32768 -32768 -32768 -32768 -32768 -32768 -32768 -32768 -32768 -32768 -32768 -32768 -32768 -32768 -32768 -32768 -32768 -32768 -32768 -32768 -32768 -32768 -32768 -32768 -32768
-32768 -32768 -32768 -32768 -32768 -32768 -32768 -32768 -32768 -32768 -32768 -32768 -32768 -32768 -32768 -32768 -32768 -32768 -32768 -32768 -32768 -32768 -32768 96 98 -32768 -32768 -32768 104 102 99 97 94 90 87 86 86 -32768 -32768 -32768 -32768 -32768 -32768 -32768 -32768 -32768 90 90 90 90 92 93 92 90 86 84 81 -32768 -32768 -32768 -32768 -32768 -32768 -32768 -32768 -32768 -32768 -32768 -32768 -32768 -32768 -32768 -32768 -32768 -32768 -32768 -32768 -32768
-32768 -32768 -32768 -32768 -32768 -32768 -32768 -32768 -32768 -32768 -32768 -32768 -32768 -32768 -32768 -32768 -32768 -32768 -32768 -32768 -32768 -32768 94 99 102 104 106 107 106 106 104 100 97 92 88 86 86 -32768 -32768 -32768 -32768 -32768 84 86 87 89 90 91 93 94 95 95 95 92 90 87 83 81 -32768 -32768 -32768 -32768 -32768 -32768 -32768 -32768 -32768 -32768 -32768 -32768 -32768 -32768 -32768 -32768 -32768 -32768 -32768 -32768
-32768 -32768 -32768 -32768 -32768 -32768 -32768 -32768 -32768 -32768 -32768 -32768 -32768 -32768 -32768 -32768 -32768 -32768 71 73 82 -32768 98 101 102 104 104 105 105 107 105 103 100 96 91 88 86 85 84 -32768 82 83 84 86 87 89 91 93 94 96 97 97 96 95 94 92 88 83 80 -32768 -32768 -32768 -32768 -32768 -32768 -32768 -32768 -32768 -32768 -32768 -32768 -32768 -32768 -32768 -32768 -32768 -32768 -32768
-32768 -32768 -32768 -32768 -32768 -32768 -32768 -32768 -32768 -32768 -32768 -32768 -32768 -32768 -32768 -32768 77 82 82 85 90 97 102 105 97 97 97 99 103 107 107 105 101 98 93 90 87 85 83 82 82 82 84 86 88 92 93 94 95 97 98 99 99 100 99 96 93 85 82 -32768 -32768 -32768 -32768 -32768 -32768 -32768 -32768 -32768 -32768 -32768 -32768 -32768 -32768 -32768 -32768 80 80 -32768
-32768 -32768 -32768 -32768 -32768 -32768 -32768 -32768 -32768 -32768 -32768 -32768 -32768 -32768 -32768 74 77 88 95 98 101 105 109 110 102 96 96 103 109 111 109 104 102 100 95 92 89 86 82 81 81 82 84 88 91 93 94 95 97 99 100 101 102 101 99 99 96 87 82 -32768 -32768 -32768 -32768 -32768 -32768 -32768 -32768 -32768 -32768 -32768 -32768 -32768 -32768 -32768 -32768 -32768 -32768 -32768
-32768 -32768 -32768 -32768 -32768 -32768 -32768 -32768 -32768 -32768 -32768 -32768 -32768 -32768 76 79 87 97 105 108 109 112 115 115 109 103 102 108 113 113 107 104 103 100 96 93 90 87 83 81 81 81 84 88 91 94 95 97 98 99 101 102 102 103 103 99 95 88 82 -32768 -32768 81 87 97 100 96 98 96 97 96 94 94 -32768 -32768 -32768 -32768 -32768 -32768
-32768 -32768 -32768 -32768 -32768 -32768 -32768 -32768 -32768 -32768 -32768 -32768 -32768 -32768 81 86 96 106 114 115 115 116 117 118 113 110 109 116 117 112 104 104 104 101 97 94 91 87 84 80 80 82 85 94 94 96 96 97 98 100 102 103 105 106 107 106 98 98 99 95 99 102 107 105 102 101 107 107 102 101 100 98 98 -32768 -32768 -32768 -32768 -32768
-32768 -32768 -32768 -32768 -32768 -32768 -32768 -32768 -32768 -32768 -32768 -32768 -32768 81 86 93 102 111 117 119 118 118 119 118 117 114 116 118 118 109 103 105 105 102 98 95 91 89 -32768 79 78 80 84 94 96 94 94 96 98 100 102 104 106 107 109 107 110 113 115 116 116 115 118 116 113 112 110 105 104 104 104 102 101 100 100 -32768 -32768 -32768
-32768 -32768 -32768 -32768 -32768 -32768 -32768 -32768 -32768 -32768 -32768 -32768 -32768 83 91 97 106 114 119 120 120 119 118 117 117 117 117 117 116 108 104 107 106 103 99 96 93 -32768 -32768 -32768 78 81 85 93 94 94 95 97 99 100 102 105 107 110 110 112 114 117 119 119 120 119 120 118 117 114 112 109 106 104 103 103 103 103 103 103 102 101
-32768 -32768 -32768 -32768 -32768 -32768 -32768 -32768 -32768 -32768 -32768 -32768 -32768 -32768 93 98 105 113 118 119 118 118 117 115 115 114 114 114 114 109 106 108 106 103 100 98 -32768 -32768 -32768 -32768 81 85 88 94 98 97 97 99 101 101 102 104 107 110 111 113 115 117 118 120 122 121 120 119 116 114 112 110 106 103 102 104 106 106 107 107 106 105
-32768 -32768 -32768 -32768 -32768 -32768 -32768 -32768 -32768 -32768 -32768 -32768 83 89 94 99 106 112 115 115 116 115 114 113 112 111 111 112 112 108 109 108 106 104 101 100 -32768 -32768 -32768 -32768 -32768 90 90 93 95 96 100 107 104 101 103 104 106 109 111 113 114 114 114 114 116 118 117 116 114 114 112 110 107 104 105 107 109 110 111 111 110 110
-32768 -32768 -32768 -32768 -32768 -32768 -32768 -32768 -32768 -32768 -32768 -32768 -32768 -32768 95 101 107 110 111 112 112 112 112 111 109 108 108 109 111 108 110 108 106 104 103 101 100 -32768 -32768 -32768 -32768 95 94 94 95 98 106 111 104 102 102 104 106 108 110 111 112 111 112 112 113 114 113 114 114 114 112 110 108 107 108 110 112 113 114 114 114 114
-32768 -32768 -32768 -32768 -32768 -32768 -32768 -32768 -32768 -32768 75 80 84 90 95 101 108 108 108 108 109 109 108 108 106 106 106 107 107 108 108 107 106 105 104 103 102 102 -32768 -32768 -32768 99 98 98 97 104 114 109 102 102 103 104 106 108 110 111 111 111 111 111 111 111 111 112 113 114 112 111 109 109 110 111 113 116 117 116 116 117
69 -32768 -32768 -32768 -32768 -32768 -32768 -32768 -32768 -32768 75 79 85 90 94 101 105 105 104 105 106 106 106 105 104 104 104 107 108 108 107 107 106 105 105 104 103 103 -32768 -32768 105 104 101 109 108 115 113 105 101 101 102 104 106 109 110 110 110 110 110 110 110 110 110 110 111 112 111 110 109 109 109 110 114 118 118 117 117 117
71 70 -32768 -32768 -32768 -32768 -32768 -32768 -32768 -32768 74 80 87 90 93 98 100 100 101 103 105 105 104 103 102 102 104 107 107 107 106 106 106 106 106 106 105 105 106 106 106 104 113 118 116 117 107 100 100 101 102 104 106 107 108 109 108 109 108 108 108 108 108 108 108 109 109 109 108 108 109 110 113 115 116 116 116 115
72 71 71 -32768 -32768 -32768 -32768 -32768 -32768 69 75 83 90 94 95 96 97 96 99 103 105 105 104 103 102 102 104 106 106 106 106 106 106 107 107 107 107 107 107 106 106 114 111 114 117 109 99 98 99 100 101 102 104 105 106 107 107 107 107 107 106 106 106 105 105 106 106 107 107 107 108 110 111 113 114 114 114 113
73 73 72 71 -32768 -32768 -32768 -32768 70 72 79 88 94 97 97 97 97 98 101 105 107 107 105 104 103 102 102 105 106 106 105 106 107 108 108 108 108 108 107 107 111 111 110 113 108 96 98 99 99 100 100 101 102 103 104 105 105 105 105 105 105 104 104 103 103 104 105 105 106 106 107 108 110 111 111 112 111 110
74 73 75 74 73 -32768 71 72 74 78 85 92 97 99 98 98 98 99 102 107 110 108 105 104 103 102 102 105 105 105 106 106 107 108 109 110 109 109 107 108 109 111 111 109 98 98 100 100 99 99 99 100 100 101 102 102 103 103 103 103 103 103 102 102 101 102 102 103 104 105 105 107 108 109 109 109 109 108
75 75 76 78 75 75 -32768 75 78 84 90 96 99 100 99 99 98 99 102 105 107 105 103 103 102 101 102 105 105 106 106 106 107 108 110 111 107 105 104 105 109 112 109 101 100 99 99 99 98 98 98 98 98 99 99 100 101 101 101 101 101 100 100 100 100 100 101 101 102 103 104 105 105 106 106 106 106 106
75 76 77 80 81 76 76 77 81 87 93 98 101 101 100 100 99 99 100 102 102 102 101 101 101 101 100 104 106 105 106 107 106 108 112 107 99 99 103 105 107 106 102 101 99 99 98 97 97 96 95 96 96 97 98 98 98 99 99 99 99 99 98 98 98 98 99 99 100 101 102 103 103 104 104 105 104 104
76 77 78 81 84 79 77 78 83 89 94 98 100 101 101 101 100 100 100 100 100 100 99 99 100 101 102 103 106 102 102 106 107 108 107 97 98 96 100 101 103 103 102 100 99 98 97 96 95 95 94 93 94 95 96 97 97 97 98 98 97 97 96 96 96 97 98 98 98 99 99 100 101 102 102 103 103 102
77 80 80 81 83 80 80 82 86 92 95 98 100 101 101 101 101 101 100 100 101 99 97 98 101 102 104 104 99 97 98 105 109 108 98 94 96 98 101 103 106 104 102 100 98 97 96 95 94 93 93 92 92 94 94 96 96 96 96 96 96 95 95 94 95 96 96 97 97 97 97 98 99 100 101 102 102 101
78 82 82 82 82 82 83 84 88 94 95 98 99 100 101 100 101 101 101 101 100 96 96 98 100 103 106 106 99 95 94 105 108 109 108 104 106 109 109 108 106 104 101 99 97 95 94 94 93 93 92 92 92 93 94 94 95 95 95 95 95 95 94 94 94 95 96 96 96 96 95 95 97 99 100 102 102 101
81 80 84 83 82 83 85 87 90 96 97 98 100 101 102 100 101 102 101 101 99 95 93 97 100 103 106 107 100 94 92 95 96 95 106 112 111 110 110 108 106 103 100 98 95 94 93 93 92 92 91 92 92 93 94 94 94 95 95 95 94 94 94 94 95 95 96 96 96 96 95 95 97 98 100 101 102 102
