_episodes_rmd/data/big_extent/bio2.asc
NCOLS 660 
NROWS 720 
XLLCORNER -130 
YLLCORNER -60 
CELLSIZE 0.166666666666667 
NODATA_value -32768 
[rows 0 to 34 of 720, columns 0 to 77 of 660]
118.000000000000000 119 117 119 120 120 120 120 121 120 120 120 121 120 120 120 119 120 119 119 120 120 119 117 116 115 115 114 115 114 114 114 113 114 113 113 112 112 112 112 113 114 115 116 117 117 118 118 118 118 118 118 118 117 117 117 117 116 116 116 116 115 114 114 113 114 114 114 113 112 112 113 112 112 111 113 115 117
115 115 116 117 119 120 120 118 119 119 119 120 120 119 120 120 120 120 120 120 120 121 118 117 116 116 115 114 115 115 115 115 115 114 114 114 114 113 113 114 115 115 117 117 118 119 119 119 119 119 119 119 119 118 118 118 118 117 117 117 116 115 115 115 114 114 114 115 114 113 112 112 113 112 114 116 117 117
112 113 113 114 118 118 118 118 117 117 118 119 120 119 120 120 121 121 121 121 121 121 118 118 117 117 117 117 116 115 115 116 115 115 115 115 115 115 115 116 116 117 118 119 119 119 120 120 120 120 120 120 119 119 119 119 118 118 117 117 116 115 114 115 115 115 114 112 114 115 114 113 113 115 117 118 117 117
111 111 111 112 115 118 114 115 117 117 118 119 119 120 120 120 120 119 120 120 120 120 120 120 120 120 119 118 117 117 117 116 116 116 116 116 116 116 117 117 118 119 120 121 121 122 121 120 120 120 120 120 119 119 119 118 118 118 118 117 116 115 113 114 115 115 114 113 113 115 116 116 118 118 118 118 118 117
110 110 111 112 115 117 117 114 116 117 117 117 118 120 120 120 120 120 119 119 118 118 117 117 119 118 119 119 118 117 117 117 116 116 116 117 117 117 118 119 120 121 122 123 124 124 123 123 122 121 120 119 119 119 118 118 117 117 118 118 117 116 115 115 116 115 115 115 116 117 118 118 119 118 118 118 117 117
111 112 113 113 114 114 113 115 116 117 116 117 118 119 120 120 119 119 119 118 117 117 117 115 116 116 116 115 116 116 116 117 117 116 116 116 116 117 117 119 121 122 124 125 126 126 125 124 123 122 121 120 119 119 119 118 118 118 119 118 118 117 117 117 118 118 118 119 119 119 119 119 119 119 119 118 118 117
113 112 113 113 114 113 114 114 114 116 117 117 118 117 117 119 120 118 119 118 117 117 116 116 117 117 114 116 117 117 116 115 116 116 116 116 117 118 118 120 121 122 124 126 128 127 126 125 124 122 122 121 120 120 119 119 119 119 119 119 119 118 118 118 119 119 119 120 120 120 120 119 120 120 119 119 118 117
115 115 114 114 114 114 114 114 116 115 115 116 117 119 115 116 119 119 117 118 116 115 115 115 116 118 115 115 115 116 115 113 114 115 116 116 116 118 119 120 122 123 125 126 128 127 126 125 124 123 122 122 121 120 120 120 120 119 119 119 119 119 119 119 119 119 120 120 120 120 120 120 120 119 119 118 119 118
118 117 115 115 115 115 114 116 114 115 115 116 114 116 118 115 117 119 119 118 118 116 115 115 116 117 114 113 112 115 113 112 112 114 114 115 117 118 118 119 121 122 124 125 126 126 125 124 124 123 122 122 121 121 120 120 120 119 119 119 119 118 118 117 117 117 118 118 119 120 120 120 120 119 118 119 120 119
120 117 114 114 116 115 116 115 115 115 115 115 115 115 116 117 117 118 117 119 119 118 117 115 114 115 114 112 112 113 111 110 110 111 113 114 114 117 117 117 119 121 123 123 124 124 124 124 123 122 122 121 120 120 120 120 119 118 118 118 117 117 117 117 117 117 117 117 118 119 120 120 120 121 121 121 121 120
117 116 114 114 116 116 114 115 115 115 116 116 115 115 115 116 116 118 117 116 118 117 116 116 117 115 114 113 111 111 110 109 110 111 113 114 114 116 116 114 117 120 121 122 121 121 122 122 122 121 121 121 120 120 119 118 118 118 117 116 116 116 116 116 116 115 116 117 116 117 118 120 121 121 122 122 122 121
121 117 116 115 116 116 116 117 116 116 117 115 116 116 115 115 116 116 114 115 116 118 117 115 115 114 116 113 112 111 110 111 110 109 111 111 112 114 116 115 115 117 119 120 118 118 119 120 120 120 120 120 119 119 118 118 117 116 115 115 114 114 114 114 113 113 114 116 117 118 119 121 122 123 123 123 123 123
117 119 118 118 118 117 117 117 117 117 117 115 114 114 115 115 114 115 114 115 116 116 116 116 116 116 114 113 113 111 110 109 109 109 108 109 112 113 115 115 116 117 117 118 116 116 117 118 118 119 119 118 118 117 117 116 116 115 114 114 113 112 111 112 112 113 114 115 117 119 120 121 122 123 124 124 124 124
118 118 119 114 114 114 113 113 113 114 115 116 115 115 115 116 116 115 115 115 115 117 115 116 117 116 115 115 114 112 111 110 109 109 109 110 110 111 110 112 114 115 115 115 115 116 116 116 116 116 117 117 116 116 115 115 114 114 113 112 111 110 109 109 111 112 114 116 115 115 116 119 121 123 124 124 125 126
112 112 114 117 113 112 111 112 114 112 113 114 113 115 115 114 114 115 114 114 116 116 117 116 115 116 116 115 112 112 112 110 109 108 107 108 108 108 109 110 110 112 112 111 112 112 112 113 113 114 115 115 115 114 114 113 113 112 112 110 109 110 108 109 111 112 113 113 113 113 114 116 116 118 122 122 125 127
110 109 111 113 111 111 110 111 113 111 112 112 113 113 115 114 115 115 115 115 115 114 115 115 115 116 116 114 113 111 110 109 109 108 107 106 107 108 107 108 108 109 110 110 110 110 111 110 111 111 112 113 113 112 111 111 110 110 109 110 110 110 109 110 111 112 110 110 110 112 114 117 118 118 120 123 127 128
109 108 110 110 109 109 110 111 111 111 111 112 113 112 113 113 114 114 114 115 115 114 113 114 113 113 114 114 113 111 110 108 108 108 107 106 106 107 107 107 107 108 109 109 109 108 108 108 108 109 110 111 111 111 110 110 109 109 109 109 110 110 110 110 109 107 106 108 109 112 114 116 118 121 123 126 129 130
106 106 107 107 107 109 109 109 109 111 112 111 111 112 112 112 114 114 115 114 113 113 112 112 113 112 111 112 112 111 109 109 108 107 107 106 105 106 106 105 105 106 107 107 107 106 106 106 106 106 107 108 109 109 109 109 109 109 109 109 110 109 108 106 105 107 108 109 109 111 113 115 118 122 126 129 131 131
103 104 105 105 106 106 108 108 108 109 111 111 112 111 111 112 113 113 115 114 114 113 113 113 112 113 112 111 110 110 108 107 107 106 107 107 105 104 105 105 104 105 106 106 106 106 105 104 103 103 105 105 106 107 107 107 108 108 109 109 109 108 106 105 106 106 106 107 108 110 113 116 118 123 127 130 133 131
100 101 102 102 103 105 106 107 108 108 109 110 111 112 110 111 113 113 113 113 113 113 112 112 112 112 111 112 110 109 108 108 107 107 106 106 106 104 105 103 103 104 104 106 106 105 105 104 101 101 102 104 105 105 106 106 106 107 108 108 107 106 104 104 104 103 103 104 105 108 110 112 116 121 126 131 135 134
96 97 98 100 101 102 104 105 107 108 109 109 109 111 112 112 112 112 113 113 113 113 112 111 111 110 110 110 109 109 108 107 108 107 106 106 106 104 104 104 104 104 103 103 105 105 104 104 103 102 102 103 103 103 104 105 106 107 108 107 108 109 108 107 106 106 105 105 104 106 109 111 116 120 124 129 135 138
92 93 95 97 99 100 102 104 106 107 106 108 110 109 111 112 112 113 113 114 113 113 112 111 112 111 111 110 109 108 108 107 107 108 107 105 107 104 103 103 102 103 103 102 103 104 105 105 105 105 104 103 103 103 103 104 105 107 109 110 111 111 111 110 109 108 107 105 104 103 106 109 114 118 123 128 137 140
89 91 92 94 96 99 100 103 102 104 105 106 109 110 110 111 112 112 114 113 113 113 113 112 111 111 110 110 109 108 107 107 107 108 108 107 105 104 103 103 103 102 101 101 101 102 103 105 105 105 106 106 105 104 104 104 106 109 111 112 113 113 112 111 110 108 108 105 103 102 105 109 114 119 123 131 141 138
84 87 90 91 94 97 98 101 100 102 103 105 108 107 109 108 109 111 113 114 113 113 113 112 111 110 110 110 109 108 107 107 107 107 108 108 106 106 104 103 103 104 102 103 102 103 105 107 108 107 106 106 106 106 105 106 109 112 115 116 116 115 113 110 109 108 108 106 104 102 105 110 115 121 128 134 135 136
82 86 87 89 92 95 97 99 100 100 102 104 107 107 107 107 110 110 112 114 115 115 114 113 113 111 110 109 109 108 107 107 108 106 107 108 109 107 104 102 104 103 100 100 100 100 103 105 106 105 106 106 107 106 106 108 111 114 117 119 118 115 112 110 109 109 109 108 108 107 110 114 119 122 126 130 132 133
80 82 85 87 90 93 96 98 99 100 101 103 105 105 108 108 111 111 113 113 113 115 116 114 112 112 111 110 109 109 108 108 108 107 106 107 109 109 107 104 102 102 100 99 98 98 100 102 104 104 107 108 108 109 109 111 113 116 120 121 117 114 112 110 109 109 109 110 109 110 112 114 118 123 128 129 131 131
78 80 83 85 87 91 94 97 97 98 100 102 104 106 105 107 110 112 113 115 114 113 115 116 113 111 111 110 109 108 108 108 108 108 108 108 108 109 108 108 104 101 100 98 97 98 100 101 104 105 108 107 109 109 109 111 114 116 118 119 117 114 112 110 109 109 110 111 110 112 114 116 120 123 127 129 130 130
76 79 81 83 86 90 93 92 93 95 98 99 100 105 105 106 108 109 112 115 117 116 115 116 114 112 111 110 109 109 108 108 109 108 109 109 108 108 108 108 109 104 100 98 97 97 98 100 102 105 106 105 107 110 111 111 113 116 117 116 116 114 112 112 112 112 112 112 113 114 117 119 120 121 123 127 129 129
75 77 79 81 84 89 88 89 91 92 94 98 99 102 103 105 107 110 111 114 119 119 117 116 113 112 110 109 109 109 109 109 109 110 110 110 111 110 110 107 109 108 102 100 98 99 99 101 103 106 105 107 108 109 111 111 113 114 115 115 115 114 113 112 113 115 117 118 117 118 120 120 121 122 123 125 127 128
74 75 78 81 81 84 86 87 88 90 93 95 97 100 100 103 106 108 112 117 120 120 119 116 114 112 110 109 108 108 109 110 110 111 112 111 112 111 111 109 109 109 106 103 101 101 101 102 105 105 104 104 108 111 112 112 112 113 114 114 115 115 114 114 115 117 119 120 120 121 122 123 124 124 126 127 128 129
72 74 76 77 79 81 83 84 85 87 89 91 93 96 99 101 104 107 107 114 119 118 119 117 113 111 109 108 107 108 109 111 112 112 113 113 114 113 112 112 111 110 108 106 105 104 104 104 104 106 106 107 109 109 109 112 112 113 113 113 114 115 115 115 115 117 119 121 122 122 123 124 125 125 126 127 129 129
70 72 73 75 77 78 79 80 83 84 86 89 92 94 97 99 102 107 111 111 115 117 117 116 114 111 107 106 106 108 110 112 114 115 116 116 116 116 115 115 113 112 111 110 109 108 107 108 108 108 107 108 110 111 111 110 111 110 111 112 113 113 114 113 115 115 117 119 121 122 122 124 125 126 127 128 130 130
68 70 72 73 74 76 77 77 77 80 84 86 89 91 94 98 101 104 109 111 113 115 114 112 113 111 108 106 107 108 111 113 116 117 118 119 119 118 118 117 116 115 113 113 112 111 111 112 111 110 109 107 109 109 108 108 109 110 110 110 111 112 110 110 112 113 116 119 120 122 123 124 125 127 127 129 130 131
66 68 70 71 73 74 74 74 73 78 81 83 87 89 92 95 98 100 106 110 111 113 115 115 114 111 107 105 108 110 113 116 118 120 121 121 121 121 120 120 118 118 116 116 115 113 113 114 112 113 112 112 112 110 108 109 108 106 106 107 109 110 109 106 109 112 114 117 120 121 121 123 125 128 128 129 131 132
65 67 68 70 71 72 72 73 72 75 79 82 84 87 90 93 97 100 104 105 107 108 109 113 113 115 110 110 111 113 116 119 121 123 124 124 124 124 123 122 121 120 119 118 118 117 118 118 118 117 116 116 113 113 112 108 105 106 107 104 105 106 107 108 110 109 113 116 119 118 119 120 123 125 127 129 130 131
