_episodes_rmd/data/big_extent/bio4.asc
NCOLS 660 
NROWS 720 
XLLCORNER -130 
YLLCORNER -60 
CELLSIZE 0.166666666666667 
NODATA_value -32768 
[rows 374 to 407 of 720, columns 456 to 531 of 660]
569 568 551 562 554 551 538 538 512 501 507 468 481 455 415 413 385 371 358 330 322 320 312 304 297 268 274 287 297 256 281 265 250 251 250 250 272 277 284 322 325 354 356 378 386 403 417 436 436 441 428 433 415 406 384 362 381 418 459 465 489 494 507 496 513 525 528 -32768 -32768 -32768 -32768 -32768 -32768 -32768 -32768 -32768
558 539 532 547 542 536 530 522 503 495 482 471 455 442 421 409 388 374 355 348 334 333 312 328 316 290 290 293 275 256 253 247 272 262 277 272 252 273 296 300 325 313 359 366 398 395 409 412 427 432 432 415 413 380 356 325 356 422 440 467 482 495 514 524 531 541 553 550 546 -32768 -32768 -32768 -32768 -32768 -32768 -32768
540 544 532 541 532 516 505 492 482 490 482 455 422 446 426 411 421 405 376 372 343 317 327 324 305 309 293 287 284 275 263 241 239 263 254 275 281 281 285 295 314 334 331 348 374 403 394 415 413 427 415 392 388 388 372 365 377 399 435 482 506 509 521 529 548 557 571 562 566 575 566 553 570 572 -32768 -32768
529 523 521 527 504 498 490 494 479 470 449 432 431 441 420 439 426 411 385 375 356 337 335 333 316 306 293 290 291 263 267 267 236 243 267 263 269 283 284 292 316 330 342 357 356 385 403 409 399 409 422 417 404 396 384 377 392 424 457 484 521 525 555 571 572 582 595 591 582 566 585 560 560 576 569 568
521 507 507 520 511 504 492 479 465 434 435 443 431 430 432 424 442 419 399 375 358 345 342 329 323 323 317 292 284 276 269 275 272 250 236 240 246 269 284 303 307 337 340 355 379 379 407 413 413 407 423 424 427 396 400 398 436 442 487 511 516 535 551 585 605 601 610 618 624 599 579 578 566 571 572 601
515 488 488 480 488 488 470 449 477 442 450 429 444 439 458 464 451 426 414 406 362 373 342 340 344 322 301 292 286 292 269 287 260 255 256 244 257 272 271 300 321 333 328 354 362 401 411 421 435 421 437 429 437 446 441 454 486 482 490 531 554 585 622 629 630 638 644 659 653 632 619 591 569 586 606 630
512 512 488 496 481 487 491 467 465 442 442 449 446 473 452 435 433 446 425 401 365 361 348 338 334 327 301 288 290 277 264 271 271 259 237 250 256 269 295 287 312 325 350 362 374 390 411 441 429 450 450 479 451 477 489 483 492 525 529 576 592 609 622 645 666 697 699 690 678 681 638 623 592 615 624 680
496 475 470 479 481 467 475 446 458 475 469 469 466 471 456 463 443 434 417 390 397 367 356 342 344 325 318 311 317 288 278 270 274 281 278 251 247 269 300 303 296 329 343 371 377 394 410 442 450 463 480 484 499 484 502 522 530 553 586 606 629 657 650 702 713 741 741 754 740 712 704 655 647 658 676 709
483 472 486 466 463 460 468 469 438 461 447 468 461 458 447 455 438 426 423 395 391 376 356 344 335 368 344 316 306 284 259 275 265 274 262 278 274 275 290 286 309 332 348 376 393 421 432 421 454 479 510 504 496 528 545 551 578 606 620 633 672 685 727 739 755 777 815 806 798 768 743 709 697 723 730 740
480 465 471 458 471 447 460 455 446 449 463 473 476 460 475 446 440 419 415 404 391 377 380 362 352 359 352 317 314 306 293 275 265 272 262 268 280 273 296 307 325 335 364 406 406 421 444 462 460 474 507 539 524 554 553 588 599 636 647 659 689 717 760 784 794 853 853 886 868 838 819 786 781 780 787 765
491 466 459 444 451 447 453 444 444 444 449 452 449 449 444 412 421 413 399 382 377 385 362 370 352 340 338 316 298 298 287 259 256 260 272 275 290 269 298 311 325 365 351 377 407 417 445 482 504 516 513 531 539 578 606 607 636 640 684 724 753 753 777 811 834 882 890 907 936 893 869 872 831 810 807 788
472 460 458 456 458 447 444 460 452 423 449 435 444 433 436 423 409 402 382 417 379 391 366 362 358 329 320 315 317 281 284 273 275 270 256 255 264 272 281 300 330 337 371 387 417 457 470 486 493 530 552 557 594 610 609 638 664 687 748 736 766 820 818 854 873 910 940 967 966 957 923 903 881 866 841 816
484 446 458 448 429 441 433 431 437 428 442 437 437 425 419 409 397 367 401 382 368 377 350 338 333 321 321 309 307 297 273 282 257 253 254 269 280 276 298 300 333 370 375 393 437 444 469 501 524 539 557 569 599 618 638 676 699 741 760 780 803 825 852 887 913 937 980 1011 1018 1007 981 959 921 913 853 847
446 430 453 446 433 428 432 431 431 423 423 406 414 395 395 378 377 387 387 359 371 373 355 345 317 309 298 306 288 288 281 277 269 262 251 257 274 289 301 331 333 379 381 432 461 448 483 501 530 551 580 614 644 651 693 712 770 750 790 804 853 854 896 922 932 977 1016 1056 1055 1033 1014 974 961 928 886 867
439 469 439 436 425 413 413 425 409 423 409 415 398 386 386 386 361 361 364 364 359 339 352 324 314 319 319 304 287 273 289 274 269 257 262 265 260 301 293 333 359 375 405 440 450 471 509 515 558 569 588 618 661 703 734 743 766 807 828 838 852 882 919 943 960 988 1016 1061 1075 1068 1025 995 973 928 886 871
435 425 425 415 399 399 413 390 400 390 395 393 371 372 373 386 355 354 340 335 345 341 347 326 320 318 304 312 291 307 296 261 277 281 262 277 284 293 298 333 352 382 402 428 464 484 524 549 559 615 625 668 678 727 753 760 780 813 843 862 884 916 941 961 989 991 1005 1050 1051 1057 1039 1004 960 936 905 863
446 436 430 421 403 390 381 388 393 377 388 368 382 346 348 333 350 342 335 317 335 317 316 309 319 317 309 312 309 284 301 281 253 276 261 287 295 290 316 355 361 390 422 444 467 497 528 566 591 616 639 703 705 770 782 788 825 854 854 880 893 928 960 974 970 1000 996 1015 1055 1040 1039 1009 959 936 921 904
435 424 415 413 393 393 388 377 368 358 347 355 359 339 345 342 342 316 348 331 309 322 309 308 320 301 315 308 305 310 293 269 275 269 262 271 291 304 330 352 388 405 441 439 482 487 528 566 603 629 662 712 743 765 811 808 846 865 881 899 910 942 967 984 963 985 997 1012 1036 1025 1035 1012 972 942 926 888
428 423 407 401 365 386 357 349 361 345 361 342 340 333 325 324 342 301 295 330 310 324 304 305 305 329 333 322 315 311 306 297 274 269 273 275 277 324 332 392 401 424 436 466 497 523 543 574 610 672 703 741 798 813 832 843 876 876 907 896 921 928 949 966 974 997 998 1011 1017 1027 1021 1015 967 953 919 900
423 413 413 386 393 367 375 362 340 340 335 320 320 308 320 320 321 293 312 307 312 312 315 315 317 321 325 339 327 320 298 284 287 290 262 285 294 303 328 394 413 439 454 482 496 525 554 610 627 658 687 750 810 834 838 861 871 885 911 931 927 946 953 961 970 981 1015 1006 1029 1004 1000 975 975 921 941 914
429 405 390 359 359 378 350 338 327 323 311 332 308 304 308 295 315 320 307 301 317 312 301 315 324 321 352 321 335 332 300 304 272 298 272 287 322 333 364 407 438 451 449 485 530 535 558 613 645 676 706 754 794 829 833 855 893 891 910 913 939 950 959 952 975 983 984 1001 1005 991 996 962 962 946 923 890
407 402 383 370 372 346 329 338 315 309 306 309 312 301 312 305 292 292 320 297 304 323 322 303 317 333 328 344 333 331 318 301 287 278 301 287 323 357 403 436 465 472 471 492 534 535 556 621 644 676 715 749 787 802 851 871 864 901 924 923 928 947 947 969 978 962 982 990 1005 1005 976 970 935 911 919 911
425 389 384 378 365 357 340 317 314 296 308 292 306 292 317 312 293 291 283 293 315 317 319 318 313 333 333 324 318 328 310 306 293 291 296 307 355 375 434 492 493 479 469 490 526 526 552 598 632 678 719 744 794 802 836 846 867 905 911 928 939 946 947 940 971 970 992 996 986 974 945 947 941 921 937 924
415 378 380 377 350 345 345 312 308 287 293 294 298 298 284 282 266 281 281 278 295 306 317 302 315 315 315 318 335 317 314 297 304 301 306 320 344 383 434 514 506 502 473 485 507 540 562 586 621 687 707 731 794 813 808 840 873 887 920 910 934 949 944 956 928 950 962 966 945 946 930 936 921 916 948 950
406 395 382 360 347 334 333 312 310 282 269 274 284 280 273 273 253 277 265 280 293 287 287 298 301 308 308 314 318 316 325 325 321 317 300 293 330 356 432 475 468 457 473 457 497 507 552 593 610 667 694 726 760 794 830 856 858 866 903 916 930 954 956 946 946 910 918 921 922 932 938 946 954 944 972 963
399 396 384 377 356 347 309 308 284 278 269 253 276 281 260 260 259 263 278 267 284 286 269 304 312 316 322 333 335 314 312 300 307 309 303 317 335 335 390 411 419 435 437 450 482 494 544 584 616 660 692 748 754 801 814 854 864 880 902 899 917 941 929 950 920 934 904 863 867 884 926 934 989 997 1031 1019
399 399 380 371 345 354 324 324 275 277 278 260 250 261 256 256 248 253 276 278 277 280 309 307 307 314 312 314 330 325 333 317 302 307 297 316 309 323 342 373 373 405 411 448 496 522 526 569 629 655 690 723 737 786 807 844 869 878 884 900 927 942 936 930 930 982 911 859 842 873 889 958 1018 1055 1087 1070
411 393 391 370 377 346 347 314 316 290 314 298 284 260 269 261 250 245 281 289 293 272 289 286 309 310 304 320 320 330 334 342 347 329 330 340 355 352 338 333 383 392 434 446 476 513 549 579 613 639 674 720 721 780 812 806 856 865 866 891 902 918 921 921 906 908 875 841 813 840 878 964 1050 1118 1148 1164
413 390 382 380 369 373 343 330 316 314 332 342 298 287 263 285 267 258 255 288 256 281 294 300 304 304 320 320 334 330 333 343 339 354 359 361 368 371 395 402 404 409 440 450 492 530 548 582 619 641 685 705 734 745 802 835 834 857 868 899 895 901 883 902 872 876 820 797 793 844 872 964 1067 1165 1236 1279
420 417 406 390 388 373 350 351 330 315 314 323 314 312 263 286 261 269 261 260 263 291 287 294 304 322 320 320 343 328 347 342 380 365 395 390 407 427 456 473 456 440 444 457 511 529 539 562 607 667 669 701 731 758 777 820 820 849 846 877 890 883 879 868 845 825 791 778 791 824 879 963 1051 1153 1225 1196
422 417 405 403 373 373 359 338 335 330 330 320 330 312 301 265 266 263 250 269 269 268 303 296 292 319 305 335 335 351 347 374 365 392 402 408 433 463 503 512 486 475 472 465 512 529 535 580 605 642 682 722 735 751 778 775 821 827 849 855 863 841 838 857 831 794 798 785 791 835 888 960 1043 1102 1157 1134
445 421 427 395 385 385 361 352 337 342 330 324 321 325 317 283 253 274 272 250 267 281 290 285 304 315 335 330 340 351 380 374 388 387 407 421 444 460 502 510 486 495 480 484 512 530 548 576 605 660 670 704 724 755 771 802 826 826 825 842 828 833 799 829 814 770 774 775 774 832 894 949 1001 1068 1071 1077
445 436 430 425 407 386 370 359 342 345 342 336 324 315 306 307 286 278 278 281 288 285 292 309 309 300 317 339 340 352 383 375 377 399 413 439 465 466 486 501 496 494 483 492 509 536 573 585 618 652 661 709 732 754 782 787 806 806 830 809 792 790 802 791 792 760 792 778 807 854 902 949 1007 1017 1068 1070
447 441 436 424 404 404 370 364 364 357 375 348 319 322 316 306 304 295 281 278 286 288 298 302 317 317 320 354 350 357 376 380 405 403 429 447 446 454 473 478 492 484 482 504 519 525 576 601 620 655 680 694 715 749 749 771 785 803 795 807 783 775 773 770 752 763 780 784 811 880 904 955 995 1017 1059 1082
