_episodes_rmd/data/big_extent/bio4.asc
NCOLS 660 
NROWS 720 
XLLCORNER -130 
YLLCORNER -60 
CELLSIZE 0.166666666666667 
NODATA_value -32768 
[rows 374 to 407 of 720, columns 304 to 379 of 660]
657 225 278 256 322 389 477 531 517 547 558 553 539 522 504 519 501 501 495 492 500 476 495 490 491 470 435 441 425 425 388 382 368 392 416 426 434 431 460 469 447 474 468 452 458 472 468 457 461 435 426 423 429 397 426 394 419 401 396 387 385 362 374 374 375 374 374 392 394 364 370 368 384 384 384 380
287 352 413 385 433 448 516 531 564 565 569 544 520 510 527 501 510 496 501 510 517 465 477 473 471 477 464 456 440 411 395 388 408 388 394 413 433 421 438 448 477 454 464 464 434 459 465 445 465 451 429 437 421 402 394 407 398 388 382 374 374 374 348 374 381 371 383 385 382 350 344 368 375 357 359 368
400 453 598 546 497 490 608 543 590 574 556 538 533 521 511 517 506 485 478 486 490 473 482 470 470 463 444 435 411 394 368 382 386 403 416 412 421 436 442 437 452 437 447 446 438 453 443 443 427 411 437 426 436 399 413 417 399 372 370 360 351 358 356 357 336 354 368 344 335 343 344 373 357 352 381 356
477 661 682 606 548 495 542 566 578 567 555 551 542 505 507 502 488 474 482 487 475 479 475 472 472 468 452 428 437 421 400 407 391 397 401 427 428 426 438 407 455 434 445 446 444 441 448 448 441 442 415 407 395 409 375 384 373 373 370 378 352 338 342 329 344 328 346 335 338 345 352 345 352 359 352 387
538 634 662 616 510 489 576 588 574 558 540 526 532 498 501 497 472 479 490 470 461 485 470 476 455 462 458 413 411 390 397 398 393 383 402 417 438 423 445 437 438 440 442 457 438 439 425 448 435 417 426 425 417 415 409 397 366 374 373 375 349 375 344 332 346 345 333 339 339 325 366 360 364 344 359 375
191 588 610 516 438 488 523 551 556 561 506 502 513 507 502 486 484 472 473 457 457 473 475 485 463 473 431 423 429 405 403 399 403 411 409 402 419 439 437 448 431 459 450 451 449 465 439 433 433 413 397 396 406 407 407 403 403 377 384 354 343 373 338 335 327 334 338 338 335 360 347 339 346 342 362 358
203 471 530 421 468 516 537 557 539 534 505 502 501 467 473 472 480 452 461 458 457 470 473 487 482 482 451 432 432 432 413 415 409 412 421 433 425 431 438 429 432 422 457 447 440 435 444 416 429 429 427 425 399 393 393 390 383 359 363 351 366 342 336 336 333 333 340 356 350 360 342 338 348 347 341 349
281 466 339 436 514 514 560 555 542 530 490 460 485 474 448 443 450 437 461 463 434 459 477 501 510 506 462 421 414 407 401 414 429 429 419 426 433 450 439 430 422 428 427 441 434 440 423 409 404 405 403 397 407 395 392 391 383 368 361 352 340 338 348 336 328 345 329 337 351 340 339 327 330 318 337 317
334 377 391 520 526 537 584 557 518 496 482 462 456 458 444 430 440 424 424 439 442 437 469 480 487 487 459 441 433 430 402 411 420 421 445 434 437 452 442 442 413 431 420 427 414 436 425 407 405 404 411 390 413 397 399 397 389 384 362 353 340 324 325 329 325 319 319 312 315 342 325 322 313 325 304 310
290 369 466 557 516 549 565 564 526 478 459 428 420 430 416 420 409 406 397 433 433 427 446 474 492 456 412 436 427 423 405 422 420 432 429 435 464 446 432 443 442 432 432 422 442 437 421 409 409 407 390 402 382 390 395 421 395 377 361 334 339 334 343 336 316 320 334 331 327 327 325 334 334 317 318 324
301 373 476 516 589 587 565 550 466 443 441 416 415 396 399 393 390 373 393 399 398 407 436 441 455 415 412 432 417 419 388 424 436 440 435 451 448 456 432 430 425 422 435 441 425 425 415 405 390 372 399 380 386 387 388 413 407 367 357 337 325 329 328 306 301 323 322 334 327 334 330 324 327 344 343 327
316 335 436 542 603 569 542 531 435 416 432 393 384 375 400 382 386 382 382 385 379 406 408 411 423 409 395 400 404 417 409 409 431 415 419 454 437 436 429 434 438 429 429 401 410 404 407 408 400 393 388 382 383 351 345 363 360 346 335 335 322 321 320 321 319 313 345 319 310 313 339 317 341 333 317 316
277 342 415 536 572 533 480 454 402 402 409 367 350 365 369 357 371 341 366 372 371 365 377 396 405 389 399 403 400 382 409 422 435 435 418 433 422 432 411 413 417 440 422 423 411 413 410 390 389 394 373 371 378 362 346 320 334 334 324 312 329 320 314 311 330 330 315 337 334 317 325 322 317 308 342 332
250 374 403 434 539 512 457 410 376 382 386 353 354 354 362 343 347 332 350 353 357 364 364 388 394 376 395 413 394 403 404 410 425 406 396 411 423 443 423 422 415 396 402 431 404 399 398 385 390 394 361 352 362 349 333 319 330 323 313 318 326 335 332 315 314 319 332 330 335 325 320 338 330 345 328 323
267 377 350 418 477 504 411 396 361 430 361 345 354 324 339 333 345 330 328 354 345 355 368 375 364 374 392 384 388 415 398 418 415 398 409 386 398 404 415 425 413 405 416 416 403 391 388 404 379 364 362 369 362 342 333 321 325 319 308 318 312 319 314 328 308 314 336 315 309 325 323 320 318 335 336 339
279 388 360 413 459 458 426 398 371 448 386 355 343 342 343 327 322 330 327 325 309 347 346 361 366 372 368 382 388 400 391 396 407 421 425 413 415 417 417 407 414 421 416 425 403 398 407 383 375 375 357 361 373 315 334 325 342 325 339 338 317 317 327 336 329 316 336 317 318 319 325 330 313 339 346 359
279 355 368 380 439 421 403 444 409 463 430 376 345 343 337 324 335 320 325 305 335 343 339 362 345 359 393 394 380 383 388 417 414 427 421 425 403 390 407 407 432 409 404 413 413 420 383 387 379 376 384 351 344 339 346 362 332 352 345 326 324 330 314 325 338 319 315 352 340 328 325 345 323 335 336 325
292 327 361 409 397 417 409 446 437 466 463 470 429 375 339 337 322 313 317 317 293 323 346 359 368 374 386 397 396 411 405 429 438 433 439 416 420 411 417 399 410 423 421 400 418 393 393 381 375 366 367 368 346 338 352 332 329 320 338 345 337 317 345 325 332 335 315 333 334 338 350 333 339 337 335 345
323 327 354 437 418 431 429 452 473 478 486 507 479 494 447 337 340 301 320 316 320 352 375 354 366 407 407 397 401 437 431 431 417 427 426 428 446 421 423 417 417 421 429 420 390 393 398 403 392 370 366 356 366 362 361 346 345 348 339 312 345 333 354 339 343 344 335 345 328 336 336 330 333 339 339 332
353 327 340 421 435 411 395 418 456 484 511 519 539 544 543 439 339 340 312 337 342 335 351 366 372 390 400 415 405 410 425 457 439 452 440 428 445 435 435 425 429 415 419 419 419 417 412 399 398 390 383 392 375 375 342 347 338 345 325 339 339 344 346 337 338 345 345 345 334 346 346 348 330 329 319 333
385 364 344 407 415 425 408 426 437 462 487 531 561 575 571 507 352 344 335 345 355 348 362 389 403 424 406 413 405 429 441 457 452 438 459 455 449 435 455 447 440 439 436 423 421 413 411 388 409 393 384 374 375 375 359 359 370 362 366 348 361 359 361 355 334 339 354 334 359 325 345 348 348 348 328 351
484 422 434 471 406 393 437 429 441 460 470 529 572 615 606 545 454 339 357 358 357 366 388 390 411 421 414 431 446 457 433 441 468 452 443 452 460 466 448 431 441 449 434 441 434 434 420 398 421 399 395 391 374 368 375 358 368 359 350 356 368 364 368 392 349 368 368 334 334 358 349 335 356 348 317 314
494 556 491 446 512 465 425 450 460 454 490 491 567 630 619 562 497 366 384 359 382 382 394 421 417 417 414 453 463 445 471 450 466 469 463 461 455 466 477 468 445 461 456 439 447 434 411 414 405 389 395 392 400 362 362 386 357 375 373 372 377 372 366 368 361 350 363 366 348 377 359 340 348 327 334 329
547 569 549 477 496 520 491 482 451 461 477 482 524 576 551 549 480 430 395 405 415 413 421 437 434 437 452 460 455 456 466 473 486 473 487 493 472 492 497 471 492 462 456 459 440 440 440 431 413 425 411 391 400 397 383 375 399 368 380 375 368 372 383 368 369 372 368 368 369 348 349 364 358 351 368 338
694 620 598 529 517 511 543 502 475 480 512 487 491 513 516 512 442 457 459 437 429 425 444 449 434 445 463 465 462 478 503 478 495 488 491 509 501 488 490 490 494 494 467 472 454 455 449 439 429 423 405 411 409 380 386 390 402 404 387 380 394 372 362 393 399 398 374 386 383 366 361 365 348 372 361 342
1316 778 702 591 566 555 547 554 539 523 497 540 529 517 528 465 473 480 476 469 480 448 468 468 459 484 486 478 502 497 494 512 504 527 522 521 530 515 516 499 504 503 490 497 475 449 462 444 431 415 425 413 389 398 401 390 390 390 382 388 417 417 406 406 405 404 385 384 383 394 385 361 362 364 373 349
1570 760 675 616 596 597 595 595 560 549 543 539 533 531 487 465 451 508 495 502 484 478 490 482 468 488 488 497 498 489 528 521 521 521 539 531 548 527 539 534 511 502 510 511 488 475 452 446 428 436 415 426 417 388 394 408 409 404 401 411 423 408 413 431 411 397 409 404 391 381 388 378 395 374 380 378
1695 872 678 667 645 637 619 620 612 614 561 559 551 531 516 492 478 475 490 506 500 508 491 492 492 513 494 506 497 507 540 530 552 537 542 540 544 557 569 547 538 541 518 528 524 485 472 453 460 442 440 413 429 419 419 417 410 426 434 424 413 428 414 414 418 437 425 422 401 422 405 405 395 379 380 366
1833 1150 883 740 681 671 658 641 650 622 603 588 569 548 499 484 488 475 477 489 490 503 509 506 506 511 524 530 512 550 545 528 552 545 564 573 554 558 575 560 576 563 546 531 531 497 497 487 466 451 455 433 436 448 435 421 427 439 447 432 433 443 439 446 432 442 428 425 423 425 422 404 403 395 375 390
1865 1483 1121 953 794 709 702 677 666 637 642 612 592 560 532 506 491 491 501 484 501 498 491 506 514 519 528 530 551 549 553 551 561 546 571 554 560 575 581 590 566 559 554 539 525 507 502 483 467 457 456 451 448 450 427 441 455 456 444 437 450 460 470 473 466 452 436 464 457 437 417 431 414 406 395 397
1722 1219 1145 853 805 759 726 718 732 700 656 626 596 585 560 534 500 497 511 482 509 507 511 505 500 518 522 544 551 560 566 582 567 572 576 585 602 607 599 581 582 580 576 585 536 534 531 493 494 472 483 463 450 444 452 453 452 455 457 477 471 476 475 484 481 475 481 455 459 464 444 430 419 423 411 415
1972 1665 1656 1356 1075 808 772 756 711 714 673 646 613 607 557 520 502 491 496 501 487 493 489 512 523 534 544 538 561 567 583 584 579 583 589 609 603 595 621 610 632 622 579 593 551 537 519 518 509 497 491 486 484 482 460 462 480 470 484 497 505 489 497 491 502 484 493 489 485 467 465 466 452 443 419 423
1958 1965 1643 992 958 898 763 759 743 729 730 677 647 622 597 536 507 492 487 485 471 480 493 497 507 520 566 546 571 574 578 592 606 591 613 598 603 627 614 611 611 609 573 587 558 551 527 524 527 509 503 501 492 510 496 497 481 502 510 534 505 528 540 524 516 515 523 510 492 486 497 473 467 459 452 448
1916 1852 1496 1203 891 826 826 813 766 755 727 726 658 644 581 541 517 500 482 484 508 466 496 497 515 541 543 569 579 579 587 582 604 597 604 598 592 597 606 608 613 608 588 582 585 560 560 557 507 504 505 514 528 520 527 528 520 513 506 535 549 564 558 558 558 558 513 526 519 504 492 492 473 478 470 446
