_episodes_rmd/data/big_extent/bio4.asc
NCOLS 660 
NROWS 720 
XLLCORNER -130 
YLLCORNER -60 
CELLSIZE 0.166666666666667 
NODATA_value -32768 
[rows 102 to 135 of 720, columns 152 to 227 of 660]
9149 9218 9317 9509 9743 9878 9842 9830 9846 9889 9904 9860 9855 9862 9936 9933 9884 9810 9870 9965 10049 10093 10178 10240 10319 10346 10388 10416 10504 10594 10631 10669 10695 10750 10803 10874 10906 11005 11031 11038 11056 11096 11131 11198 11204 11243 11299 11236 11219 11191 11176 11205 11247 11288 11313 11317 11236 11220 11229 11274 11260 11253 11255 11277 11339 11359 11323 11303 11314 11289 11245 11177 11174 11163 11161 11066
8839 8923 9040 9115 9335 9515 9547 9771 9796 9699 9598 9585 9681 9828 9940 9922 9878 9820 9808 9890 9997 10042 10070 10111 10166 10221 10258 10341 10438 10543 10584 10633 10639 10654 10729 10816 10898 10937 10939 10955 10977 10979 11019 11043 11017 11072 11126 11149 11125 11093 11097 11100 11140 11193 11238 11203 11129 11168 11219 11276 11253 11201 11161 11198 11258 11312 11266 11270 11277 11266 11185 11140 11114 11148 11147 11060
8705 8887 8961 9146 9269 9337 9428 9467 9404 9380 9420 9504 9652 9753 9848 9824 9783 9772 9792 9835 9882 9935 9944 9935 9984 10082 10182 10239 10301 10422 10502 10545 10575 10575 10639 10786 10864 10842 10832 10849 10866 10888 10889 10880 10835 10890 10944 11025 11060 10999 11017 11028 11061 11121 11162 11141 11082 11112 11185 11204 11143 11101 11073 11078 11118 11180 11173 11142 11128 11149 11111 11092 11060 11020 11011 11002
8780 8908 8967 9084 9265 9352 9365 9359 9355 9370 9409 9471 9569 9671 9734 9765 9745 9743 9752 9817 9836 9875 9860 9858 9906 9987 10091 10184 10235 10326 10407 10466 10478 10512 10595 10757 10808 10741 10728 10749 10764 10805 10849 10807 10793 10823 10855 10904 10958 10972 10959 10963 10997 11040 11072 11142 11088 11102 11119 11087 11027 11024 10985 10977 11013 11045 11063 11070 11059 11088 11048 10992 10947 10926 10917 10897
8830 8845 8944 9029 9084 9128 9211 9241 9269 9258 9338 9429 9554 9643 9725 9727 9671 9677 9697 9784 9804 9818 9830 9855 9891 9942 10037 10170 10275 10323 10372 10382 10398 10463 10539 10649 10681 10649 10596 10589 10606 10699 10777 10755 10753 10798 10832 10859 10886 10915 10920 10893 10902 10930 10995 11046 11029 11062 11063 11026 10987 10934 10915 10923 10949 10986 11013 11016 11015 11002 10931 10872 10820 10794 10802 10814
8626 8806 8875 9007 9100 9154 9147 9193 9246 9290 9321 9424 9529 9619 9666 9666 9636 9596 9684 9754 9796 9822 9849 9867 9882 9920 10009 10159 10255 10294 10323 10337 10358 10391 10473 10532 10545 10524 10502 10453 10471 10572 10660 10720 10721 10771 10817 10851 10876 10843 10847 10842 10800 10812 10849 10908 10958 10948 10959 10964 10940 10883 10861 10909 10917 10900 10953 10962 10969 10912 10833 10757 10670 10676 10692 10726
8550 8702 8809 8954 9077 9208 9258 9232 9180 9218 9308 9406 9503 9597 9636 9640 9591 9597 9661 9746 9819 9861 9882 9912 9944 9980 10021 10101 10224 10251 10260 10271 10330 10323 10406 10424 10445 10448 10431 10377 10366 10463 10561 10644 10719 10755 10826 10889 10835 10782 10741 10752 10739 10733 10783 10804 10831 10864 10866 10894 10885 10829 10853 10878 10859 10869 10905 10930 10907 10842 10764 10674 10610 10607 10632 10677
8215 8460 8671 8784 8868 9010 9168 9273 9317 9269 9260 9368 9489 9602 9627 9623 9639 9681 9719 9785 9851 9878 9916 9930 9974 9993 10026 10085 10139 10160 10157 10194 10231 10258 10275 10346 10407 10398 10388 10357 10335 10413 10511 10588 10670 10716 10794 10861 10791 10688 10651 10666 10680 10700 10722 10739 10755 10792 10794 10803 10833 10818 10800 10823 10812 10824 10861 10856 10828 10792 10738 10683 10628 10618 10635 10705
8191 8349 8534 8654 8763 8877 8973 9096 9229 9326 9390 9419 9467 9561 9615 9640 9683 9737 9800 9845 9882 9936 9975 9981 9974 9981 9993 10026 10052 10061 10077 10097 10128 10143 10214 10271 10386 10415 10415 10366 10345 10397 10501 10620 10681 10698 10727 10746 10684 10615 10596 10637 10641 10653 10690 10705 10748 10754 10762 10738 10751 10732 10729 10720 10711 10719 10743 10754 10748 10733 10700 10645 10618 10623 10678 10709
8243 8333 8457 8541 8642 8696 8781 8930 9011 9110 9196 9313 9485 9584 9650 9672 9727 9793 9841 9888 9949 9969 9970 9978 9952 9966 9976 9975 9964 9953 9957 10015 10051 10095 10110 10260 10410 10487 10437 10387 10382 10430 10539 10670 10705 10651 10661 10661 10606 10563 10560 10574 10614 10636 10686 10732 10727 10768 10737 10694 10658 10632 10630 10608 10618 10617 10578 10638 10642 10644 10609 10589 10594 10627 10683 10684
8348 8438 8542 8630 8719 8739 8814 8915 9011 9090 9172 9249 9379 9464 9573 9686 9786 9859 9933 9939 9996 10012 9985 9954 9935 9944 9927 9946 9946 9920 9908 9977 10052 10083 10163 10303 10476 10562 10480 10423 10404 10458 10536 10574 10560 10535 10571 10635 10616 10564 10522 10537 10560 10654 10692 10732 10723 10711 10673 10640 10603 10559 10570 10576 10581 10590 10565 10584 10604 10558 10524 10472 10499 10560 10604 10628
8441 8563 8658 8720 8766 8822 8860 8965 9060 9089 9164 9254 9381 9493 9624 9681 9738 9840 9915 9964 9994 10003 9967 9944 9934 9954 9963 9958 9940 9890 9945 10002 10072 10170 10325 10405 10479 10492 10464 10430 10425 10446 10503 10511 10500 10486 10539 10590 10596 10528 10483 10484 10565 10661 10696 10688 10641 10600 10593 10578 10526 10506 10511 10555 10610 10621 10607 10586 10564 10491 10398 10328 10389 10421 10466 10470
8561 8728 8795 8802 8919 8975 9088 9174 9150 9203 9261 9370 9433 9515 9589 9605 9686 9741 9837 9889 9979 9959 9913 9872 9877 9905 9989 10025 10012 9981 9955 9995 10101 10213 10327 10361 10394 10385 10390 10433 10457 10441 10434 10429 10427 10452 10505 10618 10569 10479 10421 10439 10535 10635 10663 10650 10582 10537 10509 10468 10420 10398 10444 10532 10598 10598 10576 10577 10511 10405 10337 10277 10280 10324 10358 10363
8699 8865 8963 8973 9092 9173 9244 9299 9378 9399 9332 9299 9319 9381 9475 9537 9587 9666 9756 9824 9888 9896 9825 9833 9836 9869 9926 9978 10020 10045 10026 10020 10062 10170 10256 10307 10318 10296 10349 10413 10446 10418 10382 10373 10342 10363 10424 10544 10483 10451 10408 10419 10504 10598 10646 10635 10572 10463 10408 10352 10320 10306 10318 10428 10495 10500 10520 10483 10422 10309 10248 10224 10207 10222 10249 10262
8894 9008 9064 9100 9150 9215 9262 9378 9452 9304 9209 9232 9277 9336 9396 9442 9511 9583 9669 9760 9752 9708 9741 9768 9809 9873 9924 9988 9994 9998 9972 9963 9994 10104 10169 10249 10259 10280 10304 10368 10396 10350 10290 10292 10283 10292 10300 10357 10382 10371 10383 10413 10436 10522 10558 10551 10502 10434 10364 10285 10268 10273 10277 10317 10365 10390 10385 10328 10239 10144 10102 10117 10121 10136 10162 10208
9014 9083 9149 9236 9213 9248 9326 9385 9341 9230 9197 9187 9203 9232 9270 9340 9410 9508 9599 9683 9744 9716 9727 9764 9762 9808 9963 10023 10054 10011 9972 9898 9955 10048 10107 10177 10232 10255 10284 10339 10317 10285 10237 10247 10233 10276 10281 10276 10305 10315 10303 10348 10386 10414 10462 10488 10461 10412 10328 10279 10239 10260 10283 10297 10295 10264 10243 10194 10132 10007 9956 10002 10019 10057 10081 10141
8942 9027 9139 9211 9277 9341 9328 9267 9207 9194 9161 9126 9112 9127 9143 9204 9306 9423 9558 9626 9689 9750 9798 9744 9656 9777 9916 10014 10030 10041 10041 9965 10010 10063 10111 10145 10182 10205 10225 10242 10259 10219 10203 10198 10238 10271 10287 10273 10280 10262 10266 10289 10327 10349 10386 10426 10390 10370 10286 10205 10175 10268 10288 10306 10233 10159 10175 10130 10045 9954 9916 9949 9943 9960 10004 10063
8811 8947 9015 9128 9167 9244 9264 9182 9105 9131 9106 9080 9071 9063 9050 9142 9292 9403 9525 9652 9713 9755 9734 9622 9533 9672 9814 9940 9999 10027 10026 10048 10140 10145 10160 10190 10196 10248 10252 10214 10217 10195 10165 10172 10204 10282 10279 10312 10328 10257 10232 10243 10268 10312 10335 10351 10337 10300 10240 10182 10188 10237 10287 10270 10183 10094 10056 10036 9976 9937 9892 9883 9891 9889 9917 9940
8633 8788 8899 9032 9042 9126 9177 9103 9042 9096 9084 9072 9053 9058 9067 9154 9209 9347 9467 9540 9636 9695 9678 9610 9583 9659 9790 9875 9929 9963 9974 10019 10085 10117 10145 10174 10208 10273 10304 10270 10250 10179 10147 10133 10177 10233 10290 10367 10384 10288 10217 10217 10172 10195 10216 10230 10211 10181 10147 10129 10196 10227 10242 10222 10170 10054 10003 9954 9932 9895 9867 9884 9834 9839 9829 9846
8440 8606 8803 8920 8959 9040 9045 9009 8994 9048 9088 9110 9108 9129 9118 9148 9226 9289 9365 9505 9633 9706 9671 9650 9630 9635 9727 9798 9845 9869 9936 10031 10105 10153 10213 10220 10252 10316 10339 10306 10246 10170 10150 10123 10143 10197 10275 10363 10349 10311 10201 10108 10099 10099 10115 10092 10045 10007 10025 10036 10085 10118 10141 10158 10080 10005 9949 9900 9875 9857 9863 9851 9832 9806 9791 9795
8268 8432 8632 8764 8849 8940 8887 8883 8963 9026 9089 9132 9166 9193 9216 9230 9206 9261 9367 9481 9588 9649 9650 9635 9631 9654 9690 9724 9763 9806 9916 10021 10095 10143 10221 10260 10296 10306 10303 10274 10205 10117 10095 10103 10151 10158 10229 10281 10306 10243 10131 10051 10006 10001 10001 9962 9914 9903 9868 9888 9942 9996 9998 10012 9961 9925 9868 9852 9782 9751 9813 9853 9809 9766 9772 9761
8103 8270 8470 8595 8706 8734 8762 8834 8923 8994 9088 9184 9216 9203 9187 9161 9205 9269 9339 9438 9549 9618 9622 9612 9615 9653 9674 9688 9710 9794 9941 10052 10138 10169 10218 10255 10259 10262 10265 10215 10152 10059 10044 10049 10103 10125 10153 10208 10186 10116 10033 9985 9935 9913 9926 9883 9826 9755 9704 9802 9853 9873 9863 9859 9811 9802 9832 9810 9731 9688 9807 9865 9807 9727 9726 9730
7973 8168 8371 8505 8607 8728 8809 8859 8924 9010 9097 9189 9252 9207 9173 9190 9218 9250 9337 9417 9501 9542 9539 9561 9609 9669 9673 9643 9639 9729 9843 9999 10090 10090 10119 10148 10182 10199 10193 10162 10098 10048 10015 10028 10067 10092 10092 10095 10071 9996 9934 9893 9870 9854 9842 9822 9747 9653 9626 9727 9766 9782 9773 9738 9686 9685 9726 9756 9770 9755 9850 9818 9779 9704 9691 9695
7858 8101 8280 8424 8582 8734 8886 9033 9007 9029 9121 9201 9234 9182 9187 9201 9223 9295 9385 9444 9480 9518 9518 9544 9638 9698 9706 9662 9615 9674 9797 9907 9989 10060 10078 10133 10133 10158 10134 10110 10085 10042 10042 10012 10028 10021 9990 9984 9980 9911 9865 9838 9827 9801 9771 9741 9696 9645 9627 9670 9712 9716 9683 9664 9602 9630 9656 9680 9777 9820 9838 9816 9745 9677 9640 9652
8033 8226 8287 8490 8697 8867 9018 9133 9209 9252 9302 9351 9243 9186 9190 9237 9298 9352 9426 9480 9510 9562 9562 9621 9719 9774 9737 9709 9651 9709 9798 9835 9887 9963 10013 10036 10036 10069 10048 10067 10074 10061 10064 10041 10017 9975 9946 9926 9916 9863 9825 9759 9766 9770 9748 9697 9637 9651 9650 9624 9665 9628 9627 9611 9606 9615 9624 9622 9711 9733 9744 9735 9656 9587 9529 9550
8257 8427 8456 8651 8862 9038 9096 9228 9282 9354 9414 9456 9305 9201 9204 9284 9344 9394 9436 9456 9491 9550 9611 9718 9828 9837 9807 9794 9788 9803 9833 9861 9906 9948 9947 9960 9981 9988 10002 10020 10033 10036 10022 10002 9981 9938 9883 9864 9902 9867 9786 9745 9727 9750 9767 9704 9630 9603 9622 9632 9651 9667 9650 9635 9629 9652 9591 9591 9646 9639 9615 9559 9485 9479 9428 9477
8467 8626 8659 8795 9014 9260 9272 9360 9310 9348 9375 9408 9386 9284 9275 9340 9411 9470 9484 9494 9484 9498 9533 9674 9815 9789 9789 9781 9810 9829 9848 9877 9929 9907 9878 9878 9887 9930 9942 9986 9996 9936 9933 9926 9921 9925 9843 9827 9824 9835 9762 9730 9706 9723 9779 9682 9588 9596 9617 9615 9645 9683 9639 9592 9565 9547 9568 9554 9560 9536 9444 9383 9379 9354 9346 9378
8580 8782 8838 8910 9100 9329 9352 9405 9402 9363 9364 9348 9373 9349 9317 9409 9485 9544 9538 9532 9494 9475 9482 9601 9728 9744 9732 9742 9808 9828 9819 9854 9852 9833 9795 9817 9833 9876 9869 9909 9876 9808 9786 9852 9935 9957 9845 9781 9749 9733 9719 9718 9720 9724 9693 9613 9563 9576 9599 9618 9607 9583 9546 9487 9449 9432 9473 9452 9458 9417 9314 9280 9341 9295 9273 9298
8716 8884 8959 8991 9134 9274 9355 9408 9439 9396 9384 9399 9394 9397 9391 9438 9493 9565 9560 9505 9466 9481 9524 9578 9655 9667 9661 9645 9640 9738 9772 9761 9713 9670 9686 9708 9767 9815 9857 9881 9846 9810 9802 9858 9886 9876 9786 9738 9693 9645 9662 9650 9698 9705 9636 9579 9517 9551 9584 9629 9578 9507 9434 9376 9342 9343 9343 9328 9380 9367 9250 9227 9247 9214 9181 9167
8505 8744 8886 9027 9115 9208 9301 9395 9417 9448 9469 9427 9391 9418 9455 9515 9559 9606 9565 9471 9424 9483 9551 9590 9620 9613 9598 9587 9604 9675 9722 9712 9663 9593 9593 9659 9701 9756 9842 9898 9890 9859 9856 9902 9836 9770 9697 9672 9657 9596 9626 9627 9618 9606 9546 9523 9488 9512 9563 9580 9530 9489 9411 9332 9292 9274 9287 9317 9311 9251 9153 9078 9041 9021 8993 9024
8236 8421 8710 8912 9001 9085 9176 9223 9300 9300 9304 9244 9246 9280 9354 9458 9534 9590 9554 9472 9386 9428 9524 9541 9541 9570 9558 9555 9561 9603 9667 9701 9652 9592 9565 9605 9633 9708 9803 9885 9896 9865 9861 9846 9775 9706 9597 9572 9568 9556 9562 9606 9553 9450 9452 9454 9451 9463 9486 9511 9478 9478 9390 9315 9281 9282 9265 9283 9283 9141 9044 8956 8922 8870 8836 8923
8015 8145 8476 8739 8875 8924 8981 9066 9059 9062 9029 9012 9040 9119 9233 9338 9436 9468 9486 9475 9416 9404 9416 9428 9477 9493 9511 9486 9513 9523 9608 9640 9623 9566 9540 9538 9588 9650 9723 9795 9819 9821 9783 9741 9672 9614 9530 9455 9447 9477 9505 9543 9545 9424 9397 9420 9434 9445 9446 9415 9398 9365 9289 9222 9225 9240 9199 9209 9158 9038 9010 8948 8902 8840 8784 8854
7859 8076 8339 8506 8637 8747 8802 8801 8800 8775 8751 8783 8858 8990 9091 9239 9314 9386 9419 9468 9436 9337 9306 9324 9389 9412 9435 9446 9461 9481 9507 9567 9560 9510 9464 9480 9535 9594 9653 9687 9748 9756 9747 9696 9630 9546 9475 9388 9340 9352 9385 9432 9424 9358 9380 9406 9437 9418 9401 9332 9279 9199 9113 9093 9094 9108 9108 9080 9030 8954 8959 8962 8914 8867 8838 8905
7838 8045 8266 8402 8545 8545 8495 8477 8497 8523 8564 8612 8739 8885 9013 9116 9221 9283 9329 9363 9352 9286 9207 9241 9291 9358 9427 9420 9392 9404 9427 9449 9448 9479 9480 9495 9495 9540 9596 9623 9685 9719 9736 9709 9628 9519 9425 9334 9274 9273 9279 9287 9285 9299 9327 9390 9403 9359 9281 9199 9123 9061 9001 8976 8953 9007 9016 8990 8950 8946 8965 8975 8917 8865 8827 8889
