_episodes_rmd/data/big_extent/bio4.asc
NCOLS 660 
NROWS 720 
XLLCORNER -130 
YLLCORNER -60 
CELLSIZE 0.166666666666667 
NODATA_value -32768 
[rows 476 to 509 of 720, columns 456 to 531 of 660]
1573 1565 1586 1572 1569 1563 1547 1578 1575 1558 1585 1573 1595 1567 1589 1612 1636 1651 1657 1627 1625 1602 1572 1584 1577 1585 1594 1619 1673 1722 1743 1759 1728 1717 1685 1662 1620 1604 1628 1609 1644 1737 1680 1633 1659 1660 1660 1705 1792 1841 1825 1802 1783 1766 1762 1750 1717 1668 1679 1683 1756 1787 1828 1907 2048 2071 2042 2015 1925 1867 1942 1921 1885 1857 1806 1764
1575 1577 1567 1573 1565 1587 1587 1613 1625 1618 1626 1619 1632 1654 1655 1695 1732 1728 1726 1709 1718 1695 1695 1687 1676 1676 1668 1701 1737 1754 1739 1753 1717 1679 1663 1653 1626 1557 1562 1594 1620 1703 1588 1579 1707 1745 1752 1791 1876 1942 1907 1867 1840 1845 1834 1809 1756 1687 1680 1671 1705 1773 1809 1961 2036 2071 2052 2017 1943 1938 2030 2030 1959 1884 1834 1797
1553 1587 1602 1603 1616 1624 1645 1650 1668 1683 1676 1682 1682 1681 1700 1760 1790 1813 1823 1821 1814 1814 1790 1756 1758 1750 1737 1766 1751 1783 1786 1765 1739 1703 1668 1626 1594 1580 1583 1558 1591 1550 1526 1606 1727 1735 1835 1935 2019 2025 1996 1952 1902 1895 1892 1867 1800 1773 1744 1710 1721 1805 1859 2003 2055 2069 2064 2019 2004 1978 2035 1976 1956 1912 1873 1821
1593 1589 1593 1637 1637 1652 1695 1699 1702 1709 1726 1765 1744 1764 1776 1805 1826 1893 1932 1957 1936 1917 1881 1882 1854 1811 1812 1820 1813 1834 1790 1809 1776 1746 1695 1644 1651 1655 1646 1627 1515 1554 1566 1606 1724 1862 1883 2111 2155 2095 2057 1974 1929 1926 1918 1896 1825 1814 1835 1857 1868 1889 1877 1996 2051 2088 2058 2071 2050 2013 1961 1923 1926 1904 1879 1844
1582 1626 1629 1643 1679 1688 1709 1735 1748 1770 1792 1814 1834 1822 1855 1883 1923 2005 2075 2086 2068 2007 1985 1942 1917 1885 1854 1854 1859 1854 1866 1831 1797 1754 1718 1709 1701 1666 1687 1707 1565 1495 1589 1663 1808 1994 2069 2161 2190 2136 2083 2020 1932 1927 1951 1896 1877 1879 1895 1916 1874 1892 1880 1994 2082 2099 2103 2111 2077 2021 1973 1918 1937 1923 1883 1835
1617 1637 1660 1660 1685 1733 1741 1768 1790 1817 1859 1876 1869 1927 1935 1969 2024 2121 2179 2219 2183 2114 2057 2005 1949 1923 1893 1886 1895 1888 1866 1849 1828 1787 1738 1722 1688 1625 1520 1462 1644 1667 1800 1754 1739 1922 2130 2157 2177 2150 2098 1989 1923 1950 1961 1932 1871 1879 1922 1946 1857 1956 1879 2055 2115 2131 2135 2108 2073 2020 1973 1951 1946 1911 1885 1835
1638 1674 1674 1700 1744 1782 1801 1809 1830 1863 1902 1947 1973 1976 2008 2052 2139 2229 2254 2263 2248 2190 2130 2065 1993 1964 1951 1917 1909 1882 1896 1861 1828 1815 1750 1691 1688 1633 1457 1389 1509 1524 1883 1922 1826 1954 2115 2134 2121 2112 2045 1989 1928 1932 1953 1931 1923 1892 1908 1939 1901 1907 1885 2054 2152 2158 2169 2129 2090 1983 1969 1914 1943 1820 1902 1877
1661 1694 1714 1728 1774 1784 1840 1859 1901 1941 1972 1996 2024 2066 2074 2137 2203 2287 2312 2306 2312 2273 2186 2109 2045 1992 1956 1914 1885 1878 1860 1860 1819 1806 1788 1680 1625 1608 1430 1340 1459 1527 1806 1940 2032 1980 1976 2083 2042 2089 2062 2016 1932 1927 1908 1896 1931 1909 1892 1952 1973 1982 1954 2075 2132 2168 2154 2123 2073 1925 1968 1933 1920 1895 1903 1869
1681 1706 1750 1767 1799 1820 1865 1908 1952 1995 2031 2061 2108 2143 2150 2219 2269 2348 2378 2370 2320 2302 2256 2171 2110 2026 2007 1958 1914 1902 1856 1853 1823 1800 1798 1749 1665 1580 1556 1560 1557 1597 1791 1909 2001 2069 2094 2111 2110 2095 2084 2033 1941 1895 1882 1877 1881 1913 1905 1974 1953 1971 2085 2096 2146 2172 2165 2128 2054 1983 2020 2010 1975 1913 1907 1901
1725 1753 1782 1821 1847 1875 1904 1951 1999 2036 2095 2114 2165 2216 2212 2293 2321 2376 2396 2394 2359 2333 2298 2228 2173 2075 2017 1986 1943 1890 1845 1858 1834 1796 1811 1824 1789 1698 1581 1595 1689 1674 1803 1843 1916 2010 2060 2101 2067 2052 2105 2050 1988 1917 1856 1838 1898 1934 1981 1976 1924 1971 2072 2114 2133 2161 2185 2193 2063 2108 2086 2122 2017 1954 1904 1883
1789 1798 1828 1848 1893 1918 1941 2010 2054 2121 2151 2214 2262 2307 2314 2361 2391 2418 2439 2426 2400 2396 2357 2318 2235 2157 2114 2064 2014 1916 1831 1862 1875 1861 1881 1882 1877 1885 1850 1815 1801 1779 1821 1885 1941 1997 2041 2123 2158 2148 2154 2114 2036 1921 1836 1867 1927 2014 2051 2009 1908 1868 1968 2070 2097 2168 2294 2234 2128 2250 2246 2162 2075 2003 1945 1894
1806 1809 1859 1879 1906 1986 2001 2053 2097 2174 2220 2269 2366 2386 2408 2432 2478 2458 2450 2476 2470 2424 2430 2385 2305 2256 2215 2166 2116 1993 1921 1920 1927 1911 1918 1942 1929 1957 1989 1959 1853 1904 1982 1997 2035 2084 2117 2146 2169 2162 2180 2178 2084 1943 1900 1900 1947 1999 2011 1974 1903 1853 1914 2120 2171 2259 2268 2189 2194 2229 2245 2186 2084 2029 1972 1917
1847 1858 1900 1931 1952 2013 2061 2106 2154 2237 2281 2361 2434 2468 2458 2484 2492 2520 2504 2498 2491 2502 2466 2418 2387 2340 2302 2282 2214 2120 2051 2017 2013 1968 1970 2024 2010 2033 2007 2025 2057 2114 2102 2099 2089 2103 2132 2144 2177 2226 2264 2232 2137 2065 1975 1938 1998 2020 2024 1951 1887 1846 1951 2066 2191 2231 2185 2184 2167 2231 2281 2262 2157 2126 2056 1952
1877 1906 1931 1951 1997 2041 2092 2155 2229 2289 2361 2434 2476 2505 2519 2550 2534 2526 2531 2550 2517 2537 2540 2495 2457 2392 2396 2340 2309 2231 2166 2124 2082 2073 2055 2092 2113 2076 2046 2035 2108 2168 2162 2147 2155 2162 2140 2129 2153 2208 2277 2289 2239 2157 2056 2033 1999 2044 2015 1943 1889 1979 2005 2030 2141 2228 2239 2198 2183 2234 2315 2348 2251 2230 2120 1995
1923 1921 1936 1981 2028 2065 2136 2208 2295 2324 2411 2452 2497 2519 2570 2591 2581 2572 2558 2546 2570 2580 2577 2539 2511 2476 2452 2424 2394 2320 2259 2204 2154 2148 2131 2123 2125 2123 2122 2150 2153 2209 2215 2202 2210 2195 2158 2122 2155 2206 2219 2245 2287 2226 2133 2110 2103 2076 2008 1953 1936 2029 2024 1990 2072 2241 2239 2235 2215 2204 2248 2326 2256 2132 2135 2043
1930 1938 1981 2025 2069 2114 2166 2246 2318 2370 2443 2481 2541 2567 2590 2592 2584 2611 2571 2556 2571 2560 2570 2544 2522 2488 2489 2464 2418 2380 2340 2307 2258 2228 2209 2130 1993 2052 2151 2238 2217 2241 2225 2243 2240 2228 2160 2126 2143 2201 2196 2183 2175 2233 2232 2130 2112 2091 2052 2002 2011 2011 2022 2201 2216 2346 2308 2286 2177 2145 2157 2178 2103 2160 2106 2052
1941 1986 2019 2052 2105 2184 2223 2298 2384 2427 2471 2510 2545 2579 2589 2599 2628 2588 2562 2582 2618 2584 2566 2568 2535 2492 2484 2456 2441 2414 2405 2352 2325 2289 2247 2204 2066 2019 2142 2251 2278 2267 2232 2223 2218 2192 2150 2152 2173 2234 2258 2195 2226 2292 2257 2085 2065 2082 2056 2124 2122 2187 2175 2203 2319 2344 2242 2195 2159 2138 2083 2062 2089 2056 2041 2004
1959 1997 2091 2090 2165 2246 2314 2373 2421 2446 2513 2532 2549 2581 2625 2621 2612 2568 2579 2590 2577 2580 2597 2579 2526 2492 2478 2472 2456 2426 2390 2374 2345 2322 2301 2247 2188 2205 2300 2288 2290 2263 2242 2183 2137 2086 2098 2138 2192 2247 2275 2276 2205 2350 2368 2050 2064 2180 2215 2197 2169 2160 2120 2182 2204 2189 2183 2100 2090 2079 2024 1987 1963 1967 1977 1980
1994 2043 2118 2192 2259 2328 2369 2415 2430 2470 2518 2565 2590 2594 2600 2601 2586 2584 2619 2614 2587 2579 2560 2540 2533 2514 2497 2466 2408 2411 2367 2385 2360 2353 2321 2261 2225 2339 2380 2342 2308 2278 2250 2204 2123 2117 2163 2162 2196 2258 2315 2314 2232 2213 2214 2083 2145 2263 2262 2233 2161 2084 2075 2069 2048 2058 2201 2102 2043 1997 1964 1907 1861 1877 -32768 -32768
2059 2134 2206 2288 2333 2387 2449 2468 2503 2540 2552 2593 2601 2625 2627 2596 2598 2591 2605 2615 2588 2567 2552 2542 2530 2534 2489 2418 2406 2367 2341 2346 2350 2366 2381 2358 2389 2430 2415 2386 2362 2325 2296 2229 2179 2172 2207 2176 2207 2237 2249 2265 2284 2280 2258 2242 2248 2271 2262 2266 2169 2043 2022 2077 2170 2191 2224 2144 2061 1975 1882 1825 1843 -32768 -32768 -32768
2180 2222 2330 2370 2427 2469 2499 2517 2531 2534 2562 2568 2581 2615 2616 2591 2602 2633 2611 2609 2579 2577 2548 2540 2511 2527 2499 2436 2360 2308 2291 2296 2310 2350 2365 2388 2393 2435 2428 2387 2381 2369 2322 2251 2227 2201 2208 2240 2274 2272 2268 2269 2299 2265 2279 2193 2174 2203 2246 2318 2229 1948 1988 2099 2156 2212 2168 2104 2011 1922 1822 1744 1743 -32768 -32768 -32768
2301 2346 2421 2455 2499 2553 2540 2549 2540 2556 2564 2555 2572 2563 2563 2578 2601 2617 2622 2627 2601 2578 2569 2527 2514 2529 2502 2427 2345 2310 2250 2231 2264 2281 2342 2351 2394 2411 2387 2386 2389 2363 2330 2264 2246 2235 2246 2299 2268 2263 2270 2275 2284 2267 2229 2190 2196 2146 2161 2171 2175 1966 2019 2087 2018 2062 2089 2040 1970 1869 1812 1709 1693 -32768 -32768 -32768
2402 2456 2521 2553 2589 2640 2635 2635 2622 2557 2541 2524 2518 2524 2494 2516 2563 2627 2669 2626 2580 2567 2540 2496 2510 2518 2492 2441 2349 2274 2248 2220 2231 2282 2348 2368 2374 2349 2360 2343 2359 2340 2312 2275 2265 2249 2245 2260 2245 2250 2271 2259 2251 2235 2218 2198 2137 2017 2081 2072 2013 2001 2047 2062 2062 -32768 -32768 -32768 -32768 -32768 -32768 1681 -32768 -32768 -32768 -32768
2532 2582 2607 2655 2691 2709 2726 2716 2685 2623 2557 2515 2531 2469 2439 2442 2496 2607 2673 2600 2552 2537 2524 2509 2493 2520 2515 2464 2422 2344 2318 2290 2326 2344 2356 2355 2357 2352 2333 2328 2320 2315 2262 2255 2257 2261 2247 2276 2271 2238 2218 2241 2215 2211 2210 2208 2163 2066 2115 2036 -32768 -32768 -32768 -32768 -32768 -32768 -32768 -32768 -32768 -32768 -32768 -32768 -32768 -32768 -32768 -32768
2641 2666 2692 2697 2722 2722 2712 2730 2713 2711 2630 2546 2507 2489 2464 2409 2483 2583 2611 2514 2538 2543 2559 2566 2529 2550 2579 2539 2468 2383 2365 2355 2379 2393 2398 2392 2370 2348 2337 2324 2302 2283 2233 2196 2181 2242 2268 2275 2254 2231 2219 2207 2225 2251 2202 2192 2196 -32768 -32768 -32768 -32768 -32768 -32768 -32768 -32768 -32768 -32768 -32768 -32768 -32768 -32768 -32768 -32768 -32768 -32768 -32768
2725 2729 2764 2762 2757 2755 2718 2718 2702 2758 2746 2698 2649 2557 2464 2441 2513 2558 2568 2493 2495 2613 2639 2661 2565 2578 2602 2554 2498 2436 2366 2397 2438 2493 2472 2445 2419 2393 2359 2335 2304 2296 2261 2186 2186 2270 2281 2282 2282 2272 2262 2234 2245 2297 -32768 -32768 -32768 -32768 -32768 -32768 -32768 -32768 -32768 -32768 -32768 -32768 -32768 -32768 -32768 -32768 -32768 -32768 -32768 -32768 -32768 -32768
2818 2843 2854 2825 2785 2793 2790 2756 2723 2725 2788 2805 2768 2705 2656 2605 2516 2526 2549 2485 2536 2685 2677 2724 2692 2586 2637 2590 2532 2468 2400 2441 2534 2593 2567 2534 2479 2424 2396 2379 2349 2318 2294 2266 2262 2293 2316 2306 2278 2271 2274 2253 2258 2274 -32768 -32768 -32768 -32768 -32768 -32768 -32768 -32768 -32768 -32768 -32768 -32768 -32768 -32768 -32768 -32768 -32768 -32768 -32768 -32768 -32768 -32768
2846 2935 2937 2913 2889 2879 2870 2826 2778 2770 2816 2849 2900 2839 2783 2689 2548 2542 2646 2664 2674 2734 2730 2760 2787 2751 2732 2671 2639 2565 2454 2548 2664 2694 2693 2622 2543 2498 2469 2430 2397 2373 2322 2308 2336 2298 2285 2325 -32768 -32768 2262 2280 2283 -32768 -32768 -32768 -32768 -32768 -32768 -32768 -32768 -32768 -32768 -32768 -32768 -32768 -32768 -32768 -32768 -32768 -32768 -32768 -32768 -32768 -32768 -32768
2929 2985 2980 2954 2946 2919 2889 2872 2778 2739 2784 2817 2887 2872 2861 2817 2771 2697 2699 2786 2764 2754 2789 2863 2929 3002 2936 2801 2754 2720 2708 2747 2790 2803 2788 2731 2648 2602 2539 2510 2454 2406 2381 2359 2350 2299 2290 -32768 -32768 2303 -32768 -32768 -32768 -32768 -32768 -32768 -32768 -32768 -32768 -32768 -32768 -32768 -32768 -32768 -32768 -32768 -32768 -32768 -32768 -32768 -32768 -32768 -32768 -32768 -32768 -32768
3014 3028 3053 3016 2975 2931 2889 2822 2722 2674 2666 2759 2869 2852 2891 2875 2836 2839 2816 2824 2824 2758 2757 2868 3021 3259 3164 3025 2912 2903 2899 2936 2949 2915 2863 2827 2771 2695 2636 2568 2524 2470 2414 2405 -32768 -32768 -32768 -32768 -32768 -32768 -32768 -32768 -32768 -32768 -32768 -32768 -32768 -32768 -32768 -32768 -32768 -32768 -32768 -32768 -32768 -32768 -32768 -32768 -32768 -32768 -32768 -32768 -32768 -32768 -32768 -32768
3032 3038 3049 3012 2996 3000 2954 2867 2745 2621 2600 2702 2811 2767 2817 2914 2822 2912 2882 2863 2826 2795 2748 2797 2884 3097 3127 3066 3002 3042 3047 3056 3044 3006 2969 2900 2824 2750 2687 2601 2550 2492 2484 -32768 -32768 -32768 -32768 -32768 -32768 -32768 -32768 -32768 -32768 -32768 -32768 -32768 -32768 -32768 -32768 -32768 -32768 -32768 -32768 -32768 -32768 -32768 -32768 -32768 -32768 -32768 -32768 -32768 -32768 -32768 -32768 -32768
3054 3020 3015 2996 3021 3027 2969 2906 2778 2668 2702 2731 2778 2740 2791 2898 2856 2863 2853 2853 2757 2762 2630 2640 2750 2895 2979 3039 3101 3173 3209 3175 3140 3069 2995 2900 2831 2744 2680 2632 2573 -32768 -32768 -32768 -32768 -32768 -32768 -32768 -32768 -32768 -32768 -32768 -32768 -32768 -32768 -32768 -32768 -32768 -32768 -32768 -32768 -32768 -32768 -32768 -32768 -32768 -32768 -32768 -32768 -32768 -32768 -32768 -32768 -32768 -32768 -32768
3094 3009 2982 2977 2984 3004 3016 2953 2872 2750 2780 2763 2742 2749 2808 2868 2925 2931 2836 2820 2789 2726 2576 2525 2596 2724 2895 3052 3123 3158 3260 3186 3132 3058 3001 2901 2867 2773 2700 2651 -32768 -32768 -32768 -32768 -32768 -32768 -32768 -32768 -32768 -32768 -32768 -32768 -32768 -32768 -32768 -32768 -32768 -32768 -32768 -32768 -32768 -32768 -32768 -32768 -32768 -32768 -32768 -32768 -32768 -32768 -32768 -32768 -32768 -32768 -32768 -32768
3094 3008 2952 2928 2921 2951 2968 2947 2903 2847 2846 2814 2776 2739 2764 2801 2943 3007 2909 2819 2779 2760 2676 2509 2574 2715 2950 3056 3028 2993 3013 3025 3147 3032 2993 2933 2869 2798 -32768 -32768 -32768 -32768 -32768 -32768 -32768 -32768 -32768 -32768 -32768 -32768 -32768 -32768 -32768 -32768 -32768 -32768 -32768 -32768 -32768 -32768 -32768 -32768 -32768 -32768 -32768 -32768 -32768 -32768 -32768 -32768 -32768 -32768 -32768 -32768 -32768 -32768
