_episodes_rmd/data/big_extent/bio5.asc
NCOLS 660 
NROWS 720 
XLLCORNER -130 
YLLCORNER -60 
CELLSIZE 0.166666666666667 
NODATA_value -32768 
[rows 340 to 373 of 720, columns 304 to 379 of 660]
-32768 -32768 -32768 -32768 -32768 -32768 -32768 -32768 -32768 -32768 310 311 312 303 269 210 288 304 293 149 175 229 268 291 347 337 274 214 249 279 298 291 313 329 332 335 337 340 343 345 347 348 348 348 348 347 345 343 342 341 340 339 339 339 340 339 336 336 336 335 335 336 336 336 337 337 338 338 339 339 340 341 341 341 341 341
-32768 -32768 -32768 -32768 -32768 -32768 301 -32768 -32768 309 311 313 315 296 287 263 300 299 259 125 152 210 225 305 345 311 213 207 268 313 315 299 296 332 334 336 339 341 344 346 348 350 350 349 349 347 346 345 344 343 340 338 337 337 338 336 335 335 335 335 335 335 335 335 336 337 337 337 338 338 339 339 340 340 340 340
-32768 -32768 -32768 -32768 -32768 -32768 300 -32768 -32768 310 312 315 317 314 249 261 280 257 199 129 147 173 246 323 334 259 181 183 261 318 320 313 293 332 335 337 341 344 347 349 351 352 352 351 350 349 347 345 344 342 341 340 336 336 337 334 334 334 334 334 334 334 335 334 335 335 335 335 337 337 338 338 338 339 339 339
-32768 -32768 -32768 -32768 -32768 -32768 301 302 308 310 313 316 312 307 242 260 260 216 150 197 188 207 272 318 284 199 220 231 259 319 323 324 313 328 333 337 340 344 349 352 354 355 354 352 349 347 346 344 343 342 341 340 336 337 334 333 333 333 332 332 333 332 332 333 333 333 334 335 335 336 337 337 337 338 338 338
-32768 -32768 -32768 -32768 296 297 300 304 308 310 312 307 290 295 238 257 249 196 140 205 245 266 302 306 235 188 237 285 287 321 324 326 319 323 333 336 340 344 349 353 357 354 352 350 347 346 344 343 341 338 337 336 335 334 333 332 332 331 332 328 329 328 330 331 331 332 332 333 333 334 336 336 337 338 338 337
-32768 -32768 -32768 -32768 294 297 301 304 308 311 306 231 260 247 257 257 232 164 145 200 258 275 294 227 196 230 292 311 319 321 323 326 319 325 334 337 341 344 347 349 353 353 352 350 348 346 344 343 341 339 336 334 335 333 332 331 331 330 328 328 328 327 328 329 330 331 331 331 332 333 335 335 336 336 336 336
-32768 -32768 -32768 290 292 295 300 304 307 310 291 209 218 262 309 262 176 133 173 223 239 284 274 182 228 265 297 319 322 322 324 326 328 330 334 337 339 341 340 347 351 350 349 348 346 345 343 342 340 338 337 336 334 333 331 331 329 327 326 326 326 325 324 327 328 329 328 330 331 332 333 335 336 337 336 335
-32768 -32768 -32768 290 291 295 300 304 306 305 297 259 233 320 283 206 142 164 205 222 256 281 227 208 268 274 313 323 319 320 323 325 328 330 331 334 336 336 338 343 346 347 348 346 344 342 341 338 333 331 335 333 332 331 330 328 326 325 324 324 324 323 324 326 327 327 325 327 329 330 332 334 335 337 337 336
-32768 -32768 -32768 287 292 295 300 304 305 298 302 272 299 317 258 169 146 206 241 261 252 253 236 246 277 322 322 322 319 319 321 323 325 327 329 331 333 335 338 341 342 342 343 343 341 339 337 334 331 334 333 332 331 329 326 324 323 323 322 322 322 322 323 324 325 326 323 324 328 330 332 333 334 336 336 335
-32768 292 290 290 293 296 301 303 299 294 287 269 303 275 201 166 186 184 215 246 247 242 288 274 309 323 322 322 321 321 322 323 325 327 329 331 333 334 336 338 338 340 339 340 338 336 333 332 329 332 331 329 328 325 323 323 323 321 321 321 321 321 321 322 323 324 325 326 326 329 330 332 333 334 333 333
-32768 294 294 294 295 295 297 298 296 275 216 287 263 219 159 171 232 215 209 223 281 298 320 300 318 320 321 322 321 322 323 324 325 326 328 329 331 333 332 335 336 337 337 336 335 334 333 330 330 328 328 327 325 324 322 320 319 318 317 318 319 319 320 321 321 322 324 324 326 327 328 330 331 331 331 331
-32768 -32768 302 301 299 293 284 277 272 262 229 243 244 220 156 210 273 259 234 247 302 317 320 320 319 319 320 320 320 322 324 324 325 326 328 329 329 330 319 330 334 335 335 334 334 332 331 330 327 324 326 325 324 322 321 319 317 315 315 317 316 317 318 319 321 322 322 323 324 325 327 328 329 329 330 330
-32768 306 307 305 299 292 275 250 238 205 210 196 175 160 173 218 277 260 279 298 311 315 317 318 318 317 319 320 319 321 323 323 324 325 326 328 329 329 327 329 331 332 332 332 332 331 330 327 326 325 324 323 322 320 319 317 315 314 315 315 315 315 316 317 318 319 321 322 324 325 325 327 328 330 330 330
303 307 309 308 294 282 262 242 207 152 168 192 154 168 201 238 289 290 308 311 312 313 315 317 318 317 317 320 319 320 322 322 323 325 325 327 328 328 329 321 329 331 330 330 330 328 328 327 325 323 320 321 319 318 315 315 313 314 313 312 312 313 313 315 316 317 319 321 322 323 324 326 328 329 330 330
302 308 309 302 278 257 242 222 136 155 167 158 159 180 240 281 303 305 308 310 311 313 314 315 317 316 316 318 319 319 321 322 322 324 324 325 326 326 326 320 327 329 329 329 329 326 326 325 324 323 320 319 318 315 314 313 312 311 311 310 311 311 311 313 314 316 317 319 320 322 323 324 326 327 328 328
302 306 308 286 251 251 246 183 123 157 165 168 213 261 291 303 305 305 306 308 310 312 314 315 317 316 316 317 319 319 320 321 321 323 323 323 323 323 320 324 326 327 328 328 327 326 324 323 321 320 318 311 316 314 313 312 311 310 310 309 309 309 310 311 312 314 316 317 318 319 321 322 324 325 325 325
297 299 281 262 242 187 198 215 168 165 162 176 255 289 298 305 307 307 307 308 309 311 313 314 316 316 316 317 318 319 320 320 320 322 322 323 317 317 320 321 325 327 327 326 326 325 324 322 321 319 317 311 314 313 313 311 310 309 308 308 307 307 309 310 312 314 315 317 318 319 320 321 321 322 322 323
302 295 249 231 220 171 191 233 208 167 214 236 289 300 303 305 307 308 309 309 309 310 312 314 315 317 316 317 317 317 318 319 319 320 321 321 319 318 321 318 325 326 327 325 325 324 323 322 320 319 317 314 314 312 311 310 309 308 307 306 307 308 309 311 311 313 315 316 316 317 318 319 319 320 320 321
303 293 269 249 244 189 196 161 155 207 257 281 294 301 304 306 307 308 309 309 310 310 311 313 314 315 317 317 316 317 318 319 318 319 320 321 321 319 320 318 324 327 325 324 323 323 322 321 319 318 316 311 313 312 311 309 309 308 307 307 306 307 308 310 312 313 314 315 315 316 316 317 317 317 318 319
301 285 263 241 236 230 169 145 135 209 261 285 293 301 304 305 306 307 309 309 311 311 311 313 315 316 317 316 315 316 317 317 318 318 319 320 320 320 320 321 324 324 325 323 323 321 320 319 319 318 312 310 313 312 310 309 308 307 306 306 306 307 308 310 311 313 314 315 315 315 316 316 316 315 316 317
298 283 255 234 182 231 179 126 133 224 247 277 295 300 303 305 307 308 309 310 310 310 312 314 316 318 319 318 316 317 318 317 318 318 319 319 319 319 320 321 322 321 324 322 321 319 319 318 318 316 315 312 312 312 310 308 306 305 304 304 305 307 308 309 311 312 313 313 313 314 314 314 314 315 315 316
296 274 246 221 167 229 131 118 172 241 245 271 298 302 304 305 307 308 309 310 310 311 312 315 316 318 321 321 317 316 317 318 318 318 318 319 320 318 320 319 318 322 325 323 321 319 318 317 317 316 315 313 312 311 310 308 306 305 301 305 306 306 308 309 309 311 312 312 313 313 313 313 314 314 314 315
291 235 230 213 173 175 105 138 198 221 237 279 300 303 305 306 307 308 309 310 311 312 313 316 317 318 320 319 319 317 317 317 318 318 318 318 319 319 319 319 318 321 325 324 322 320 319 316 316 315 314 313 312 311 310 309 306 305 305 304 305 306 307 308 309 310 311 311 312 312 313 312 313 313 313 314
287 229 199 157 144 110 102 117 202 231 243 281 299 303 304 305 306 308 309 310 311 312 314 315 317 317 318 319 317 318 317 317 316 316 317 318 319 320 321 321 319 325 327 325 322 320 319 316 316 314 313 312 312 310 310 308 306 305 306 303 305 305 307 308 309 310 310 310 311 312 311 312 312 313 313 313
293 237 170 144 169 105 121 183 234 265 269 294 300 302 304 305 305 308 308 310 310 311 314 314 315 315 317 318 318 317 317 317 317 316 316 315 317 317 319 320 322 323 325 325 323 320 319 316 315 314 312 312 310 310 310 308 307 306 306 304 305 306 306 307 308 309 309 310 310 311 311 312 312 313 313 312
295 227 139 144 182 114 147 219 257 282 279 298 300 301 303 305 306 306 308 309 310 311 312 313 314 314 315 315 316 316 316 317 316 316 316 315 317 318 319 320 321 322 323 322 322 321 319 317 316 314 313 312 311 310 309 308 307 306 306 306 305 306 306 307 307 308 309 310 310 311 311 311 311 312 312 312
282 218 132 128 196 131 162 240 276 291 295 297 300 303 305 306 307 305 307 308 309 310 311 311 313 314 315 314 315 315 315 316 316 316 317 315 316 317 319 319 321 321 321 321 320 319 318 318 316 314 312 311 310 309 309 308 307 307 306 307 305 306 306 307 308 308 308 309 310 310 310 310 311 311 311 312
279 208 134 149 213 158 181 240 274 282 293 297 301 303 304 306 308 308 309 309 309 309 310 310 312 313 314 314 314 315 315 315 315 316 316 316 316 317 318 318 319 320 320 320 318 318 317 316 315 314 313 311 310 308 308 308 308 307 307 307 305 305 306 307 308 308 309 309 309 309 310 310 310 311 311 312
265 183 105 110 183 201 234 254 269 276 289 297 300 304 305 307 308 308 308 309 310 310 310 311 312 312 313 314 313 314 314 314 315 315 316 316 315 316 317 318 318 318 318 318 318 317 317 315 315 314 312 312 311 310 309 309 308 306 306 307 305 305 306 306 307 308 308 308 309 310 309 310 310 310 311 311
262 200 144 160 190 152 223 264 272 287 291 295 299 302 306 307 309 309 310 310 310 311 311 311 312 312 313 314 313 313 314 314 314 315 316 316 316 315 316 316 317 317 317 317 317 316 315 315 313 312 311 311 310 309 309 309 307 305 306 307 307 306 306 307 307 308 308 309 309 309 310 310 310 310 311 311
275 205 141 154 175 136 224 263 273 285 294 298 301 303 305 308 310 310 310 311 310 310 309 310 310 312 313 314 313 312 313 314 315 314 315 316 316 315 316 316 316 316 315 315 315 315 315 314 312 311 310 310 310 308 307 307 306 305 304 305 307 307 307 308 308 308 309 309 309 310 310 310 310 310 311 312
284 217 172 146 151 140 225 262 275 285 294 298 302 304 306 309 310 311 312 312 311 311 311 311 311 311 312 312 313 313 313 313 314 314 315 315 315 315 315 315 315 316 316 315 315 315 314 313 312 311 311 310 309 308 307 306 306 306 304 305 305 306 306 307 307 308 308 308 309 309 309 310 310 311 311 311
301 238 194 149 128 151 234 265 274 284 295 302 305 307 307 309 311 312 312 313 312 312 312 311 311 312 313 313 313 313 314 313 314 314 314 315 315 315 315 315 315 315 316 315 315 315 314 313 312 312 311 311 309 309 307 307 307 306 306 305 306 306 306 307 307 307 308 308 308 308 308 309 310 310 310 310
306 259 204 141 121 184 247 274 269 284 299 307 309 311 310 310 310 311 313 313 313 313 312 313 312 311 313 313 314 314 314 314 314 314 315 315 315 316 315 316 315 315 315 315 315 315 315 314 313 313 312 311 310 309 308 307 306 306 306 306 306 306 307 307 307 307 307 308 308 308 309 309 310 310 310 311
