_episodes_rmd/data/big_extent/bio5.asc
NCOLS 660 
NROWS 720 
XLLCORNER -130 
YLLCORNER -60 
CELLSIZE 0.166666666666667 
NODATA_value -32768 
[rows 68 to 101 of 720, columns 152 to 227 of 660]
291 290 290 291 287 285 284 280 276 274 273 272 271 270 271 272 274 275 276 276 277 278 279 279 278 277 276 275 273 271 270 270 271 271 270 268 266 262 260 261 269 276 275 273 272 272 271 270 268 267 266 265 264 264 262 260 259 258 257 257 256 256 256 257 258 257 256 256 256 256 255 255 254 253 251 251
295 291 290 288 285 286 287 282 279 277 276 276 273 273 272 271 271 275 278 276 277 280 282 283 282 281 281 281 279 276 274 273 274 273 272 271 270 269 266 266 272 279 278 276 274 273 273 273 271 270 269 268 268 267 265 263 261 261 260 260 260 260 259 260 260 260 259 258 257 257 256 256 256 255 255 254
295 292 291 288 288 288 289 285 282 285 282 281 276 276 275 275 274 273 275 277 278 281 285 286 286 285 285 285 284 281 278 275 276 275 274 273 273 272 270 269 273 278 278 276 274 274 274 274 274 272 271 272 271 269 267 265 263 263 263 263 264 264 262 261 262 262 261 259 258 256 256 255 256 256 255 255
299 298 297 295 294 296 294 291 293 292 288 288 284 278 279 278 277 276 274 275 278 282 286 289 289 289 289 288 287 284 282 279 279 277 275 275 275 274 273 271 271 275 276 274 273 274 274 275 275 275 274 273 272 270 268 266 265 264 264 264 265 264 262 262 262 262 260 260 259 258 257 256 255 255 255 255
297 294 295 298 299 296 296 294 296 293 289 288 289 287 284 280 279 278 277 276 276 279 284 291 293 292 291 289 288 288 287 284 280 278 275 276 277 278 278 275 272 274 274 273 274 274 275 276 276 277 276 275 273 270 268 267 265 264 264 264 263 260 259 260 260 260 259 258 259 260 258 256 255 255 255 254
295 293 296 300 296 296 295 298 298 297 292 289 288 287 287 284 282 280 280 280 281 283 284 286 290 292 291 290 290 289 288 285 281 278 278 277 278 280 283 279 274 274 276 275 275 276 277 277 277 277 276 274 272 269 267 266 264 262 262 262 262 260 259 259 258 257 257 257 258 258 257 255 254 254 254 253
295 297 300 298 296 295 299 299 297 296 291 289 287 288 287 287 286 286 285 284 285 286 287 288 289 290 288 286 287 288 288 285 282 279 279 279 278 280 283 282 275 277 280 279 279 279 279 279 279 278 275 273 271 267 264 262 262 262 263 263 263 262 261 259 258 256 256 257 257 256 254 252 251 251 251 250
299 301 299 296 293 295 299 296 291 290 284 286 284 284 285 285 287 288 286 287 285 286 287 288 289 288 284 281 282 284 285 284 282 281 283 282 281 282 284 284 279 281 283 283 283 282 282 281 280 278 276 274 271 267 264 262 262 263 264 264 265 263 262 261 259 258 257 258 257 255 253 253 252 252 250 246
305 301 297 294 293 296 299 294 287 287 286 285 284 283 285 287 291 292 290 288 288 288 288 284 286 285 283 281 281 285 285 284 281 284 287 286 283 283 283 283 282 285 286 285 284 284 284 283 281 279 277 274 271 266 262 260 261 263 263 264 264 263 262 261 261 260 261 260 259 257 256 255 255 253 248 242
306 299 296 294 292 294 300 295 287 285 284 283 285 285 287 289 289 288 288 286 285 284 286 280 281 282 283 284 286 289 289 287 285 285 288 286 283 282 282 281 280 285 286 285 286 285 285 284 283 280 277 274 269 264 263 261 262 263 262 262 262 263 263 263 262 260 261 262 261 260 259 258 256 253 247 241
304 300 294 292 290 294 301 298 289 287 284 282 282 281 283 285 288 289 290 291 287 285 287 284 285 285 284 285 288 290 290 290 288 287 288 286 284 283 281 280 280 284 285 287 287 287 285 283 284 281 278 274 268 265 264 263 264 265 265 264 263 264 265 264 264 263 263 262 262 263 262 260 257 253 247 242
304 298 291 290 292 296 300 294 289 286 283 282 282 283 285 286 289 290 293 292 290 290 288 290 288 287 286 287 290 289 288 289 290 290 290 288 286 285 283 282 282 284 286 288 289 288 286 285 285 283 278 274 270 267 267 265 265 266 267 266 266 267 268 268 267 265 265 264 264 265 265 263 260 257 252 249
302 298 291 289 293 296 296 294 288 286 284 282 282 284 287 289 291 292 292 293 293 291 292 289 293 289 288 287 287 285 287 289 290 290 289 289 288 287 286 284 284 285 286 288 289 288 288 286 286 285 281 277 273 271 271 269 268 268 269 269 268 270 272 272 269 268 266 265 266 267 267 267 266 265 263 259
303 299 294 294 297 292 292 289 286 286 286 286 288 289 291 291 292 292 289 290 295 297 298 298 297 293 290 288 286 285 285 287 288 288 288 290 290 291 290 288 286 286 287 290 291 290 289 288 286 286 283 279 276 274 273 271 270 270 272 273 272 273 274 273 270 268 267 266 267 268 270 272 270 268 266 264
299 295 295 297 298 293 290 289 289 289 288 288 289 291 293 294 295 295 295 295 297 301 301 300 300 300 298 294 290 286 285 286 287 287 287 291 292 292 292 291 289 288 289 292 293 292 291 289 287 286 284 281 278 276 274 271 271 272 274 276 276 277 276 274 272 270 268 267 267 269 272 271 270 268 269 271
298 295 296 298 299 295 293 294 293 294 291 289 290 294 296 298 300 299 298 301 301 298 297 300 303 300 298 297 291 287 285 287 288 289 288 294 295 294 293 293 292 292 292 293 294 293 292 292 290 288 286 283 280 278 275 274 274 275 278 280 281 282 280 277 274 271 270 269 270 271 272 272 272 271 272 274
293 291 296 301 301 298 297 299 299 298 297 295 295 297 299 299 299 301 301 300 300 300 299 298 301 303 303 300 294 291 289 288 290 290 292 297 296 295 294 295 295 296 294 291 295 294 294 294 294 292 289 284 281 278 276 276 278 280 281 283 284 285 283 279 275 274 273 273 273 273 274 274 274 274 274 275
294 297 297 300 303 301 301 302 302 302 300 298 299 302 305 306 306 305 306 306 305 304 301 301 301 301 301 301 297 294 291 292 292 294 299 298 296 295 294 296 298 299 292 288 290 297 297 297 296 295 290 285 281 279 279 279 281 282 284 285 285 285 284 280 279 279 278 277 276 275 276 276 276 276 276 276
298 300 295 300 306 304 305 306 302 302 302 301 303 305 304 305 306 307 306 304 303 303 302 302 303 302 301 301 298 295 295 295 296 300 302 299 296 294 295 296 298 296 292 291 287 291 297 297 295 293 289 284 280 281 283 284 283 284 286 287 286 285 284 282 283 285 283 280 278 277 279 279 277 276 277 277
300 298 301 306 300 301 303 303 299 299 303 304 305 305 305 306 306 306 304 303 302 301 301 302 303 303 302 300 297 297 296 298 300 303 302 300 297 294 295 297 296 293 293 292 289 285 294 295 295 292 289 286 283 284 286 286 285 285 287 287 288 286 285 286 287 288 285 283 281 280 280 281 279 278 278 279
300 303 306 306 305 307 305 304 304 305 306 306 307 308 309 311 311 310 308 307 306 306 307 305 305 304 307 302 302 302 301 301 302 303 303 301 299 297 297 297 292 291 292 291 288 283 287 294 294 295 294 289 285 286 288 287 285 285 287 288 289 289 288 288 290 289 288 286 284 283 282 284 283 280 279 281
306 307 306 307 307 306 307 306 306 306 308 307 307 308 310 312 311 308 306 306 305 305 303 302 306 309 310 306 303 303 303 304 303 303 304 303 302 300 299 297 292 288 289 289 287 285 283 289 295 297 297 293 287 286 287 287 286 285 286 288 289 290 289 289 290 289 287 286 285 285 286 288 286 283 282 284
304 306 309 311 312 309 305 304 304 306 307 309 308 309 312 314 313 311 308 307 309 311 312 312 311 313 312 311 309 308 307 305 302 304 305 305 304 304 301 298 293 286 287 288 288 287 284 287 292 298 300 296 291 288 288 287 287 286 287 288 289 289 288 288 288 287 285 284 286 288 288 290 286 284 284 286
301 297 305 312 312 312 310 307 305 305 306 306 308 312 315 317 317 318 315 317 318 317 317 316 316 314 315 316 314 313 311 309 307 307 307 307 306 305 303 299 295 289 289 290 290 290 288 287 289 294 299 297 293 290 289 289 288 288 287 287 288 287 287 287 286 285 284 284 284 288 290 289 286 286 285 288
293 279 295 305 308 306 307 308 308 308 310 306 305 310 315 318 320 322 322 321 318 316 316 315 317 316 317 318 319 316 312 309 309 308 308 308 307 305 304 301 298 294 292 292 292 292 290 286 286 289 293 295 294 292 290 289 289 289 288 287 286 285 286 285 285 284 283 282 283 287 288 287 288 288 286 288
288 276 286 274 274 279 289 302 307 309 311 313 315 318 320 321 319 318 320 319 317 319 317 316 317 318 318 320 321 317 311 307 305 304 305 306 307 306 304 303 301 299 297 295 292 290 289 287 286 286 288 290 291 292 291 290 289 289 288 288 286 284 284 285 286 283 282 283 285 286 284 282 282 284 286 288
298 286 274 258 254 259 269 287 301 303 308 311 314 319 315 316 316 318 320 321 322 323 322 321 320 319 321 323 325 320 317 313 309 305 303 304 309 308 306 304 303 302 299 296 292 290 289 288 287 286 286 287 288 289 290 290 290 290 289 289 287 285 285 286 286 284 283 285 287 285 283 281 281 283 284 284
305 295 277 260 249 264 271 280 297 302 305 309 313 319 315 317 319 323 326 327 327 327 324 322 318 318 320 323 324 324 322 319 312 307 307 305 307 310 308 306 304 303 301 296 292 291 291 289 289 289 288 287 288 288 288 288 288 289 290 291 290 288 287 288 286 284 283 285 289 286 282 280 280 280 280 282
310 309 295 278 258 256 274 287 298 305 310 314 318 318 317 322 323 324 325 325 326 326 323 318 317 319 322 324 323 322 319 318 315 312 310 309 311 312 311 308 306 304 302 299 295 293 293 292 292 291 290 290 288 288 288 289 289 289 289 291 291 288 287 286 285 284 283 284 286 284 281 279 278 277 278 280
314 315 314 300 281 272 279 293 306 311 315 319 317 320 325 327 329 328 327 327 328 326 326 325 324 324 325 326 325 325 323 321 316 313 312 315 314 314 312 310 307 304 304 302 299 295 295 294 294 294 294 294 290 288 289 289 289 289 289 289 288 287 286 285 285 284 283 282 284 283 281 277 276 276 277 281
319 317 319 314 304 294 293 304 313 318 319 318 320 323 324 323 323 324 322 323 324 326 327 324 320 321 324 326 326 324 323 320 316 312 313 315 314 313 312 311 308 306 307 306 302 298 296 296 297 297 298 296 292 288 288 288 289 288 287 287 287 287 287 287 286 284 282 282 284 283 282 279 276 276 276 278
321 322 323 320 317 309 306 315 322 322 320 322 322 319 317 316 318 320 316 319 319 321 322 320 316 318 321 323 325 323 322 319 317 315 314 315 315 315 313 312 311 309 307 305 302 301 298 296 297 297 298 297 294 290 289 289 289 288 286 286 287 288 289 287 286 284 283 283 285 284 283 281 278 277 277 278
321 322 320 317 320 319 320 322 323 323 324 323 317 316 312 311 311 313 315 314 311 314 316 313 313 314 316 317 319 318 319 316 313 314 316 315 315 318 318 312 312 309 306 302 302 303 301 298 298 299 299 298 295 293 292 293 292 290 288 289 289 289 289 289 287 285 284 284 285 285 284 283 281 279 278 279
314 315 313 316 317 319 320 319 322 322 322 320 315 313 311 311 312 313 314 313 313 314 311 310 310 312 315 317 318 317 316 315 313 312 313 316 317 318 321 314 313 311 308 306 302 303 302 299 300 302 299 298 297 297 296 294 293 292 290 292 292 290 289 289 289 287 286 284 284 286 286 285 284 281 279 280
