_episodes_rmd/data/big_extent/bio5.asc
NCOLS 660 
NROWS 720 
XLLCORNER -130 
YLLCORNER -60 
CELLSIZE 0.166666666666667 
NODATA_value -32768 
[rows 476 to 509 of 720, columns 456 to 531 of 660]
315 312 316 313 313 313 312 315 318 319 317 315 313 307 314 316 318 319 321 318 315 317 317 318 318 316 314 316 316 314 312 308 304 300 298 292 282 278 276 269 268 274 278 283 287 284 276 281 293 304 305 306 305 306 305 299 300 297 293 296 297 291 270 277 292 291 279 278 310 324 310 309 310 302 304 309
311 310 314 315 314 315 316 319 321 320 320 317 313 307 314 316 317 318 317 314 313 312 314 316 316 318 318 318 317 314 310 307 304 301 299 296 288 279 273 270 266 269 274 276 283 283 278 279 292 304 304 304 304 303 300 295 297 296 290 292 294 290 271 291 284 283 286 303 320 320 302 294 300 310 321 324
310 311 314 316 315 317 316 318 319 319 319 317 313 312 313 314 314 315 311 310 312 314 313 317 317 318 318 317 315 315 312 312 308 306 305 300 296 288 278 268 265 262 262 268 276 272 278 285 295 302 303 303 299 298 299 293 293 296 291 290 292 284 277 292 286 291 290 300 321 316 302 286 295 311 317 322
313 309 313 316 318 316 317 315 316 318 320 319 317 313 315 314 312 312 311 311 310 309 313 315 317 318 319 320 320 318 315 316 313 311 306 304 301 297 289 279 262 263 258 258 266 274 274 294 300 300 302 299 292 295 298 295 288 293 294 289 284 278 269 285 284 288 289 311 320 308 293 278 291 309 310 314
313 312 313 316 318 318 317 315 316 317 319 319 317 316 317 316 315 311 310 307 306 305 307 311 314 315 313 316 319 318 318 316 315 311 309 306 303 293 290 285 269 256 258 258 268 281 286 293 297 299 300 292 288 290 296 294 289 289 292 285 270 270 260 273 286 290 291 315 316 307 290 275 295 301 298 297
312 314 312 313 315 318 316 314 315 317 318 320 318 316 317 316 314 313 309 306 303 302 302 307 309 311 313 314 317 316 317 313 312 309 305 303 298 287 272 267 278 272 275 262 255 269 287 291 296 297 296 287 283 290 294 292 283 282 290 290 264 274 256 279 290 299 305 308 307 294 287 283 291 290 289 273
312 315 313 312 315 316 318 315 315 315 316 319 318 316 316 316 312 309 307 306 306 307 306 304 305 307 310 309 312 312 313 309 307 307 302 298 296 287 271 265 268 260 281 279 261 270 284 289 288 291 289 283 279 286 290 287 288 282 282 283 269 265 253 273 292 296 304 304 296 281 278 271 279 246 288 288
311 314 314 312 312 312 314 316 314 315 313 316 318 317 318 313 309 309 307 307 306 305 304 305 306 304 305 308 307 308 308 305 302 303 301 292 287 287 275 264 266 261 275 279 284 273 270 282 277 288 289 287 279 280 282 279 285 281 273 280 280 274 262 278 287 293 294 294 288 262 279 275 277 273 297 297
309 311 313 314 311 311 312 313 315 315 314 315 317 318 317 310 308 308 307 307 306 305 305 304 302 303 301 303 303 305 304 302 298 300 300 295 286 278 278 277 272 262 273 275 278 283 283 283 286 287 289 286 278 277 277 273 273 272 274 281 276 275 288 285 289 291 290 288 282 273 285 290 288 287 299 315
311 310 312 314 313 310 309 310 312 314 315 314 313 317 314 306 303 304 307 308 309 308 307 306 305 303 302 301 300 302 303 300 296 295 297 297 291 280 270 270 274 265 265 260 264 270 275 281 277 276 287 287 285 282 274 271 272 274 277 277 273 277 286 287 288 289 294 302 281 296 293 306 296 292 287 299
310 311 310 310 312 312 310 309 310 312 312 314 313 315 311 306 303 303 304 305 308 309 308 307 306 305 304 304 304 302 301 298 296 292 295 296 292 288 283 277 272 262 258 256 260 260 269 283 287 287 288 288 289 284 279 275 276 280 282 278 273 267 275 285 286 293 315 312 296 318 317 312 315 306 308 308
311 311 311 311 311 314 311 309 311 310 310 310 314 309 309 308 306 304 303 303 304 305 306 307 307 306 305 304 303 302 300 296 293 291 292 294 286 284 289 287 269 267 271 266 264 271 278 283 288 286 286 287 286 285 281 278 275 276 276 276 272 268 272 292 301 310 316 308 317 315 315 316 320 319 311 314
312 313 313 312 312 314 312 310 311 312 310 311 312 308 305 305 307 307 306 304 302 302 303 304 304 305 305 304 303 301 300 299 296 291 290 293 290 288 290 290 288 288 279 272 261 266 278 285 288 291 289 284 282 281 278 272 272 275 273 269 267 264 270 285 304 308 299 318 321 321 317 313 310 317 315 312
315 315 315 315 315 314 313 312 311 311 312 314 311 309 306 305 304 304 305 305 304 302 301 301 302 302 302 303 304 302 300 298 295 291 286 290 293 290 289 283 284 289 278 268 269 271 275 280 287 289 289 286 282 279 271 269 265 272 269 267 263 274 278 284 297 304 303 310 312 317 317 315 310 315 312 315
318 317 315 314 312 311 312 313 312 312 315 312 308 307 308 308 308 305 303 302 304 304 303 302 301 300 301 300 302 303 300 298 294 290 284 283 287 289 288 284 282 284 277 259 258 267 264 269 285 288 285 285 284 280 268 267 267 269 262 260 262 277 280 281 285 293 291 305 316 316 314 314 302 286 309 316
320 320 317 314 313 311 310 309 310 313 314 310 308 305 305 306 307 308 306 302 300 300 300 300 299 299 298 298 300 299 300 299 297 292 289 279 274 277 282 287 286 285 282 268 252 259 263 257 273 285 281 274 278 279 272 260 260 261 257 257 264 269 278 293 292 297 297 311 307 299 305 298 275 306 312 312
318 320 319 314 314 312 311 312 313 315 310 308 308 307 306 304 306 304 303 302 302 299 297 297 298 296 297 296 299 297 299 297 294 291 285 281 273 269 273 282 285 283 280 275 268 258 255 259 275 283 280 264 274 279 266 240 241 250 252 270 275 287 292 295 304 304 286 283 282 288 290 274 294 305 306 306
319 319 321 317 315 315 315 316 314 311 308 307 306 308 306 304 304 302 300 299 297 298 300 299 294 291 290 296 297 295 296 297 291 283 286 278 274 274 280 278 281 281 280 272 265 265 265 270 277 277 274 264 247 273 270 228 234 256 277 280 280 285 291 298 290 278 270 256 259 269 262 280 300 301 302 303
318 317 319 320 318 318 317 312 309 306 306 309 309 307 306 306 305 303 304 301 298 297 294 295 295 293 295 295 295 294 293 295 291 283 279 273 270 280 283 278 279 277 278 275 263 258 243 251 269 271 274 266 238 238 242 233 256 298 294 289 287 290 286 277 256 252 271 278 263 272 285 295 297 298 -32768 -32768
318 319 321 320 319 318 314 313 312 311 308 310 309 309 308 308 307 304 305 303 300 295 296 296 296 297 296 295 294 292 290 291 292 294 292 288 287 289 285 283 280 278 273 263 262 246 228 252 250 254 241 236 242 273 280 280 289 291 292 292 295 299 299 291 297 293 311 308 296 303 301 297 296 -32768 -32768 -32768
317 319 321 320 317 312 309 308 305 304 305 305 303 305 306 307 309 309 309 305 301 299 300 300 298 299 297 295 292 291 289 287 282 291 292 291 290 290 287 284 281 277 270 260 253 243 244 234 215 246 223 248 279 280 265 237 235 254 267 287 295 313 314 312 308 309 309 304 298 299 295 292 289 -32768 -32768 -32768
316 319 319 314 311 307 305 302 300 299 299 300 299 298 297 301 304 305 308 307 306 305 305 305 305 302 297 292 291 292 291 285 279 278 288 291 290 287 283 281 278 273 264 260 257 254 245 229 245 252 273 278 269 257 252 238 264 278 285 285 292 310 310 306 297 304 305 299 298 297 293 288 285 -32768 -32768 -32768
316 318 318 314 312 310 307 305 301 295 292 292 291 292 292 296 301 304 306 303 301 305 304 304 306 301 293 292 289 290 291 285 278 276 286 287 285 285 283 279 276 270 263 260 258 255 251 260 266 271 269 263 252 255 244 262 302 309 301 303 306 308 308 307 299 -32768 -32768 -32768 -32768 -32768 -32768 285 -32768 -32768 -32768 -32768
316 318 316 314 313 312 310 308 304 297 286 282 289 282 284 289 296 301 301 299 295 299 299 300 298 294 289 286 292 294 295 293 289 284 281 280 280 280 278 277 271 261 257 259 252 252 258 264 266 260 252 254 247 235 259 290 303 310 306 311 -32768 -32768 -32768 -32768 -32768 -32768 -32768 -32768 -32768 -32768 -32768 -32768 -32768 -32768 -32768 -32768
316 313 310 309 309 307 304 304 303 302 290 279 274 279 283 283 295 300 297 288 290 293 295 298 292 295 297 289 289 290 292 291 289 283 279 275 276 277 273 272 264 262 260 260 258 257 256 258 255 253 253 251 252 284 302 300 306 -32768 -32768 -32768 -32768 -32768 -32768 -32768 -32768 -32768 -32768 -32768 -32768 -32768 -32768 -32768 -32768 -32768 -32768 -32768
315 308 308 306 307 303 301 300 299 302 299 292 286 280 278 281 290 292 291 280 277 293 292 295 287 289 294 292 288 288 287 287 287 283 277 273 272 273 269 261 253 250 256 260 259 252 249 246 243 235 250 270 289 304 -32768 -32768 -32768 -32768 -32768 -32768 -32768 -32768 -32768 -32768 -32768 -32768 -32768 -32768 -32768 -32768 -32768 -32768 -32768 -32768 -32768 -32768
312 308 307 309 306 301 299 299 296 293 299 300 295 288 288 287 280 280 282 269 271 291 288 289 289 286 292 291 287 287 284 284 285 281 276 271 268 267 259 248 246 247 248 253 250 247 242 264 273 268 271 284 268 292 -32768 -32768 -32768 -32768 -32768 -32768 -32768 -32768 -32768 -32768 -32768 -32768 -32768 -32768 -32768 -32768 -32768 -32768 -32768 -32768 -32768 -32768
310 310 311 310 310 307 303 298 294 292 298 299 302 299 294 284 270 270 283 281 281 285 282 282 284 284 290 288 288 284 283 282 282 278 276 271 264 258 250 250 254 254 250 247 251 283 281 287 -32768 -32768 294 261 277 -32768 -32768 -32768 -32768 -32768 -32768 -32768 -32768 -32768 -32768 -32768 -32768 -32768 -32768 -32768 -32768 -32768 -32768 -32768 -32768 -32768 -32768 -32768
312 311 313 312 311 306 303 299 293 289 290 294 300 296 296 291 288 278 277 285 282 277 279 281 282 279 284 284 280 276 276 273 273 272 270 265 265 279 277 271 274 265 275 290 282 290 285 -32768 -32768 286 -32768 -32768 -32768 -32768 -32768 -32768 -32768 -32768 -32768 -32768 -32768 -32768 -32768 -32768 -32768 -32768 -32768 -32768 -32768 -32768 -32768 -32768 -32768 -32768 -32768 -32768
310 312 313 312 311 305 300 294 288 285 287 296 295 291 293 290 288 287 282 283 279 273 270 273 272 270 267 267 265 266 268 268 267 265 268 291 303 301 298 291 288 287 300 300 -32768 -32768 -32768 -32768 -32768 -32768 -32768 -32768 -32768 -32768 -32768 -32768 -32768 -32768 -32768 -32768 -32768 -32768 -32768 -32768 -32768 -32768 -32768 -32768 -32768 -32768 -32768 -32768 -32768 -32768 -32768 -32768
308 309 309 306 307 307 300 294 288 280 285 290 288 280 284 290 280 287 284 282 281 278 272 263 259 265 266 266 270 274 266 264 281 281 295 308 309 304 298 290 279 284 299 -32768 -32768 -32768 -32768 -32768 -32768 -32768 -32768 -32768 -32768 -32768 -32768 -32768 -32768 -32768 -32768 -32768 -32768 -32768 -32768 -32768 -32768 -32768 -32768 -32768 -32768 -32768 -32768 -32768 -32768 -32768 -32768 -32768
306 304 303 300 301 303 300 292 287 282 277 281 278 272 277 285 279 278 276 279 274 278 263 260 261 264 264 273 284 291 289 286 301 300 310 309 307 303 299 298 291 -32768 -32768 -32768 -32768 -32768 -32768 -32768 -32768 -32768 -32768 -32768 -32768 -32768 -32768 -32768 -32768 -32768 -32768 -32768 -32768 -32768 -32768 -32768 -32768 -32768 -32768 -32768 -32768 -32768 -32768 -32768 -32768 -32768 -32768 -32768
305 301 295 293 292 295 298 295 290 287 282 273 265 267 273 279 283 281 272 276 276 276 264 261 263 262 271 287 298 287 298 290 292 284 292 305 304 302 299 297 -32768 -32768 -32768 -32768 -32768 -32768 -32768 -32768 -32768 -32768 -32768 -32768 -32768 -32768 -32768 -32768 -32768 -32768 -32768 -32768 -32768 -32768 -32768 -32768 -32768 -32768 -32768 -32768 -32768 -32768 -32768 -32768 -32768 -32768 -32768 -32768
302 297 291 285 284 284 288 289 287 279 275 270 265 263 265 270 281 284 278 272 273 276 274 262 264 268 285 294 283 269 268 266 285 272 269 298 306 304 -32768 -32768 -32768 -32768 -32768 -32768 -32768 -32768 -32768 -32768 -32768 -32768 -32768 -32768 -32768 -32768 -32768 -32768 -32768 -32768 -32768 -32768 -32768 -32768 -32768 -32768 -32768 -32768 -32768 -32768 -32768 -32768 -32768 -32768 -32768 -32768 -32768 -32768
