_episodes_rmd/data/big_extent/bio5.asc
NCOLS 660 
NROWS 720 
XLLCORNER -130 
YLLCORNER -60 
CELLSIZE 0.166666666666667 
NODATA_value -32768 
[rows 306 to 339 of 720, columns 380 to 455 of 660]
336 335 336 337 337 339 338 339 340 339 340 338 334 331 332 333 334 333 332 332 330 329 326 325 322 322 321 321 319 316 315 313 310 309 308 307 309 -32768 -32768 -32768 -32768 -32768 -32768 -32768 -32768 -32768 -32768 -32768 -32768 -32768 -32768 -32768 -32768 -32768 -32768 -32768 -32768 -32768 -32768 -32768 -32768 -32768 -32768 -32768 -32768 -32768 -32768 -32768 -32768 -32768 -32768 -32768 -32768 -32768 -32768 -32768
335 335 337 337 334 333 334 336 337 337 336 337 338 335 336 335 335 335 334 331 330 327 325 323 323 323 323 322 320 318 316 313 311 309 308 308 309 -32768 -32768 -32768 -32768 -32768 -32768 -32768 -32768 -32768 -32768 -32768 -32768 -32768 -32768 -32768 -32768 -32768 -32768 -32768 -32768 -32768 -32768 -32768 -32768 -32768 -32768 -32768 -32768 -32768 -32768 -32768 -32768 -32768 -32768 -32768 -32768 -32768 -32768 -32768
335 335 337 334 333 333 335 337 338 339 336 338 341 339 338 339 339 337 335 334 331 328 325 325 325 326 325 323 321 318 318 315 313 310 309 309 309 309 309 310 310 -32768 -32768 -32768 -32768 -32768 -32768 -32768 -32768 -32768 -32768 -32768 -32768 -32768 -32768 -32768 -32768 -32768 -32768 -32768 -32768 -32768 -32768 -32768 -32768 -32768 -32768 -32768 -32768 -32768 -32768 -32768 -32768 -32768 -32768 -32768
340 338 339 336 336 337 338 339 340 339 337 338 339 343 341 340 340 340 338 337 334 334 331 332 331 325 315 310 311 316 313 314 314 312 310 310 311 311 310 310 310 311 312 -32768 -32768 -32768 -32768 -32768 -32768 -32768 -32768 -32768 -32768 -32768 -32768 -32768 -32768 -32768 -32768 -32768 -32768 -32768 -32768 -32768 -32768 -32768 -32768 -32768 -32768 -32768 -32768 -32768 -32768 -32768 -32768 -32768
342 342 343 340 338 340 340 341 341 340 338 340 341 343 343 342 343 343 341 341 338 334 334 333 331 316 302 299 296 305 305 313 316 315 314 313 312 312 312 312 311 312 312 312 -32768 -32768 -32768 -32768 -32768 -32768 -32768 -32768 -32768 -32768 -32768 -32768 -32768 -32768 -32768 -32768 -32768 -32768 -32768 -32768 -32768 -32768 -32768 -32768 -32768 -32768 -32768 -32768 -32768 -32768 -32768 -32768
344 344 343 342 342 342 342 342 342 341 340 341 343 345 347 344 345 344 342 339 334 333 333 327 316 313 301 303 306 311 313 319 318 316 315 314 314 313 310 312 312 312 312 312 313 313 -32768 -32768 -32768 -32768 -32768 -32768 -32768 -32768 -32768 -32768 -32768 -32768 -32768 -32768 -32768 -32768 -32768 -32768 -32768 -32768 -32768 -32768 -32768 -32768 -32768 -32768 -32768 -32768 -32768 -32768
346 346 345 345 344 344 344 344 344 343 342 342 345 343 344 344 343 340 338 335 333 334 331 323 316 313 316 316 313 313 312 317 319 316 314 314 313 311 311 312 314 314 314 313 313 314 315 -32768 -32768 -32768 -32768 -32768 -32768 -32768 -32768 -32768 -32768 -32768 -32768 -32768 -32768 -32768 -32768 -32768 -32768 -32768 -32768 -32768 -32768 -32768 -32768 -32768 -32768 -32768 -32768 -32768
349 349 348 347 346 345 343 344 344 345 344 344 344 341 341 340 340 337 337 333 332 329 325 322 321 319 319 316 317 317 308 306 318 317 316 315 314 314 313 313 315 314 315 314 314 314 315 315 -32768 -32768 -32768 -32768 -32768 -32768 -32768 -32768 -32768 -32768 -32768 -32768 -32768 -32768 -32768 -32768 -32768 -32768 -32768 -32768 -32768 -32768 -32768 -32768 -32768 -32768 -32768 -32768
351 351 350 347 346 345 343 342 344 345 345 342 340 335 337 337 336 334 335 331 327 326 324 323 322 322 321 320 320 321 313 316 320 319 317 316 316 316 316 316 315 315 315 314 315 314 315 315 316 -32768 -32768 -32768 -32768 -32768 -32768 -32768 -32768 -32768 -32768 -32768 -32768 -32768 -32768 -32768 -32768 -32768 -32768 -32768 -32768 -32768 -32768 -32768 -32768 -32768 -32768 -32768
352 348 349 348 345 340 334 341 343 342 342 340 339 338 335 337 337 336 334 328 322 321 324 324 323 322 321 321 322 324 325 325 324 321 319 316 315 316 312 314 316 315 315 313 314 313 314 315 316 316 -32768 -32768 -32768 -32768 -32768 -32768 -32768 -32768 -32768 -32768 -32768 -32768 -32768 -32768 -32768 -32768 -32768 -32768 -32768 -32768 -32768 -32768 -32768 -32768 -32768 -32768
354 352 348 345 347 347 339 321 340 342 340 332 338 335 330 333 331 331 328 325 325 324 325 323 322 322 322 320 317 325 328 329 326 324 322 319 315 316 316 315 314 315 314 313 312 313 314 315 315 316 -32768 -32768 -32768 -32768 -32768 -32768 -32768 -32768 -32768 -32768 -32768 -32768 -32768 -32768 -32768 -32768 -32768 -32768 -32768 -32768 -32768 -32768 -32768 -32768 -32768 -32768
354 339 342 342 341 345 339 337 343 342 341 332 338 332 327 326 326 327 326 325 326 327 327 323 321 321 322 321 324 327 328 327 328 326 324 320 319 318 316 314 313 313 312 309 310 313 313 312 313 314 -32768 -32768 -32768 -32768 -32768 -32768 -32768 -32768 -32768 -32768 -32768 -32768 -32768 -32768 -32768 -32768 -32768 -32768 -32768 -32768 -32768 -32768 -32768 -32768 -32768 -32768
352 324 332 345 346 347 344 339 344 342 341 340 337 327 325 323 326 325 324 324 326 326 327 321 321 321 324 324 326 326 327 328 327 326 325 322 321 319 318 316 315 315 313 311 312 312 311 311 312 312 311 311 -32768 -32768 -32768 -32768 -32768 -32768 -32768 -32768 -32768 -32768 -32768 -32768 -32768 -32768 -32768 -32768 -32768 -32768 -32768 -32768 -32768 -32768 -32768 -32768
347 320 308 343 345 342 331 313 336 339 339 340 335 326 326 325 324 325 323 325 325 325 323 319 316 319 325 326 325 327 328 328 328 327 323 319 322 318 318 316 316 315 315 312 313 312 310 310 311 310 310 310 311 -32768 -32768 -32768 -32768 -32768 -32768 -32768 -32768 -32768 -32768 -32768 -32768 -32768 -32768 -32768 -32768 -32768 -32768 -32768 -32768 -32768 -32768 -32768
348 323 315 336 341 339 320 303 320 338 341 340 331 325 325 325 324 323 323 324 323 323 318 318 314 313 324 326 325 328 327 327 324 313 299 297 317 316 315 315 315 314 313 313 311 312 310 309 310 308 308 309 312 314 -32768 -32768 -32768 -32768 -32768 -32768 -32768 -32768 -32768 -32768 -32768 -32768 -32768 -32768 -32768 -32768 -32768 -32768 -32768 -32768 -32768 -32768
350 334 333 343 342 339 334 313 300 326 341 338 329 326 324 322 321 321 321 321 320 320 316 309 306 308 316 318 322 327 327 325 324 314 298 294 315 320 319 317 316 314 313 312 312 310 310 311 311 307 308 310 313 315 316 -32768 -32768 -32768 -32768 -32768 -32768 -32768 -32768 -32768 -32768 -32768 -32768 -32768 -32768 -32768 -32768 -32768 -32768 -32768 -32768 -32768
337 340 340 343 340 332 329 321 294 302 338 338 328 323 321 320 320 318 315 316 316 318 317 304 298 301 294 309 322 326 327 325 316 302 286 289 297 307 321 319 317 316 313 313 311 309 312 311 311 309 311 313 315 317 318 320 321 -32768 -32768 -32768 -32768 -32768 -32768 -32768 -32768 -32768 -32768 -32768 -32768 -32768 -32768 -32768 -32768 -32768 -32768 -32768
307 331 336 338 336 324 325 303 279 311 335 326 323 321 320 318 316 316 313 309 313 316 317 301 300 301 300 304 306 288 317 316 310 293 284 286 288 297 311 320 319 313 312 312 313 311 313 311 313 312 314 315 318 320 321 321 322 323 324 -32768 -32768 -32768 -32768 -32768 -32768 -32768 -32768 -32768 -32768 327 -32768 -32768 -32768 -32768 -32768 -32768
315 302 333 292 302 320 323 292 282 303 318 325 322 319 319 318 316 295 282 294 310 314 314 299 255 269 309 285 280 278 260 255 257 278 280 288 298 293 289 295 319 315 314 314 313 313 313 311 315 315 317 318 321 323 324 324 324 325 325 326 326 327 327 327 326 326 326 327 328 327 326 326 326 327 326 326
298 316 311 278 299 344 317 292 263 291 315 324 322 319 318 317 307 278 286 294 311 315 306 288 266 287 296 271 271 255 253 257 267 289 294 291 301 298 289 278 301 314 316 315 313 310 312 313 317 318 319 321 325 327 327 327 327 327 327 327 327 327 327 327 326 326 326 326 327 326 326 326 326 326 326 326
329 315 344 352 352 324 308 300 248 303 320 324 322 320 318 303 312 315 314 307 314 315 311 303 293 294 285 274 276 267 259 262 274 279 291 296 295 300 289 280 286 309 315 315 314 313 313 315 318 319 321 324 328 330 329 329 329 328 328 328 328 329 329 328 327 327 326 326 325 325 327 327 327 327 326 326
327 321 349 357 357 340 336 276 259 289 319 322 321 319 316 309 313 313 315 316 316 316 314 314 311 279 263 228 273 275 265 264 272 262 273 301 298 300 287 281 281 296 304 310 315 315 316 318 319 320 323 326 328 330 330 329 330 330 329 329 329 330 329 329 328 328 327 326 325 326 327 328 327 326 325 326
344 354 351 357 356 349 343 324 284 285 317 318 320 316 315 315 315 313 309 316 316 316 315 314 310 307 231 222 276 276 272 277 274 271 260 260 280 286 269 271 279 291 297 299 306 311 317 318 319 321 324 327 328 330 330 330 331 331 330 330 329 330 329 329 329 328 327 327 326 328 330 329 328 326 326 324
343 356 358 357 355 353 348 340 298 301 316 315 311 307 315 311 309 313 314 312 310 315 314 315 315 311 299 274 289 287 277 279 277 279 266 255 263 278 257 267 277 287 296 293 297 314 310 318 320 322 326 327 328 329 331 331 333 331 330 330 331 330 329 330 330 328 328 329 328 330 331 329 329 329 326 323
328 352 355 355 353 351 346 338 323 301 301 311 283 269 311 308 299 297 313 315 314 314 314 311 313 307 302 292 292 292 289 288 285 279 268 268 271 284 268 271 280 286 293 287 306 319 318 319 322 325 327 328 330 331 331 332 331 331 331 330 330 331 331 331 330 329 328 326 324 330 329 329 326 329 325 319
327 344 354 353 352 347 341 335 333 315 306 310 252 260 292 311 286 293 309 305 314 313 314 308 308 314 308 299 291 289 290 286 275 286 279 281 286 286 289 293 287 287 286 287 311 320 323 325 325 324 325 328 331 330 331 332 330 332 331 325 327 332 333 332 330 329 329 329 329 332 331 330 324 329 321 322
344 350 352 351 350 330 306 307 314 321 308 298 278 254 251 289 309 298 297 297 300 315 313 314 304 304 305 294 296 294 292 285 280 283 284 280 282 293 297 301 301 302 296 310 323 324 325 326 327 323 327 329 331 331 331 331 331 328 325 324 332 333 333 331 330 330 329 330 331 332 332 331 329 330 328 325
351 350 350 348 345 309 278 278 280 292 293 297 282 276 279 299 309 304 273 294 298 313 313 312 305 300 312 306 303 301 299 293 300 300 306 302 308 306 307 301 305 309 304 311 324 326 327 319 327 328 329 331 332 331 331 331 331 327 326 329 333 332 332 332 331 330 330 331 331 331 330 327 326 328 327 324
350 349 348 346 337 323 299 293 277 273 263 264 285 290 289 298 300 306 283 292 293 297 312 312 310 307 310 311 310 307 306 312 318 320 321 318 321 318 312 310 309 317 304 304 307 319 328 324 329 329 330 331 332 332 332 332 328 327 324 329 334 334 328 327 331 330 331 332 331 329 328 321 325 328 326 324
348 345 346 344 329 325 313 296 282 266 266 260 281 289 291 291 301 307 293 285 297 303 309 304 302 307 306 309 305 315 323 326 326 327 327 326 328 328 321 322 314 312 320 314 316 330 329 330 331 331 331 332 332 332 333 332 329 327 326 331 334 336 328 332 332 331 333 332 330 329 329 329 328 327 321 319
346 345 334 328 326 317 317 286 290 283 278 265 273 286 293 291 293 304 297 297 295 307 298 307 316 319 312 318 321 322 328 330 329 329 328 328 328 329 326 322 323 330 329 326 331 332 331 332 332 333 333 332 334 333 333 331 330 321 330 330 331 334 329 330 333 332 333 331 328 327 329 328 326 323 318 316
345 344 336 321 330 318 290 271 307 293 285 280 287 270 284 297 302 302 310 312 311 283 268 284 317 321 319 322 325 317 325 331 330 330 329 329 329 329 329 331 332 333 334 333 333 333 333 333 332 334 333 334 334 334 333 330 330 329 327 326 317 325 329 331 331 334 332 330 328 327 327 326 325 322 319 315
344 339 339 335 337 287 278 278 319 320 285 289 281 275 298 299 305 302 300 310 315 311 291 292 312 322 322 321 325 328 330 329 329 329 329 330 330 330 331 333 334 335 335 334 334 333 333 333 333 333 335 335 334 335 335 334 333 331 328 330 326 326 322 331 333 332 330 328 327 327 327 324 323 320 318 316
342 340 339 334 335 276 258 326 330 327 299 286 274 286 304 296 301 306 302 303 312 316 314 311 314 310 319 323 324 327 328 329 330 330 330 330 331 331 331 332 335 336 333 329 329 327 333 334 334 334 335 335 334 334 335 334 334 333 331 332 331 328 331 329 329 331 329 328 328 328 326 324 322 320 317 316
