_episodes_rmd/data/big_extent/bio6.asc
NCOLS 660 
NROWS 720 
XLLCORNER -130 
YLLCORNER -60 
CELLSIZE 0.166666666666667 
NODATA_value -32768 
[rows 612 to 645 of 720, columns 304 to 379 of 660]
-32768 -32768 -32768 -32768 -32768 -32768 -32768 -32768 -32768 -32768 -32768 -32768 -32768 -32768 -32768 -32768 -32768 -32768 -32768 -32768 -32768 -32768 -32768 -32768 -32768 -32768 -32768 -32768 -32768 -32768 -32768 55 53 51 47 50 -32768 -32768 -32768 39 27 0 -34 -33 -20 -28 -8 -32 -33 -37 -31 -24 -27 -28 -36 -31 -31 -36 -40 -50 -58 -54 -58 -68 -62 -59 -61 -57 -49 -45 -46 -29 -25 -19 -11 -14
-32768 -32768 -32768 -32768 -32768 -32768 -32768 -32768 -32768 -32768 -32768 -32768 -32768 -32768 -32768 -32768 -32768 -32768 -32768 -32768 -32768 -32768 -32768 -32768 -32768 -32768 -32768 -32768 -32768 -32768 59 41 31 48 45 46 48 44 41 33 6 6 -18 -34 -25 -22 -34 -28 -20 -29 -27 -27 -22 -24 -33 -36 -34 -33 -31 -37 -43 -54 -53 -53 -58 -53 -55 -60 -48 -37 -32 -25 -19 -15 -16 -18
-32768 -32768 -32768 -32768 -32768 -32768 -32768 -32768 -32768 -32768 -32768 -32768 -32768 -32768 -32768 -32768 -32768 -32768 -32768 -32768 -32768 -32768 -32768 -32768 -32768 -32768 -32768 -32768 -32768 -32768 58 34 31 49 48 49 48 46 -32768 22 -3 4 -3 -35 -41 -38 -34 -21 -38 -27 -33 -23 -17 -26 -39 -43 -34 -32 -37 -34 -34 -43 -49 -42 -40 -38 -41 -44 -40 -40 -36 -24 -18 -14 -11 -12
-32768 -32768 -32768 -32768 -32768 -32768 -32768 -32768 -32768 -32768 -32768 -32768 -32768 -32768 -32768 -32768 -32768 -32768 -32768 -32768 -32768 -32768 -32768 -32768 -32768 -32768 -32768 -32768 -32768 -32768 59 44 42 51 50 49 47 43 40 20 7 -3 -20 -33 -34 -39 -30 -35 -50 -32 -30 -25 -17 -18 -27 -26 -24 -20 -35 -32 -31 -36 -42 -45 -40 -35 -33 -33 -38 -45 -37 -23 -17 -9 0 1
-32768 -32768 -32768 -32768 -32768 -32768 -32768 -32768 -32768 -32768 -32768 -32768 -32768 -32768 -32768 -32768 -32768 -32768 -32768 -32768 -32768 -32768 -32768 -32768 -32768 -32768 -32768 -32768 -32768 -32768 59 52 52 48 48 50 -32768 42 40 23 2 -17 -11 -30 -27 -28 -43 -38 -58 -36 -28 -25 -17 -27 -33 -29 -37 -20 -19 -37 -35 -37 -38 -48 -47 -46 -43 -44 -42 -34 -25 -13 -2 6 8 7
-32768 -32768 -32768 -32768 -32768 -32768 -32768 -32768 -32768 -32768 -32768 -32768 -32768 -32768 -32768 -32768 -32768 -32768 -32768 -32768 -32768 -32768 -32768 -32768 -32768 -32768 -32768 -32768 -32768 -32768 57 50 45 46 48 47 -32768 -32768 40 27 -3 -9 -28 -28 -41 -34 -29 -22 -37 -28 -39 -25 -15 -20 -27 -36 -40 -41 -30 -20 -37 -35 -31 -26 -31 -43 -42 -31 -24 -20 -12 -2 6 9 10 10
-32768 -32768 -32768 -32768 -32768 -32768 -32768 -32768 -32768 -32768 -32768 -32768 -32768 -32768 -32768 -32768 -32768 -32768 -32768 -32768 -32768 -32768 -32768 -32768 -32768 -32768 -32768 -32768 -32768 59 56 49 43 45 47 48 -32768 -32768 29 10 8 3 -22 -25 -29 -26 -22 -9 -27 -25 -26 -27 -19 -17 -23 -32 -38 -40 -42 -32 -14 -21 -25 -22 -26 -33 -22 -20 -13 -10 1 7 8 9 9 9
-32768 -32768 -32768 -32768 -32768 -32768 -32768 -32768 -32768 -32768 -32768 -32768 -32768 -32768 -32768 -32768 -32768 -32768 -32768 -32768 -32768 -32768 -32768 -32768 -32768 -32768 -32768 -32768 -32768 57 53 48 45 44 49 -32768 -32768 39 32 7 -10 1 -14 -31 -14 -38 -21 -21 -42 -35 -26 -40 -28 -21 -27 -37 -31 -38 -50 -41 -15 -13 -21 -17 -12 -21 -11 -4 -1 1 5 5 6 6 5 6
-32768 -32768 -32768 -32768 -32768 -32768 -32768 -32768 -32768 -32768 -32768 -32768 -32768 -32768 -32768 -32768 -32768 -32768 -32768 -32768 -32768 -32768 -32768 -32768 -32768 -32768 -32768 -32768 -32768 -32768 57 55 51 44 -32768 -32768 -32768 34 22 -2 -7 -13 -8 -15 -37 -35 -18 -34 -46 -45 -24 -36 -32 -27 -38 -44 -32 -28 -42 -36 -15 -13 -27 -17 -8 -4 -2 0 0 1 1 1 2 3 4 4
-32768 -32768 -32768 -32768 -32768 -32768 -32768 -32768 -32768 -32768 -32768 -32768 -32768 -32768 -32768 -32768 -32768 -32768 -32768 -32768 -32768 -32768 -32768 -32768 -32768 -32768 62 56 52 -32768 -32768 -32768 -32768 -32768 -32768 -32768 -32768 34 23 11 -19 -15 -27 -8 -19 -14 -27 -24 -31 -32 -27 -37 -31 -31 -28 -29 -26 -25 -37 -37 -24 -10 -4 -8 -10 -4 0 1 -1 -5 0 1 1 1 1 3
-32768 -32768 -32768 -32768 -32768 -32768 -32768 -32768 -32768 -32768 -32768 -32768 -32768 -32768 -32768 -32768 -32768 -32768 -32768 -32768 -32768 -32768 -32768 -32768 -32768 -32768 -32768 61 -32768 -32768 -32768 49 48 47 -32768 45 -32768 29 21 9 -12 -14 -11 -23 -33 -30 -50 -35 -27 -35 -34 -46 -36 -31 -26 -30 -26 -18 -22 -27 -20 -12 0 -1 1 -4 -1 2 1 1 6 7 4 0 -1 0
-32768 -32768 -32768 -32768 -32768 -32768 -32768 -32768 -32768 -32768 -32768 -32768 -32768 -32768 -32768 -32768 -32768 -32768 -32768 -32768 -32768 -32768 -32768 -32768 -32768 -32768 -32768 -32768 -32768 -32768 49 49 46 45 42 -32768 26 26 20 15 -6 6 -5 -31 -44 -43 -39 -33 -36 -36 -36 -43 -30 -36 -40 -41 -39 -23 -28 -25 -13 -7 -4 -1 -1 -1 1 1 0 2 5 6 5 4 3 4
-32768 -32768 -32768 -32768 -32768 -32768 -32768 -32768 -32768 -32768 -32768 -32768 -32768 -32768 -32768 -32768 -32768 -32768 -32768 -32768 -32768 -32768 -32768 -32768 -32768 -32768 -32768 -32768 -32768 51 45 45 39 44 40 38 32 22 -6 -7 -3 -2 -3 -26 -29 -45 -31 -36 -38 -31 -29 -28 -27 -24 -37 -45 -44 -36 -38 -29 -17 -10 -4 -6 -10 -7 -3 -5 -3 1 3 7 8 7 5 5
-32768 -32768 -32768 -32768 -32768 -32768 -32768 -32768 -32768 -32768 -32768 -32768 -32768 -32768 -32768 -32768 -32768 -32768 -32768 -32768 -32768 -32768 -32768 -32768 -32768 -32768 -32768 -32768 -32768 44 38 39 38 40 41 40 31 22 5 -5 -10 -18 -24 -21 -9 -20 -17 -21 -25 -27 -30 -32 -26 -23 -26 -36 -31 -32 -35 -32 -16 -9 -11 -6 -16 -19 -5 -4 -4 1 4 7 7 4 5 8
-32768 -32768 -32768 -32768 -32768 -32768 -32768 -32768 -32768 -32768 -32768 -32768 -32768 -32768 -32768 -32768 -32768 -32768 -32768 -32768 -32768 -32768 -32768 -32768 -32768 -32768 -32768 -32768 46 38 32 38 36 38 38 -32768 19 20 12 5 4 -39 -30 -31 -42 -46 -34 -39 -38 -37 -35 -26 -19 -20 -23 -23 -23 -22 -33 -28 -17 -7 -5 -15 -28 -9 -2 1 3 6 8 10 7 4 9 6
-32768 -32768 -32768 -32768 -32768 -32768 -32768 -32768 -32768 -32768 -32768 -32768 -32768 -32768 -32768 -32768 -32768 -32768 -32768 -32768 -32768 -32768 -32768 -32768 -32768 -32768 -32768 49 44 38 30 30 33 27 33 30 18 11 8 5 -9 -19 -29 -34 -34 -26 -30 -30 -34 -37 -35 -29 -20 -18 -17 -17 -18 -24 -40 -39 -19 -6 -7 -20 -27 -17 -13 -4 1 5 8 8 8 8 10 4
-32768 -32768 -32768 -32768 -32768 -32768 -32768 -32768 -32768 -32768 -32768 -32768 -32768 -32768 -32768 -32768 -32768 -32768 -32768 -32768 -32768 -32768 -32768 -32768 -32768 -32768 -32768 49 44 33 31 29 29 26 28 21 15 2 3 9 -6 -22 -18 -26 -37 -41 -50 -60 -57 -50 -38 -24 -20 -18 -16 -16 -19 -32 -36 -31 -8 -6 -4 -5 -5 -9 1 0 3 5 6 10 9 11 6 3
-32768 -32768 -32768 -32768 -32768 -32768 -32768 -32768 -32768 -32768 -32768 -32768 -32768 -32768 -32768 -32768 -32768 -32768 -32768 -32768 -32768 -32768 -32768 -32768 -32768 -32768 -32768 -32768 43 38 30 24 28 28 33 20 8 3 2 -17 -12 -13 -16 -32 -42 -48 -43 -44 -42 -39 -32 -22 -20 -18 -16 -16 -20 -34 -37 -29 -13 -5 -8 -2 -2 -4 4 3 1 0 4 11 12 5 2 10
-32768 -32768 -32768 -32768 -32768 -32768 -32768 -32768 -32768 -32768 -32768 -32768 -32768 -32768 -32768 -32768 -32768 -32768 -32768 -32768 -32768 -32768 -32768 -32768 -32768 -32768 -32768 -32768 42 36 29 27 19 25 33 22 0 -12 -8 -26 -17 -28 -27 -21 -33 -37 -45 -47 -40 -33 -27 -24 -23 -19 -17 -14 -16 -25 -34 -28 -19 -7 -13 -15 -8 -5 -3 -9 -7 1 9 11 2 2 16 21
-32768 -32768 -32768 -32768 -32768 -32768 -32768 -32768 -32768 -32768 -32768 -32768 -32768 -32768 -32768 -32768 -32768 -32768 -32768 -32768 -32768 -32768 -32768 -32768 -32768 -32768 -32768 -32768 38 29 33 27 22 27 27 17 14 -10 -17 -17 -22 -32 -25 -29 -36 -24 -25 -32 -34 -34 -30 -27 -24 -22 -20 -14 -14 -25 -24 -14 -4 -3 -3 -7 -5 0 -1 -2 1 8 12 5 1 16 25 26
-32768 -32768 -32768 -32768 -32768 -32768 -32768 -32768 -32768 -32768 -32768 -32768 -32768 -32768 -32768 -32768 -32768 -32768 -32768 -32768 -32768 -32768 -32768 -32768 -32768 -32768 -32768 -32768 37 27 29 30 25 28 24 12 -4 6 -2 5 2 -9 -32 -29 -36 -46 -38 -36 -37 -35 -29 -25 -22 -19 -16 -14 -12 -18 -23 -18 -4 -3 -1 0 1 1 -2 4 6 3 2 1 16 26 -32768 -32768
-32768 -32768 -32768 -32768 -32768 -32768 -32768 -32768 -32768 -32768 -32768 -32768 -32768 -32768 -32768 -32768 -32768 -32768 -32768 -32768 -32768 -32768 -32768 -32768 -32768 -32768 41 36 32 25 24 24 20 23 20 -2 3 -5 -14 -11 -5 -23 -32 -15 -27 -30 -31 -34 -34 -31 -28 -23 -21 -18 -15 -14 -12 -11 -26 -24 -3 -1 0 1 2 -2 1 0 -8 -7 -3 10 25 -32768 -32768 -32768
-32768 -32768 -32768 -32768 -32768 -32768 -32768 -32768 -32768 -32768 -32768 -32768 -32768 -32768 -32768 -32768 -32768 -32768 -32768 -32768 -32768 -32768 -32768 -32768 -32768 -32768 42 36 26 27 29 30 21 25 16 6 -6 -3 -18 -31 -18 -25 -17 -12 -23 -38 -53 -50 -42 -32 -29 -25 -21 -18 -16 -14 -11 -8 -20 -25 -5 -2 -2 -3 -2 -5 -10 -12 -11 0 16 27 -32768 -32768 -32768 -32768
-32768 -32768 -32768 -32768 -32768 -32768 -32768 -32768 -32768 -32768 -32768 -32768 -32768 -32768 -32768 -32768 -32768 -32768 -32768 -32768 -32768 -32768 -32768 -32768 -32768 33 29 24 14 24 13 19 26 22 14 6 2 -16 -40 -32 -45 -41 -41 -44 -39 -27 -28 -34 -33 -38 -37 -30 -26 -21 -18 -16 -13 -8 -10 -2 -6 -9 -8 -13 -15 -19 -18 -14 -4 9 22 28 -32768 -32768 -32768 -32768
-32768 -32768 -32768 -32768 -32768 -32768 -32768 -32768 -32768 -32768 -32768 -32768 -32768 -32768 -32768 -32768 -32768 -32768 -32768 -32768 -32768 -32768 -32768 -32768 -32768 37 25 26 19 13 12 18 18 14 5 0 -7 -24 -31 -38 -30 -44 -45 -46 -71 -57 -53 -52 -51 -47 -41 -35 -29 -25 -20 -16 -11 -10 -4 -5 -7 -6 -13 -18 -20 -14 -6 7 9 16 24 -32768 -32768 -32768 -32768 -32768
-32768 -32768 -32768 -32768 -32768 -32768 -32768 -32768 -32768 -32768 -32768 -32768 -32768 -32768 -32768 -32768 -32768 -32768 -32768 -32768 -32768 -32768 -32768 -32768 40 33 26 20 15 20 11 19 18 11 11 -1 -16 -31 -35 -28 -54 -45 -45 -33 -39 -40 -26 -36 -41 -43 -43 -38 -31 -25 -19 -15 -13 -13 -8 -6 -7 -8 -16 -18 -6 2 9 14 14 18 24 -32768 -32768 -32768 -32768 -32768
-32768 -32768 -32768 -32768 -32768 -32768 -32768 -32768 -32768 -32768 -32768 -32768 -32768 -32768 -32768 -32768 -32768 -32768 -32768 -32768 -32768 -32768 -32768 41 35 29 26 17 19 26 20 23 20 15 -11 -9 -1 -14 -36 -15 -48 -57 -60 -54 -12 -8 -10 -12 -19 -29 -31 -31 -28 -21 -13 -8 -7 -7 -7 -6 -7 -11 -12 -9 -3 5 8 8 8 10 19 24 -32768 -32768 -32768 -32768
-32768 -32768 -32768 -32768 -32768 -32768 -32768 -32768 -32768 -32768 -32768 -32768 -32768 -32768 -32768 -32768 -32768 -32768 -32768 -32768 -32768 41 35 32 32 33 29 24 28 27 25 27 27 -3 -21 -69 -51 -35 -39 -24 -18 -28 -27 -40 -47 -32 -16 -15 -15 -23 -25 -23 -22 -15 -8 1 6 5 7 11 6 -1 -6 -6 -4 -2 -1 0 2 4 10 19 22 -32768 -32768 -32768
-32768 -32768 -32768 -32768 -32768 -32768 -32768 -32768 -32768 -32768 -32768 -32768 -32768 -32768 -32768 -32768 -32768 -32768 -32768 -32768 -32768 41 28 28 37 37 31 29 29 27 30 29 17 -12 -38 -61 -49 -36 -21 -11 -6 -32 -65 -69 -60 -52 -59 -61 -54 -50 -39 -29 -28 -19 -14 -9 4 10 19 16 8 5 1 1 2 3 3 1 3 4 5 9 13 18 22 -32768
-32768 -32768 -32768 -32768 -32768 -32768 -32768 -32768 -32768 -32768 -32768 -32768 -32768 -32768 -32768 -32768 -32768 -32768 -32768 -32768 -32768 -32768 31 22 33 -32768 -32768 34 30 29 30 26 13 -11 -46 -64 -46 -38 -32 -21 -44 -47 -68 -68 -70 -83 -81 -77 -76 -69 -55 -34 -27 -23 -28 -23 -10 -2 -2 -18 -19 -11 -1 0 0 1 2 5 3 3 5 5 6 8 12 17
-32768 -32768 -32768 -32768 -32768 -32768 -32768 -32768 -32768 -32768 -32768 -32768 -32768 -32768 -32768 -32768 -32768 -32768 -32768 -32768 -32768 -32768 -32768 -32768 -32768 -32768 -32768 -32768 -32768 22 26 18 5 -15 -62 -55 -27 -35 -30 -20 -32 -25 -33 -50 -71 -79 -88 -75 -68 -62 -47 -32 -33 -31 -39 -33 -21 -13 -12 -25 -31 -18 -10 -11 -1 3 2 4 6 7 8 9 7 7 9 13
-32768 -32768 -32768 -32768 -32768 -32768 -32768 -32768 -32768 -32768 -32768 -32768 -32768 -32768 -32768 -32768 -32768 -32768 -32768 -32768 -32768 -32768 -32768 -32768 -32768 -32768 -32768 -32768 -32768 29 17 7 0 -25 -51 -68 -24 -39 -18 -14 -15 -26 -29 -23 -23 -29 -30 -40 -44 -39 -33 -35 -30 -33 -40 -33 -23 -17 -15 -20 -21 -31 -29 -7 1 2 -2 -2 2 2 4 6 9 7 7 9
-32768 -32768 -32768 -32768 -32768 -32768 -32768 -32768 -32768 -32768 -32768 -32768 -32768 -32768 -32768 -32768 -32768 -32768 -32768 -32768 -32768 -32768 -32768 -32768 -32768 -32768 -32768 -32768 31 25 10 1 -10 -11 -27 -46 -37 -40 -14 -20 -32 -41 -42 -59 -15 -23 -32 -14 -24 -27 -35 -40 -34 -36 -41 -39 -34 -28 -23 -22 -27 -32 -29 -21 -8 -3 -8 -6 0 3 4 4 5 7 5 6
-32768 -32768 -32768 -32768 -32768 -32768 -32768 -32768 -32768 -32768 -32768 -32768 -32768 -32768 -32768 -32768 -32768 -32768 -32768 -32768 -32768 -32768 -32768 -32768 35 -32768 -32768 32 27 19 17 10 -7 -5 -4 -32 -30 -12 -19 -41 -51 -74 -75 -73 -54 -29 -28 -32 -39 -45 -40 -37 -31 -30 -34 -34 -35 -29 -27 -24 -24 -30 -21 -15 -9 -5 -2 -1 3 5 4 4 4 6 4 5
