_episodes_rmd/data/big_extent/bio6.asc
NCOLS 660 
NROWS 720 
XLLCORNER -130 
YLLCORNER -60 
CELLSIZE 0.166666666666667 
NODATA_value -32768 
[rows 340 to 373 of 720, columns 304 to 379 of 660]
-32768 -32768 -32768 -32768 -32768 -32768 -32768 -32768 -32768 -32768 222 221 218 199 147 95 164 179 171 48 73 122 159 174 212 205 166 124 149 170 183 177 191 202 205 208 211 214 217 217 218 218 218 218 218 218 217 216 215 214 214 213 213 214 216 216 213 214 214 213 213 214 214 214 214 214 214 214 214 213 212 211 209 209 208 208
-32768 -32768 -32768 -32768 -32768 -32768 223 -32768 -32768 221 221 218 216 181 164 136 171 171 132 26 50 104 122 183 211 186 124 118 161 193 194 181 178 204 205 208 211 212 214 215 217 219 218 219 218 218 218 217 217 216 214 213 213 213 215 213 213 213 213 213 213 213 213 213 213 213 213 212 212 211 210 209 208 207 207 207
-32768 -32768 -32768 -32768 -32768 -32768 221 -32768 -32768 220 219 217 214 198 125 131 148 125 85 29 44 70 137 196 204 150 94 96 154 196 197 190 175 203 205 208 210 213 215 216 218 218 220 219 219 219 219 218 217 216 216 215 212 212 214 212 212 212 212 213 213 213 213 212 212 211 211 210 209 209 207 206 205 205 205 205
-32768 -32768 -32768 -32768 -32768 -32768 222 221 219 219 217 214 197 182 117 129 127 90 45 84 80 100 157 192 167 107 124 131 152 195 198 198 189 200 205 207 209 212 215 217 219 220 220 219 218 217 217 217 217 217 216 216 213 214 212 212 212 212 212 212 212 212 211 211 210 210 209 208 207 206 206 204 204 203 203 204
-32768 -32768 -32768 -32768 226 224 222 220 218 217 212 193 163 164 113 124 115 77 35 93 130 152 180 182 131 96 134 167 170 195 198 200 194 197 205 207 209 211 215 217 219 219 218 217 216 216 216 216 215 213 213 213 213 212 212 212 211 211 212 208 209 208 209 209 209 208 207 206 205 204 204 202 201 202 202 202
-32768 -32768 -32768 -32768 226 225 223 220 217 215 198 121 137 124 128 124 104 56 38 88 142 160 174 127 100 130 172 186 192 194 197 199 194 198 206 207 210 212 213 214 217 217 218 218 217 216 216 216 216 215 213 211 213 212 212 211 211 211 209 209 208 208 208 208 208 207 206 205 204 202 202 200 199 199 199 201
-32768 -32768 -32768 229 227 225 223 220 216 212 176 103 108 136 167 132 69 29 63 109 127 169 163 83 129 154 176 190 193 195 197 199 201 202 205 207 209 209 208 213 217 217 217 217 217 217 216 216 215 215 214 214 214 213 212 212 211 208 208 208 207 206 205 207 207 206 203 204 203 201 200 199 198 197 197 199
-32768 -32768 -32768 229 227 226 223 220 214 205 180 143 120 176 151 95 38 55 94 110 145 168 125 109 159 162 188 194 191 193 196 199 201 203 203 205 207 206 207 212 214 216 216 216 215 214 215 214 209 209 213 212 212 212 211 210 208 207 207 207 206 205 205 206 206 205 201 202 202 200 199 198 196 195 196 199
-32768 -32768 -32768 230 227 225 222 218 211 194 188 154 171 179 136 67 42 96 125 147 143 146 133 143 168 202 199 197 194 194 196 197 199 201 202 204 205 206 209 211 212 213 214 215 214 213 212 211 209 213 213 213 212 211 209 208 207 207 207 206 206 206 205 206 205 205 200 200 201 201 200 198 196 194 196 199
-32768 225 226 228 226 222 220 215 204 190 174 153 178 154 98 65 81 76 106 135 139 136 178 166 194 205 202 201 198 197 198 199 200 202 203 205 206 207 208 210 211 212 212 213 212 212 210 210 208 212 212 211 210 209 208 208 208 207 206 206 206 205 205 205 205 204 204 203 202 202 201 199 198 197 199 201
-32768 224 222 221 219 215 212 207 201 170 111 171 148 113 63 70 121 107 100 115 172 187 204 188 204 205 204 202 200 200 200 201 201 202 203 204 205 207 207 209 211 211 212 211 211 211 211 209 210 210 210 210 209 209 208 207 206 205 204 205 205 205 205 205 205 205 205 204 203 203 202 202 202 202 203 205
-32768 -32768 219 217 214 206 194 184 175 155 119 131 129 112 60 104 159 146 124 139 192 204 206 206 205 204 204 203 201 201 202 202 202 203 205 206 205 206 197 207 210 211 211 211 212 211 210 210 209 207 209 209 209 209 208 207 205 204 204 205 205 205 205 206 206 206 205 204 205 204 204 204 206 206 208 208
-32768 218 217 214 208 201 183 151 130 98 102 93 78 65 72 109 165 149 170 190 203 203 204 204 205 203 203 204 202 202 203 203 204 204 204 206 206 207 205 207 208 210 210 211 211 211 210 208 209 208 208 209 208 208 207 206 204 204 205 205 205 205 205 205 205 205 206 206 207 206 207 208 209 211 212 212
214 215 215 212 200 189 166 134 96 52 65 87 58 70 93 128 178 181 201 203 203 202 203 204 204 203 203 204 202 203 204 204 204 205 205 206 207 207 208 201 208 210 210 210 210 210 210 210 209 208 206 209 207 207 205 205 205 205 205 204 205 204 204 205 205 206 206 207 207 208 209 210 212 214 215 215
209 211 209 203 182 159 131 104 38 50 59 56 58 76 126 170 194 197 201 202 203 203 203 203 204 203 202 204 204 203 204 204 204 205 206 206 206 207 208 202 207 210 210 211 211 209 209 209 209 209 207 207 207 206 205 205 205 205 204 204 204 204 204 205 205 206 207 207 209 210 211 212 214 215 217 216
205 206 206 187 148 145 133 71 26 49 55 60 99 147 180 194 196 197 198 200 202 203 204 204 205 203 203 204 205 204 204 205 204 205 206 206 205 206 203 206 208 209 211 211 210 210 209 208 208 208 206 201 206 206 206 205 204 204 205 205 204 204 204 204 205 206 207 208 209 210 212 213 215 216 217 217
197 197 180 160 129 67 75 94 57 53 53 65 140 178 188 195 197 197 198 200 201 203 203 203 205 204 203 204 205 205 205 204 205 206 206 206 201 202 204 205 208 210 211 210 211 210 210 208 208 207 207 201 206 205 206 205 205 204 205 205 204 204 204 204 205 206 207 208 209 211 213 214 215 216 217 217
199 191 142 102 84 51 64 101 82 55 93 116 178 190 193 195 196 198 199 201 201 202 203 204 204 205 205 205 204 204 205 205 205 205 206 206 204 204 206 203 210 210 211 210 211 210 210 210 208 208 207 205 206 205 205 205 205 205 204 204 204 204 205 205 205 206 207 208 209 210 212 214 215 216 216 217
198 188 165 139 118 58 61 47 46 85 138 169 184 191 194 194 196 197 199 201 201 202 202 203 204 204 205 205 205 205 206 206 205 206 206 207 207 205 206 205 210 212 211 210 210 210 210 210 209 209 207 203 206 206 206 206 206 206 206 205 204 203 204 204 206 206 207 209 209 211 212 214 215 215 215 216
193 180 159 122 98 82 50 37 31 84 141 173 182 190 193 193 195 196 198 200 202 203 203 203 204 204 204 205 204 205 205 205 205 206 207 207 208 207 207 208 211 211 212 211 210 209 209 209 209 209 205 204 207 207 206 206 206 206 205 204 204 204 205 205 206 206 207 208 210 211 212 213 214 214 215 216
186 178 149 103 52 76 55 26 30 92 121 162 184 189 192 194 195 196 199 200 201 201 203 203 204 205 205 205 205 206 206 206 206 206 207 207 207 207 208 209 210 209 212 211 210 209 209 208 209 208 208 206 207 208 207 206 204 204 203 203 203 204 204 204 206 206 207 208 208 210 211 213 214 215 216 215
181 170 140 80 43 71 26 19 57 110 115 151 187 191 192 194 195 197 198 199 201 201 202 203 203 204 206 206 205 204 206 207 207 207 207 208 209 207 208 208 206 209 212 211 210 209 209 208 209 209 209 207 207 207 207 206 205 204 200 204 204 204 204 205 205 206 207 208 209 210 211 212 213 214 214 214
178 129 118 80 46 50 6 32 73 90 106 163 189 192 193 194 195 196 198 198 200 201 202 203 203 203 205 205 205 205 205 206 207 208 208 208 208 208 209 207 205 207 211 211 210 209 209 208 209 208 208 208 208 208 208 207 205 205 205 203 204 204 204 204 205 206 207 207 209 209 211 211 212 213 212 213
176 123 75 39 29 8 3 16 74 100 115 165 188 192 192 192 194 196 197 199 200 201 202 202 203 203 204 205 204 205 206 206 206 206 207 208 209 210 210 208 205 210 212 211 210 209 210 208 209 208 208 208 208 208 208 207 206 205 206 203 204 204 204 204 205 206 206 207 208 209 210 211 212 212 212 213
183 136 52 28 45 2 17 61 103 148 151 181 188 190 192 192 193 195 196 198 199 200 201 201 201 201 203 204 205 205 206 206 207 206 206 206 207 208 208 208 208 209 211 212 211 209 209 208 209 209 208 208 208 208 208 207 207 206 206 203 204 204 204 204 205 206 206 207 208 208 209 210 211 212 212 211
186 126 26 28 53 10 34 93 138 168 163 187 188 189 190 193 193 193 196 198 199 200 199 199 199 200 201 203 204 205 206 206 207 208 207 206 207 209 209 208 209 209 209 210 210 211 210 209 209 208 209 209 209 208 209 208 208 206 206 205 204 204 204 204 205 205 206 207 207 208 209 209 210 210 210 210
176 115 22 17 61 22 44 115 165 179 184 185 188 190 193 194 196 193 194 196 198 199 198 197 198 200 201 202 203 205 205 206 207 207 208 207 207 208 209 209 209 210 209 209 209 209 210 210 210 209 208 208 208 208 208 207 207 207 206 206 204 204 204 205 205 205 205 206 207 208 208 208 209 209 209 209
173 99 23 30 73 38 57 112 164 170 181 185 189 192 191 194 196 196 197 198 198 198 198 197 198 200 202 202 203 204 206 206 207 207 208 208 208 208 209 209 209 210 210 210 209 209 209 209 209 209 209 208 208 207 207 208 208 207 207 207 204 204 204 205 205 205 206 206 206 207 207 207 208 208 208 208
161 70 1 3 52 71 109 138 157 163 177 185 189 192 194 195 196 196 196 197 198 198 198 198 199 200 201 203 203 204 205 206 207 207 208 208 207 208 209 209 209 209 209 210 209 209 210 210 210 210 209 209 209 209 208 208 207 206 206 207 205 204 204 205 205 205 205 206 206 206 207 207 207 207 207 207
156 78 28 37 56 33 96 153 161 176 179 183 187 190 193 195 196 197 197 198 198 199 199 199 200 201 202 203 204 204 205 206 206 207 208 208 208 208 208 209 209 209 208 209 210 209 209 210 209 209 208 208 208 208 208 208 206 204 205 207 206 204 205 205 205 205 205 206 206 206 206 206 206 206 207 206
166 75 26 35 46 23 95 150 163 174 183 186 188 191 193 195 197 197 197 198 198 198 197 197 198 201 202 203 204 204 205 206 207 206 207 208 209 208 208 209 210 209 208 208 209 209 209 209 208 207 207 208 207 206 205 205 205 204 204 204 206 206 205 206 206 206 206 205 205 206 206 206 206 205 206 206
172 91 49 30 32 26 96 146 164 174 183 187 190 191 193 196 197 198 199 199 198 199 199 199 199 201 202 202 204 205 205 206 207 207 207 208 208 208 207 208 208 209 209 208 208 209 209 208 207 207 207 207 206 206 205 205 204 205 203 203 204 204 204 204 204 205 204 205 205 205 205 205 205 205 205 205
186 121 71 33 18 34 103 146 158 170 183 189 191 193 194 195 197 199 199 200 199 199 200 200 200 201 203 203 204 205 206 206 207 207 207 207 208 208 208 207 207 208 209 209 208 208 208 208 207 207 207 207 206 206 205 206 205 205 205 204 204 204 204 204 205 204 204 204 204 204 204 204 204 205 204 204
190 148 76 29 13 59 116 155 147 168 184 192 194 196 196 196 197 198 200 200 200 200 199 200 200 200 202 203 204 205 206 207 207 207 207 207 207 208 207 208 207 207 207 208 209 208 209 208 208 208 208 207 206 205 205 205 204 204 204 205 204 204 204 204 203 204 203 203 204 204 203 203 204 204 204 204
