_episodes_rmd/data/big_extent/bio6.asc
NCOLS 660 
NROWS 720 
XLLCORNER -130 
YLLCORNER -60 
CELLSIZE 0.166666666666667 
NODATA_value -32768 
[rows 68 to 101 of 720, columns 228 to 303 of 660]
-240 -241 -241 -238 -236 -235 -233 -232 -231 -231 -231 -232 -231 -232 -231 -232 -231 -229 -224 -220 -216 -213 -210 -207 -204 -202 -200 -199 -198 -198 -199 -199 -199 -200 -206 -215 -221 -227 -234 -239 -243 -243 -242 -240 -240 -241 -240 -242 -243 -242 -241 -241 -242 -243 -242 -242 -243 -242 -241 -242 -243 -243 -243 -243 -245 -248 -250 -252 -252 -251 -250 -248 -244 -242 -239 -237
-235 -234 -233 -232 -229 -228 -226 -225 -223 -222 -222 -223 -225 -224 -221 -218 -215 -212 -211 -210 -207 -204 -202 -200 -197 -195 -194 -193 -192 -192 -192 -192 -193 -195 -198 -209 -217 -224 -229 -235 -235 -235 -236 -236 -234 -236 -236 -236 -238 -237 -238 -239 -240 -240 -240 -242 -241 -241 -243 -241 -241 -242 -243 -243 -245 -246 -247 -249 -249 -249 -246 -245 -243 -240 -237 -236
-230 -228 -227 -225 -223 -221 -219 -216 -213 -213 -213 -215 -215 -214 -214 -210 -207 -204 -202 -200 -198 -196 -194 -192 -190 -189 -188 -187 -186 -186 -186 -186 -187 -189 -191 -202 -212 -216 -220 -224 -226 -227 -228 -226 -228 -230 -230 -231 -233 -235 -235 -238 -238 -237 -238 -238 -239 -239 -240 -240 -241 -242 -242 -244 -244 -245 -245 -247 -247 -246 -244 -242 -240 -237 -235 -233
-225 -221 -218 -216 -215 -213 -211 -208 -206 -203 -204 -205 -205 -206 -204 -199 -197 -195 -194 -193 -190 -188 -186 -185 -184 -183 -182 -181 -180 -180 -180 -180 -181 -183 -185 -188 -197 -203 -209 -214 -214 -217 -217 -216 -219 -222 -225 -227 -230 -232 -233 -235 -235 -234 -235 -236 -237 -236 -237 -239 -239 -240 -241 -242 -243 -244 -243 -243 -244 -242 -240 -238 -236 -233 -231 -230
-217 -213 -210 -209 -207 -205 -204 -200 -197 -194 -194 -196 -196 -194 -191 -190 -189 -190 -187 -184 -182 -180 -179 -178 -177 -176 -176 -175 -175 -175 -175 -175 -176 -177 -178 -180 -183 -188 -192 -196 -196 -198 -200 -206 -211 -216 -220 -223 -225 -228 -231 -231 -231 -231 -232 -233 -233 -234 -235 -236 -238 -238 -238 -239 -240 -240 -241 -241 -239 -237 -235 -233 -229 -228 -226 -227
-208 -204 -203 -201 -200 -198 -195 -191 -185 -181 -181 -182 -183 -184 -184 -183 -182 -180 -178 -176 -174 -172 -171 -171 -171 -171 -170 -170 -170 -170 -169 -169 -170 -170 -172 -173 -176 -179 -180 -182 -184 -186 -194 -201 -204 -211 -214 -216 -220 -223 -225 -226 -227 -227 -227 -228 -229 -229 -231 -232 -234 -235 -235 -236 -237 -237 -236 -235 -234 -232 -230 -228 -225 -221 -219 -221
-201 -198 -197 -197 -195 -191 -184 -178 -175 -174 -175 -176 -177 -178 -178 -178 -176 -174 -171 -168 -166 -165 -165 -165 -166 -166 -166 -166 -165 -165 -164 -164 -164 -164 -165 -166 -167 -169 -171 -173 -175 -177 -186 -193 -196 -204 -208 -211 -213 -216 -219 -221 -222 -222 -223 -224 -225 -225 -226 -228 -229 -231 -232 -233 -234 -233 -232 -231 -231 -230 -226 -222 -220 -215 -212 -213
-197 -193 -192 -190 -185 -178 -174 -172 -171 -171 -171 -172 -173 -174 -174 -173 -171 -168 -165 -162 -159 -158 -162 -163 -163 -162 -162 -162 -161 -160 -160 -159 -158 -158 -158 -159 -159 -160 -162 -164 -166 -168 -171 -177 -190 -197 -201 -203 -206 -210 -214 -216 -216 -216 -218 -221 -220 -221 -222 -223 -225 -227 -230 -231 -230 -228 -227 -229 -227 -225 -220 -217 -215 -213 -208 -208
-190 -187 -183 -179 -174 -173 -171 -169 -168 -168 -169 -170 -171 -171 -171 -170 -167 -164 -161 -157 -154 -155 -156 -156 -158 -159 -159 -158 -158 -157 -156 -154 -153 -152 -152 -151 -152 -152 -154 -155 -157 -159 -162 -166 -178 -189 -194 -196 -201 -206 -208 -210 -211 -211 -212 -214 -215 -215 -216 -218 -220 -223 -225 -226 -225 -224 -222 -221 -220 -218 -212 -212 -211 -209 -208 -203
-184 -177 -172 -172 -172 -171 -169 -167 -166 -167 -167 -168 -169 -170 -169 -168 -165 -162 -159 -159 -153 -151 -152 -154 -156 -157 -157 -156 -155 -153 -151 -150 -148 -147 -146 -145 -144 -145 -146 -147 -148 -150 -153 -160 -175 -179 -185 -191 -195 -200 -202 -203 -203 -204 -204 -206 -208 -210 -211 -212 -214 -217 -219 -219 -219 -217 -214 -212 -210 -208 -206 -205 -204 -202 -202 -199
-175 -170 -171 -174 -174 -173 -171 -167 -165 -165 -166 -168 -169 -169 -169 -167 -165 -164 -164 -161 -154 -152 -154 -156 -157 -156 -156 -155 -153 -151 -148 -145 -143 -142 -140 -138 -138 -139 -140 -141 -142 -144 -147 -151 -158 -166 -179 -186 -188 -193 -195 -195 -196 -196 -197 -199 -201 -204 -206 -207 -208 -209 -211 -211 -211 -209 -206 -204 -202 -200 -201 -198 -197 -197 -196 -195
-175 -176 -178 -181 -182 -182 -176 -169 -166 -166 -167 -168 -171 -178 -174 -172 -169 -167 -166 -160 -158 -159 -166 -169 -168 -164 -157 -154 -152 -148 -145 -142 -139 -137 -136 -134 -134 -136 -136 -138 -139 -140 -143 -148 -153 -161 -171 -178 -182 -185 -187 -188 -189 -190 -191 -191 -195 -196 -198 -200 -201 -202 -203 -203 -202 -199 -196 -194 -193 -192 -192 -192 -190 -190 -189 -189
-188 -190 -190 -190 -189 -185 -179 -175 -172 -169 -171 -175 -179 -181 -181 -177 -172 -169 -168 -167 -167 -171 -174 -175 -174 -169 -163 -156 -151 -146 -142 -138 -136 -136 -137 -138 -138 -137 -136 -137 -138 -138 -140 -145 -151 -159 -164 -168 -172 -176 -179 -179 -181 -179 -180 -182 -184 -187 -189 -190 -191 -193 -194 -192 -188 -186 -186 -186 -185 -184 -184 -183 -184 -184 -185 -186
-201 -202 -199 -197 -193 -190 -187 -184 -182 -180 -179 -181 -183 -184 -183 -180 -176 -174 -172 -172 -174 -176 -178 -178 -174 -170 -164 -158 -151 -148 -142 -138 -137 -137 -138 -138 -138 -137 -135 -134 -135 -138 -141 -145 -148 -152 -157 -160 -163 -164 -167 -169 -167 -166 -167 -171 -174 -176 -178 -180 -181 -182 -182 -181 -179 -177 -176 -176 -177 -176 -176 -176 -176 -176 -178 -181
-204 -207 -202 -200 -199 -197 -196 -193 -189 -186 -184 -185 -186 -186 -186 -184 -181 -178 -176 -175 -177 -179 -181 -179 -175 -169 -163 -157 -152 -147 -141 -138 -136 -135 -136 -138 -138 -135 -133 -132 -133 -136 -139 -141 -144 -149 -153 -155 -157 -155 -155 -156 -154 -152 -153 -158 -161 -164 -166 -167 -169 -170 -171 -171 -170 -170 -168 -168 -169 -169 -169 -169 -169 -169 -169 -171
-199 -202 -200 -199 -200 -199 -197 -193 -187 -184 -184 -186 -187 -187 -186 -186 -183 -181 -179 -178 -180 -182 -183 -180 -174 -168 -162 -156 -150 -144 -138 -136 -135 -134 -135 -135 -134 -132 -129 -128 -129 -132 -135 -138 -141 -145 -148 -150 -150 -149 -148 -147 -145 -144 -144 -148 -151 -154 -156 -157 -159 -159 -160 -162 -161 -160 -160 -160 -162 -163 -164 -165 -166 -167 -169 -171
-193 -194 -195 -195 -198 -200 -197 -192 -186 -183 -185 -187 -188 -187 -187 -186 -184 -183 -181 -180 -181 -182 -182 -179 -173 -167 -161 -154 -147 -141 -135 -132 -130 -131 -131 -130 -129 -127 -125 -124 -125 -127 -130 -134 -137 -139 -142 -144 -145 -144 -143 -143 -140 -140 -141 -143 -146 -150 -150 -150 -150 -149 -149 -149 -150 -151 -152 -153 -155 -157 -159 -161 -163 -166 -170 -172
-188 -190 -191 -192 -194 -195 -194 -191 -188 -187 -189 -190 -188 -187 -187 -185 -183 -183 -181 -180 -180 -180 -179 -175 -170 -165 -159 -152 -144 -137 -132 -128 -126 -126 -126 -126 -124 -123 -121 -121 -122 -124 -128 -132 -134 -136 -138 -139 -140 -139 -138 -137 -136 -135 -136 -137 -139 -142 -142 -143 -142 -141 -140 -140 -141 -142 -144 -146 -148 -152 -155 -157 -160 -163 -166 -169
-185 -187 -187 -189 -187 -188 -189 -189 -190 -191 -193 -191 -188 -186 -185 -183 -182 -181 -180 -179 -178 -177 -175 -171 -167 -162 -156 -148 -141 -134 -129 -125 -122 -121 -121 -121 -120 -119 -119 -119 -120 -125 -129 -132 -134 -135 -136 -136 -136 -135 -134 -133 -132 -131 -132 -132 -133 -133 -133 -132 -131 -131 -130 -131 -133 -135 -137 -139 -142 -145 -149 -153 -156 -159 -162 -164
-183 -184 -183 -182 -180 -180 -183 -186 -187 -190 -192 -190 -187 -185 -184 -183 -182 -180 -179 -178 -177 -175 -171 -167 -162 -158 -153 -144 -137 -131 -126 -121 -118 -117 -116 -116 -116 -116 -117 -118 -119 -122 -127 -130 -133 -135 -135 -136 -136 -133 -131 -129 -128 -128 -127 -127 -127 -127 -126 -125 -124 -122 -122 -123 -125 -128 -130 -133 -136 -139 -143 -147 -151 -155 -158 -161
-182 -180 -178 -176 -174 -173 -179 -183 -185 -185 -185 -184 -183 -182 -181 -180 -181 -181 -180 -176 -174 -171 -167 -163 -157 -153 -147 -140 -133 -128 -122 -118 -114 -112 -112 -112 -112 -113 -115 -117 -121 -123 -127 -134 -136 -138 -138 -137 -135 -133 -130 -126 -125 -124 -123 -123 -123 -122 -121 -120 -118 -116 -116 -118 -119 -121 -124 -127 -130 -133 -137 -141 -145 -148 -152 -156
-176 -175 -173 -171 -171 -173 -177 -181 -183 -180 -179 -179 -178 -177 -176 -177 -178 -178 -176 -173 -171 -168 -164 -158 -152 -147 -141 -135 -130 -124 -118 -114 -110 -108 -107 -108 -109 -111 -114 -117 -122 -126 -132 -137 -138 -141 -140 -138 -134 -131 -127 -123 -121 -121 -120 -119 -118 -118 -116 -115 -114 -112 -112 -114 -115 -116 -118 -121 -124 -127 -130 -133 -137 -141 -145 -150
-169 -170 -170 -170 -172 -174 -177 -179 -181 -179 -176 -174 -172 -170 -168 -170 -172 -172 -171 -168 -166 -163 -159 -152 -146 -141 -135 -131 -126 -119 -114 -110 -106 -103 -103 -104 -107 -110 -112 -116 -122 -130 -136 -139 -141 -143 -143 -139 -135 -131 -127 -121 -119 -117 -116 -116 -115 -114 -113 -111 -110 -109 -109 -109 -112 -113 -114 -115 -119 -122 -125 -127 -129 -132 -137 -142
-165 -167 -169 -171 -174 -176 -178 -177 -177 -175 -172 -169 -167 -164 -163 -165 -166 -166 -165 -163 -160 -158 -153 -147 -141 -136 -132 -127 -120 -115 -110 -106 -102 -99 -99 -102 -108 -112 -113 -120 -126 -133 -137 -140 -141 -141 -143 -141 -137 -132 -126 -122 -116 -114 -113 -113 -112 -111 -109 -108 -107 -106 -106 -106 -107 -110 -111 -112 -114 -117 -119 -122 -125 -126 -128 -134
-166 -167 -170 -173 -176 -179 -179 -175 -172 -171 -169 -166 -164 -162 -160 -161 -161 -160 -159 -157 -154 -152 -148 -142 -137 -134 -129 -122 -117 -112 -107 -102 -98 -96 -97 -102 -108 -114 -120 -125 -130 -133 -137 -139 -140 -141 -141 -141 -138 -132 -125 -119 -115 -113 -111 -110 -109 -108 -107 -106 -104 -103 -103 -103 -105 -107 -109 -114 -115 -114 -115 -117 -120 -124 -128 -128
-165 -167 -170 -173 -177 -178 -176 -173 -170 -168 -166 -164 -162 -160 -159 -159 -158 -155 -153 -151 -149 -146 -142 -138 -136 -132 -125 -118 -113 -108 -104 -99 -96 -94 -97 -103 -109 -116 -123 -129 -133 -135 -135 -135 -136 -138 -140 -139 -136 -130 -123 -116 -113 -111 -110 -109 -107 -106 -104 -103 -102 -101 -101 -102 -104 -106 -109 -115 -119 -123 -122 -116 -116 -120 -122 -122
-164 -166 -169 -171 -173 -173 -172 -170 -169 -168 -165 -162 -161 -160 -159 -158 -155 -152 -149 -147 -145 -142 -139 -137 -134 -128 -122 -116 -110 -106 -101 -97 -94 -92 -96 -102 -109 -119 -127 -131 -132 -132 -132 -131 -133 -134 -134 -133 -131 -125 -119 -114 -112 -110 -109 -108 -106 -104 -102 -101 -100 -99 -101 -103 -103 -105 -108 -114 -120 -125 -127 -119 -114 -118 -118 -118
-166 -164 -164 -162 -163 -165 -167 -168 -168 -166 -164 -161 -160 -159 -158 -156 -153 -149 -146 -143 -141 -138 -139 -135 -131 -124 -118 -113 -108 -103 -99 -95 -92 -92 -97 -103 -112 -118 -124 -128 -129 -127 -128 -128 -127 -126 -126 -126 -125 -120 -116 -112 -111 -109 -108 -107 -105 -103 -101 -99 -98 -98 -101 -103 -104 -105 -108 -116 -121 -123 -124 -121 -113 -113 -114 -116
-167 -165 -163 -157 -153 -157 -161 -163 -164 -165 -164 -161 -159 -158 -157 -153 -150 -146 -144 -142 -139 -136 -136 -133 -128 -120 -114 -109 -105 -101 -97 -93 -91 -92 -98 -105 -113 -117 -121 -123 -123 -122 -123 -121 -119 -119 -119 -119 -118 -115 -113 -111 -110 -109 -109 -107 -104 -102 -100 -97 -96 -96 -100 -103 -104 -108 -111 -116 -120 -121 -121 -119 -115 -111 -111 -109
-167 -164 -160 -156 -149 -152 -154 -156 -160 -164 -164 -161 -157 -156 -153 -150 -147 -144 -143 -141 -138 -136 -135 -132 -124 -116 -110 -106 -102 -98 -95 -92 -91 -94 -99 -105 -110 -114 -117 -117 -119 -118 -116 -114 -113 -111 -110 -110 -110 -109 -109 -108 -109 -109 -109 -108 -104 -101 -98 -96 -95 -94 -99 -102 -105 -107 -111 -115 -117 -117 -116 -115 -109 -105 -101 -97
-166 -162 -160 -155 -146 -148 -151 -152 -157 -161 -161 -156 -154 -153 -150 -146 -143 -142 -140 -140 -139 -138 -134 -129 -122 -113 -108 -104 -100 -96 -93 -91 -90 -94 -98 -102 -106 -109 -111 -113 -114 -114 -111 -109 -107 -106 -104 -103 -103 -104 -105 -107 -107 -108 -108 -107 -102 -99 -97 -95 -93 -93 -98 -101 -104 -107 -110 -112 -111 -111 -110 -109 -103 -98 -92 -87
-160 -156 -151 -148 -143 -144 -147 -149 -153 -155 -156 -153 -151 -150 -147 -143 -141 -138 -137 -138 -139 -139 -134 -127 -119 -111 -106 -102 -98 -94 -91 -89 -88 -88 -91 -96 -99 -103 -106 -109 -110 -111 -109 -106 -105 -104 -102 -100 -99 -101 -103 -105 -106 -106 -105 -104 -101 -97 -95 -93 -92 -92 -96 -100 -104 -106 -108 -109 -109 -107 -105 -103 -98 -90 -86 -84
-155 -150 -147 -145 -142 -140 -142 -145 -147 -150 -151 -150 -146 -144 -143 -139 -138 -136 -135 -136 -137 -137 -133 -125 -116 -109 -104 -100 -96 -92 -89 -86 -85 -84 -85 -89 -94 -99 -102 -105 -107 -108 -107 -106 -105 -104 -103 -101 -99 -100 -102 -104 -103 -103 -102 -101 -98 -95 -93 -91 -90 -92 -95 -99 -103 -105 -106 -105 -104 -102 -99 -96 -91 -86 -84 -82
-153 -149 -147 -144 -141 -139 -139 -140 -143 -146 -147 -147 -145 -142 -140 -136 -136 -135 -135 -134 -135 -133 -128 -120 -112 -107 -102 -98 -94 -91 -88 -85 -82 -81 -80 -84 -90 -95 -98 -102 -105 -107 -107 -105 -105 -104 -103 -101 -100 -99 -100 -101 -101 -100 -98 -97 -95 -92 -91 -90 -91 -92 -95 -99 -101 -103 -103 -103 -100 -98 -95 -93 -91 -89 -88 -86
