_episodes_rmd/data/big_extent/bio6.asc
NCOLS 660 
NROWS 720 
XLLCORNER -130 
YLLCORNER -60 
CELLSIZE 0.166666666666667 
NODATA_value -32768 
[rows 204 to 237 of 720, columns 152 to 227 of 660]
17 23 28 32 37 39 43 44 44 46 48 50 51 52 53 51 49 44 35 46 53 56 58 59 60 67 82 81 75 78 81 77 78 80 81 82 84 85 89 91 94 99 103 106 105 105 -32768 -32768 -32768 -32768 -32768 -32768 -32768 -32768 -32768 -32768 -32768 -32768 -32768 -32768 -32768 -32768 -32768 -32768 -32768 -32768 -32768 -32768 -32768 -32768 -32768 -32768 -32768 -32768 -32768 -32768
14 23 30 31 33 36 44 45 45 46 50 53 56 57 57 56 55 53 49 51 51 53 52 54 60 70 81 80 79 76 77 75 76 77 79 78 82 84 88 91 94 98 104 106 107 107 -32768 -32768 -32768 -32768 -32768 -32768 -32768 -32768 -32768 -32768 -32768 -32768 -32768 -32768 -32768 -32768 -32768 -32768 -32768 -32768 -32768 -32768 -32768 -32768 -32768 -32768 -32768 -32768 -32768 -32768
18 25 34 28 26 42 44 47 46 46 51 53 58 57 57 57 56 55 53 54 48 48 49 43 33 54 66 75 75 75 74 74 74 75 78 78 80 82 86 89 92 96 101 105 107 -32768 -32768 -32768 -32768 -32768 -32768 -32768 -32768 -32768 -32768 -32768 -32768 -32768 -32768 -32768 -32768 -32768 -32768 -32768 -32768 -32768 -32768 -32768 -32768 -32768 -32768 -32768 -32768 -32768 -32768 -32768
24 29 39 38 35 41 44 47 48 49 54 62 61 48 46 50 49 52 52 51 46 45 44 30 15 26 52 72 72 72 72 72 73 75 77 78 79 80 84 87 90 94 99 104 105 -32768 -32768 -32768 -32768 -32768 -32768 -32768 -32768 -32768 -32768 -32768 -32768 -32768 -32768 -32768 -32768 -32768 -32768 -32768 -32768 -32768 -32768 -32768 -32768 -32768 -32768 -32768 -32768 -32768 -32768 -32768
32 29 37 40 43 45 47 46 44 47 51 60 66 67 65 54 45 40 35 33 39 37 22 34 24 12 36 64 71 70 71 72 73 74 75 76 78 78 83 87 90 93 99 102 -32768 -32768 -32768 -32768 -32768 -32768 -32768 -32768 -32768 -32768 -32768 -32768 -32768 -32768 -32768 -32768 -32768 -32768 -32768 -32768 -32768 -32768 -32768 -32768 -32768 -32768 -32768 -32768 -32768 -32768 -32768 -32768
33 37 38 36 42 45 46 50 46 53 58 60 67 64 66 59 57 50 36 33 32 33 33 39 37 21 31 60 71 71 72 72 73 74 74 75 77 80 82 87 91 94 101 101 -32768 -32768 -32768 -32768 -32768 -32768 -32768 -32768 -32768 -32768 -32768 -32768 -32768 -32768 -32768 -32768 -32768 -32768 -32768 -32768 -32768 -32768 -32768 -32768 -32768 -32768 -32768 -32768 -32768 -32768 -32768 -32768
33 39 37 41 41 47 50 54 58 57 67 70 70 66 58 57 54 47 46 43 40 40 34 39 39 37 20 54 63 74 75 75 74 72 71 71 73 77 83 88 93 96 100 -32768 -32768 -32768 -32768 -32768 -32768 -32768 -32768 -32768 -32768 -32768 -32768 -32768 -32768 -32768 -32768 -32768 -32768 -32768 -32768 -32768 -32768 -32768 -32768 -32768 -32768 -32768 -32768 -32768 -32768 -32768 -32768 -32768
35 38 25 36 36 38 38 47 61 67 75 80 81 71 53 47 54 44 36 45 41 40 43 34 38 37 39 49 54 68 75 75 74 69 68 68 71 75 84 90 95 98 102 -32768 -32768 -32768 -32768 -32768 -32768 -32768 -32768 -32768 -32768 -32768 -32768 -32768 -32768 -32768 -32768 -32768 -32768 -32768 -32768 -32768 -32768 -32768 -32768 -32768 -32768 -32768 -32768 -32768 -32768 -32768 -32768 -32768
28 29 13 26 34 28 34 47 52 61 69 83 79 72 53 43 47 45 31 31 43 26 39 39 36 40 42 34 45 63 74 75 75 67 70 69 74 81 86 91 97 100 103 -32768 -32768 -32768 -32768 -32768 -32768 -32768 -32768 -32768 -32768 -32768 -32768 -32768 -32768 -32768 -32768 -32768 -32768 -32768 -32768 -32768 -32768 -32768 -32768 -32768 -32768 -32768 -32768 -32768 -32768 -32768 -32768 -32768
39 30 26 31 24 21 29 40 40 47 64 69 60 58 53 44 39 39 38 37 39 33 36 42 42 41 42 35 30 51 69 77 80 79 79 78 82 87 89 95 100 104 -32768 -32768 -32768 -32768 -32768 -32768 -32768 -32768 -32768 -32768 -32768 -32768 -32768 -32768 -32768 -32768 -32768 -32768 -32768 -32768 -32768 -32768 -32768 -32768 -32768 -32768 -32768 -32768 -32768 -32768 -32768 -32768 -32768 -32768
43 39 31 23 12 13 20 28 30 40 58 54 52 48 45 45 41 39 34 39 35 30 36 39 39 42 45 45 35 51 70 81 83 86 87 87 91 95 96 99 103 106 -32768 -32768 -32768 -32768 -32768 -32768 -32768 -32768 -32768 -32768 -32768 -32768 -32768 -32768 -32768 -32768 -32768 -32768 -32768 -32768 -32768 -32768 -32768 -32768 -32768 -32768 -32768 -32768 -32768 -32768 -32768 -32768 -32768 -32768
44 42 36 26 11 1 8 19 25 35 48 29 33 40 41 40 39 37 34 35 34 33 36 31 32 42 44 48 44 48 58 75 88 91 94 96 98 104 103 101 106 109 -32768 -32768 -32768 -32768 -32768 -32768 -32768 -32768 -32768 -32768 -32768 -32768 -32768 -32768 -32768 -32768 -32768 -32768 -32768 -32768 -32768 -32768 -32768 -32768 -32768 -32768 -32768 -32768 -32768 -32768 -32768 -32768 -32768 -32768
42 36 44 35 14 4 2 14 27 36 39 25 19 29 33 33 32 33 29 28 34 34 33 31 35 43 39 49 31 25 35 52 91 98 101 103 100 105 106 103 108 112 -32768 -32768 -32768 -32768 -32768 -32768 -32768 -32768 -32768 -32768 -32768 -32768 -32768 -32768 -32768 -32768 -32768 -32768 -32768 -32768 -32768 -32768 -32768 -32768 -32768 -32768 -32768 -32768 -32768 -32768 -32768 -32768 -32768 -32768
14 40 45 32 22 5 7 12 24 30 25 20 20 24 25 27 27 29 28 29 33 36 29 32 45 45 43 50 37 21 40 57 76 104 107 109 102 104 108 109 111 115 -32768 -32768 -32768 -32768 -32768 -32768 -32768 -32768 -32768 -32768 -32768 -32768 -32768 -32768 -32768 -32768 -32768 -32768 -32768 -32768 -32768 -32768 -32768 -32768 -32768 -32768 -32768 -32768 -32768 -32768 -32768 -32768 -32768 -32768
5 61 31 22 25 15 15 15 22 22 17 14 16 19 22 28 30 32 32 30 33 39 28 37 55 50 54 45 52 31 43 73 70 95 114 115 106 101 109 113 113 118 -32768 -32768 -32768 -32768 -32768 -32768 -32768 -32768 -32768 -32768 -32768 -32768 -32768 -32768 -32768 -32768 -32768 -32768 -32768 -32768 -32768 -32768 -32768 -32768 -32768 -32768 -32768 -32768 -32768 -32768 -32768 -32768 -32768 -32768
26 52 14 13 18 13 11 10 13 14 17 15 17 20 24 29 34 36 37 32 32 38 38 49 56 47 56 51 47 46 51 76 76 100 116 117 100 97 106 115 116 122 -32768 -32768 -32768 -32768 -32768 -32768 -32768 -32768 -32768 -32768 -32768 -32768 -32768 -32768 -32768 -32768 -32768 -32768 -32768 -32768 -32768 -32768 -32768 -32768 -32768 -32768 -32768 -32768 -32768 -32768 -32768 -32768 -32768 -32768
56 47 19 23 12 21 10 9 12 15 15 20 23 24 28 31 35 38 38 35 36 36 42 49 64 56 60 58 49 56 51 59 64 110 123 122 105 88 99 116 121 125 -32768 -32768 -32768 -32768 -32768 -32768 -32768 -32768 -32768 -32768 -32768 -32768 -32768 -32768 -32768 -32768 -32768 -32768 -32768 -32768 -32768 -32768 -32768 -32768 -32768 -32768 -32768 -32768 -32768 -32768 -32768 -32768 -32768 -32768
48 39 9 47 26 12 6 10 10 10 13 21 26 28 30 32 33 35 39 40 38 44 42 45 63 62 62 64 53 66 53 72 61 123 128 128 116 107 107 118 123 129 -32768 -32768 -32768 -32768 -32768 -32768 -32768 -32768 -32768 -32768 -32768 -32768 -32768 -32768 -32768 -32768 -32768 -32768 -32768 -32768 -32768 -32768 -32768 -32768 -32768 -32768 -32768 -32768 -32768 -32768 -32768 -32768 -32768 -32768
33 38 25 57 29 11 10 16 9 10 14 21 26 30 31 33 33 36 40 42 43 48 51 50 63 64 66 74 67 73 67 99 102 128 133 134 132 126 124 123 128 133 -32768 -32768 -32768 -32768 -32768 -32768 -32768 -32768 -32768 -32768 -32768 -32768 -32768 -32768 -32768 -32768 -32768 -32768 -32768 -32768 -32768 -32768 -32768 -32768 -32768 -32768 -32768 -32768 -32768 -32768 -32768 -32768 -32768 -32768
58 57 28 73 41 19 27 18 10 13 20 22 26 29 32 33 34 37 41 44 47 52 57 53 57 54 65 78 80 79 71 103 112 124 133 137 136 133 131 131 134 135 -32768 -32768 -32768 -32768 -32768 -32768 -32768 -32768 -32768 -32768 -32768 -32768 -32768 -32768 -32768 -32768 -32768 -32768 -32768 -32768 -32768 -32768 -32768 -32768 -32768 -32768 -32768 -32768 -32768 -32768 -32768 -32768 -32768 -32768
83 67 27 72 51 34 29 20 12 23 23 24 25 26 28 31 34 37 40 44 44 52 58 57 64 61 72 79 82 77 69 96 108 115 126 134 137 135 135 135 137 -32768 -32768 -32768 -32768 -32768 -32768 -32768 -32768 -32768 -32768 -32768 -32768 -32768 -32768 -32768 -32768 -32768 -32768 -32768 -32768 -32768 -32768 -32768 -32768 -32768 -32768 -32768 -32768 -32768 -32768 -32768 -32768 -32768 -32768 -32768
84 82 37 63 41 47 26 24 24 28 29 26 22 24 25 28 31 34 35 40 47 54 54 54 61 66 81 83 82 80 70 84 109 110 117 132 136 138 138 139 140 142 -32768 -32768 -32768 -32768 -32768 -32768 -32768 -32768 -32768 -32768 -32768 -32768 -32768 -32768 -32768 -32768 -32768 -32768 -32768 -32768 -32768 -32768 -32768 -32768 -32768 -32768 -32768 -32768 -32768 -32768 -32768 -32768 -32768 -32768
94 86 53 58 27 49 29 31 31 29 34 28 20 24 24 27 30 33 33 37 45 51 54 49 59 67 80 86 88 86 75 84 107 115 116 131 135 137 138 140 142 143 -32768 -32768 -32768 -32768 -32768 -32768 -32768 -32768 -32768 -32768 -32768 -32768 -32768 -32768 -32768 -32768 -32768 -32768 -32768 -32768 -32768 -32768 -32768 -32768 -32768 -32768 -32768 -32768 -32768 -32768 -32768 -32768 -32768 -32768
97 64 78 61 25 58 46 42 37 27 37 30 25 27 30 30 31 33 35 37 38 41 48 47 48 69 75 86 90 89 83 93 110 119 119 135 137 139 140 141 142 143 -32768 -32768 -32768 -32768 -32768 -32768 -32768 -32768 -32768 -32768 -32768 -32768 -32768 -32768 -32768 -32768 -32768 -32768 -32768 -32768 -32768 -32768 -32768 -32768 -32768 -32768 -32768 -32768 -32768 -32768 -32768 -32768 -32768 -32768
108 87 73 73 42 62 44 37 35 26 43 38 33 35 37 35 34 35 34 33 35 34 44 44 43 52 61 84 91 92 94 99 112 121 129 135 137 138 139 141 142 145 147 -32768 -32768 -32768 -32768 -32768 -32768 -32768 -32768 -32768 -32768 -32768 -32768 -32768 -32768 -32768 -32768 -32768 -32768 -32768 -32768 -32768 -32768 -32768 -32768 -32768 -32768 -32768 -32768 -32768 -32768 -32768 -32768 -32768
115 70 61 71 47 76 34 33 35 34 48 36 35 35 37 39 38 35 36 35 32 38 40 43 49 51 63 78 87 92 96 101 112 120 130 132 135 136 138 140 142 145 149 151 -32768 -32768 -32768 -32768 -32768 -32768 -32768 -32768 -32768 -32768 -32768 -32768 -32768 -32768 -32768 -32768 -32768 -32768 -32768 -32768 -32768 -32768 -32768 -32768 -32768 -32768 -32768 -32768 -32768 -32768 -32768 -32768
119 84 58 62 64 65 33 39 32 50 40 32 37 30 35 39 39 39 38 37 36 38 35 39 42 51 70 79 82 90 94 103 102 103 122 130 132 134 134 138 141 146 149 152 154 -32768 -32768 -32768 -32768 -32768 -32768 -32768 -32768 -32768 -32768 -32768 -32768 -32768 -32768 -32768 -32768 -32768 -32768 -32768 -32768 -32768 -32768 -32768 -32768 -32768 -32768 -32768 -32768 -32768 -32768 -32768
105 108 62 56 84 48 40 37 31 55 34 36 32 28 34 41 47 42 36 36 37 36 37 38 39 43 62 69 79 79 94 100 77 72 119 126 129 132 130 136 140 144 149 153 -32768 -32768 -32768 -32768 -32768 -32768 -32768 -32768 -32768 -32768 -32768 -32768 -32768 -32768 -32768 -32768 -32768 -32768 -32768 -32768 -32768 -32768 -32768 -32768 -32768 -32768 -32768 -32768 -32768 -32768 -32768 -32768
81 85 87 77 63 57 53 52 56 46 39 39 34 30 35 43 51 50 40 40 38 43 44 45 44 44 52 54 66 59 78 92 82 82 103 121 127 129 131 132 124 137 147 151 -32768 -32768 -32768 -32768 -32768 -32768 -32768 -32768 -32768 -32768 -32768 -32768 -32768 -32768 -32768 -32768 -32768 -32768 -32768 -32768 -32768 -32768 -32768 -32768 -32768 -32768 -32768 -32768 -32768 -32768 -32768 -32768
91 78 86 89 89 69 54 77 58 42 42 43 39 34 37 45 55 61 60 52 41 47 53 54 52 51 50 55 64 64 66 81 83 78 94 100 104 119 125 132 133 139 144 150 152 -32768 -32768 -32768 -32768 -32768 -32768 -32768 -32768 -32768 -32768 -32768 -32768 -32768 -32768 -32768 -32768 -32768 -32768 -32768 -32768 -32768 -32768 -32768 -32768 -32768 -32768 -32768 -32768 -32768 -32768 -32768
106 80 66 73 80 83 77 66 50 42 43 41 39 38 41 50 61 66 67 65 62 54 61 61 53 48 40 45 59 61 49 71 61 77 58 76 79 108 114 118 134 141 145 149 151 -32768 -32768 -32768 -32768 -32768 -32768 -32768 -32768 -32768 -32768 -32768 -32768 -32768 -32768 -32768 -32768 -32768 -32768 -32768 -32768 -32768 -32768 -32768 -32768 -32768 -32768 -32768 -32768 -32768 211 -32768
78 87 77 69 68 69 63 64 65 51 45 48 41 44 43 49 68 69 70 72 69 59 61 60 53 55 52 50 49 45 47 58 49 54 61 50 64 84 104 123 131 134 141 146 150 -32768 -32768 -32768 -32768 -32768 -32768 -32768 -32768 -32768 -32768 -32768 -32768 -32768 -32768 -32768 -32768 -32768 -32768 -32768 -32768 -32768 -32768 -32768 -32768 -32768 -32768 -32768 -32768 -32768 -32768 -32768
56 71 73 72 77 74 59 66 69 60 46 56 56 56 54 53 62 58 73 74 70 63 62 64 60 57 53 49 48 49 55 54 45 44 49 48 45 59 86 106 126 130 139 144 146 149 -32768 -32768 -32768 -32768 -32768 -32768 -32768 -32768 -32768 -32768 -32768 -32768 -32768 -32768 -32768 -32768 -32768 -32768 -32768 -32768 -32768 -32768 -32768 -32768 -32768 -32768 -32768 -32768 -32768 -32768
59 66 65 64 79 76 71 57 67 59 64 68 66 71 66 67 69 68 73 70 63 60 56 57 52 48 43 45 41 41 38 45 46 42 40 43 45 43 64 82 111 126 137 141 145 150 157 -32768 -32768 -32768 -32768 -32768 -32768 -32768 -32768 -32768 -32768 -32768 -32768 -32768 -32768 -32768 -32768 -32768 -32768 -32768 -32768 -32768 -32768 -32768 -32768 -32768 -32768 -32768 -32768 -32768
