_episodes_rmd/data/big_extent/bio7.asc
NCOLS 660 
NROWS 720 
XLLCORNER -130 
YLLCORNER -60 
CELLSIZE 0.166666666666667 
NODATA_value -32768 
[rows 34 to 67 of 720, columns 152 to 227 of 660]
494 495 501 502 503 504 505 506 509 511 513 514 514 514 512 508 505 502 501 502 502 504 505 504 503 504 503 503 502 502 503 504 504 506 506 507 507 506 505 506 507 508 509 511 512 513 513 514 515 515 515 515 514 514 514 514 512 512 512 511 510 510 509 510 509 510 509 509 508 507 508 507 507 507 506 505
498 500 501 501 501 501 503 505 508 510 512 514 516 517 515 512 507 505 505 504 504 506 505 504 503 502 501 500 500 500 499 500 501 502 503 503 504 506 506 506 508 509 510 511 511 513 513 514 514 514 514 514 514 514 512 512 512 511 510 509 509 509 509 509 509 510 509 508 508 508 508 507 507 506 505 505
500 500 500 499 500 500 502 504 507 509 511 513 515 517 516 513 509 506 506 505 505 506 505 503 502 500 499 498 498 497 496 496 496 499 501 501 503 503 505 508 509 510 511 511 512 512 513 513 513 514 514 514 513 513 512 511 511 511 510 509 508 508 509 508 508 509 508 508 508 507 507 507 507 506 506 505
500 500 498 497 497 498 500 502 504 507 510 512 513 515 514 512 508 507 505 504 504 504 503 501 500 498 498 496 495 493 493 492 494 495 498 499 502 503 505 507 509 511 511 511 513 513 513 513 514 513 513 513 512 513 512 511 510 511 510 509 509 509 508 509 509 508 508 508 507 507 506 506 506 506 506 505
502 499 497 495 494 495 498 500 502 506 508 509 511 510 505 506 506 504 503 502 501 501 500 499 498 496 495 493 492 491 489 489 490 493 495 498 500 502 505 507 509 510 511 511 513 513 513 514 513 513 513 512 512 512 512 512 510 510 510 509 508 508 509 508 508 508 508 508 507 507 507 506 505 506 505 505
503 500 496 493 491 491 494 497 500 503 506 506 502 491 489 500 503 502 500 499 498 498 498 497 496 495 493 491 490 488 487 487 488 490 494 496 499 501 504 506 508 510 511 512 513 513 514 513 514 514 513 513 512 512 511 511 510 510 509 508 508 508 509 508 508 507 507 508 507 507 506 505 505 505 505 504
504 502 498 492 488 489 492 495 498 500 500 497 494 488 492 499 499 498 498 498 497 496 495 494 493 492 491 490 488 487 485 484 485 489 492 495 498 501 504 506 508 510 512 513 514 514 515 514 514 514 513 513 512 512 511 510 510 510 510 509 508 509 508 508 508 508 508 507 507 506 505 506 506 506 505 505
503 500 496 492 490 489 491 493 492 492 492 493 493 493 495 496 496 496 496 495 494 494 494 493 492 491 489 488 487 485 484 483 484 487 491 495 498 502 504 507 508 510 512 514 514 516 515 514 514 514 513 513 512 512 511 510 510 510 509 509 509 509 509 508 508 509 509 508 508 507 507 506 506 506 505 505
502 497 494 492 490 489 490 491 493 495 495 496 497 497 492 492 493 494 495 494 494 492 492 491 490 489 488 487 486 485 484 484 484 488 491 495 499 501 505 508 510 511 513 514 515 516 516 515 515 514 513 512 512 512 511 511 510 510 509 509 509 508 508 508 508 508 508 507 507 507 507 506 505 504 505 505
492 491 490 489 489 489 491 494 496 498 499 499 498 494 488 489 489 487 484 479 485 490 489 489 488 488 487 486 486 486 485 485 486 490 492 497 499 504 505 508 510 512 513 515 516 516 516 516 515 515 513 513 513 511 510 510 510 510 509 509 509 509 509 509 509 508 508 508 507 507 506 506 506 504 504 504
486 486 486 487 488 489 491 493 496 498 499 498 496 493 489 485 480 478 477 476 476 485 489 488 487 487 487 486 486 487 486 487 488 491 494 498 501 505 508 509 512 513 515 515 517 517 517 516 515 514 513 512 512 512 511 511 510 510 509 509 509 509 509 508 508 508 508 507 507 506 505 504 504 505 504 503
483 483 483 485 487 490 491 492 494 495 496 495 494 491 489 486 483 481 480 477 478 486 488 488 486 486 486 486 486 487 488 489 491 492 495 499 502 506 509 510 513 514 516 516 518 519 518 516 515 513 512 512 512 511 510 510 510 510 510 509 509 509 509 509 508 507 507 506 505 505 505 504 503 502 503 502
481 481 481 484 487 489 493 494 495 495 496 496 494 493 493 491 486 486 486 485 486 487 486 485 485 486 487 487 487 487 488 490 492 495 498 502 504 508 509 513 514 516 516 518 518 519 517 515 513 512 512 511 511 511 510 511 510 510 510 509 509 509 509 509 508 507 507 506 505 504 504 502 502 502 501 502
479 479 480 482 486 489 493 495 497 497 498 497 497 496 495 495 492 493 492 489 486 484 483 482 483 484 486 487 487 488 490 491 493 497 500 503 507 510 511 514 515 516 516 517 516 516 515 513 512 511 510 510 510 511 510 510 510 510 510 510 510 510 510 509 508 507 507 505 505 503 503 502 501 500 500 500
478 478 478 481 485 489 494 496 497 498 497 498 498 498 499 500 500 497 494 489 484 479 473 475 484 484 485 486 488 489 490 493 496 499 502 505 508 511 513 514 516 517 517 517 516 514 512 510 510 509 509 509 509 509 510 510 510 510 509 510 509 509 509 510 509 508 507 505 505 503 502 501 500 500 499 499
477 475 473 476 483 488 492 495 497 497 498 499 499 500 501 504 502 496 491 484 481 477 474 474 482 485 485 486 487 488 491 494 497 501 504 508 511 513 514 516 516 518 518 517 515 513 510 508 507 507 508 508 509 509 510 509 509 509 508 508 508 508 509 510 509 508 507 505 504 502 501 500 499 498 498 498
475 473 472 475 480 485 489 492 495 497 497 498 498 500 501 505 508 497 489 484 481 477 475 473 481 485 486 486 487 489 492 494 498 502 507 511 513 515 515 516 518 518 519 517 516 512 508 505 505 506 506 507 508 509 508 509 509 508 507 508 508 508 508 509 508 507 505 504 502 501 500 498 498 497 497 498
475 474 475 476 478 482 486 489 492 493 496 496 497 498 499 501 502 498 492 486 482 479 476 475 480 484 485 485 487 488 491 495 499 504 508 512 514 515 515 517 518 520 520 519 516 512 509 506 505 504 505 506 507 507 508 508 507 507 507 506 506 507 507 508 507 507 504 502 500 497 496 496 496 497 496 496
477 477 474 477 480 483 485 487 489 491 494 494 494 494 495 497 496 494 492 487 484 482 482 483 485 485 486 486 486 488 490 494 499 503 508 513 516 515 515 517 518 520 521 520 516 512 508 506 504 503 503 503 505 507 508 507 506 505 505 505 505 505 506 507 508 508 504 501 498 496 495 494 494 494 495 495
480 480 479 479 482 484 485 488 490 490 492 492 492 493 493 494 492 491 490 487 483 481 483 485 486 486 485 486 486 487 491 494 499 503 507 510 513 514 515 516 517 518 519 519 515 512 509 505 502 501 501 500 503 506 506 505 504 503 502 502 503 503 505 505 507 507 502 498 495 494 492 492 492 492 493 493
481 482 483 482 484 485 486 488 490 490 491 491 491 491 491 490 490 489 488 486 481 480 481 483 483 482 483 480 480 486 492 495 498 502 506 509 512 513 514 515 515 516 516 516 514 511 507 504 500 498 496 496 498 501 502 502 501 500 500 500 500 500 500 502 502 502 499 495 491 490 489 489 489 490 491 492
480 482 483 484 487 488 489 489 489 489 490 489 488 488 489 489 488 487 486 485 481 483 485 485 484 483 484 482 481 482 491 497 499 501 504 506 509 510 511 513 514 514 513 513 511 509 505 502 498 495 492 491 491 493 496 497 498 496 497 497 497 497 498 498 497 496 493 490 487 485 485 486 487 487 489 491
481 480 479 480 483 485 488 488 490 490 489 488 487 487 486 487 488 488 487 487 485 487 490 490 488 487 486 485 485 485 487 498 500 502 503 505 508 509 510 510 511 511 511 511 509 507 503 500 495 492 487 484 484 487 490 492 493 493 494 494 493 494 493 492 493 491 488 485 483 482 483 484 484 486 488 490
482 483 481 480 481 482 482 484 486 487 487 484 481 481 484 484 484 486 487 487 488 489 492 492 491 490 488 489 489 488 491 499 501 502 502 503 505 506 507 507 508 509 509 508 507 505 501 497 493 488 485 480 480 484 487 489 491 491 491 491 491 491 490 489 488 487 484 481 480 480 481 483 484 486 487 489
482 483 483 482 481 479 479 480 481 482 481 480 480 482 483 484 485 485 486 488 489 490 491 492 492 492 492 492 494 496 500 502 503 503 503 503 503 504 504 504 505 505 507 507 506 503 500 496 491 488 484 481 482 483 485 487 488 489 489 488 488 487 487 485 483 482 480 479 477 478 478 481 482 484 486 487
481 483 483 482 480 479 478 480 481 482 481 480 479 481 481 483 484 485 485 486 488 489 490 491 492 494 495 496 499 502 505 505 503 503 503 502 501 501 500 499 500 501 504 505 503 500 497 494 491 487 484 483 483 484 485 486 487 488 488 487 485 483 483 481 479 477 478 476 476 476 476 478 479 481 485 487
480 483 484 482 478 476 478 479 480 482 481 478 478 480 481 483 484 484 484 485 486 486 487 490 493 497 498 501 505 508 509 507 505 502 501 499 497 495 493 494 496 498 499 500 498 497 494 492 490 487 486 484 485 485 486 486 487 486 485 485 484 482 480 477 475 473 473 473 474 475 476 477 479 481 483 486
478 480 483 480 476 473 475 479 482 483 485 483 481 480 482 483 484 485 486 486 486 487 487 490 493 496 498 501 505 511 512 509 505 502 499 496 493 491 489 490 492 494 495 495 494 493 492 491 488 489 488 486 487 487 487 487 488 486 485 484 482 481 479 476 473 471 470 472 473 475 475 477 478 481 482 484
476 479 480 479 476 474 477 480 483 486 487 488 489 488 489 487 485 485 486 487 488 488 489 491 492 494 496 499 502 507 509 507 504 501 497 492 490 489 488 488 488 489 491 491 492 490 490 490 488 489 489 488 488 489 489 490 489 489 487 484 483 481 479 475 472 470 469 471 472 474 476 477 480 482 483 485
476 478 480 480 479 479 480 482 485 488 490 489 489 489 489 488 487 487 488 489 490 490 491 491 491 492 494 495 497 500 500 500 499 497 494 490 487 485 486 485 487 488 488 489 490 490 489 489 490 490 489 490 491 492 491 491 491 490 488 487 484 480 480 477 474 472 471 471 472 473 476 478 479 482 484 485
476 478 480 480 482 482 483 485 487 490 492 491 490 489 488 488 488 489 489 491 492 491 490 490 489 489 490 491 492 494 494 494 494 493 492 491 487 483 482 483 485 486 488 488 487 489 489 490 491 492 492 492 493 494 494 494 494 493 490 488 485 482 481 478 475 473 473 473 473 475 477 479 481 483 485 487
481 482 484 485 484 483 484 485 487 490 492 491 490 489 487 487 486 488 489 490 491 490 490 490 487 483 482 484 486 487 487 489 490 491 491 491 488 485 481 482 485 487 487 488 487 488 491 492 493 494 495 495 496 496 498 499 497 495 493 489 487 485 482 480 477 475 474 474 475 476 479 481 483 485 486 488
481 482 488 492 489 484 482 483 486 487 488 490 488 487 485 484 485 485 486 488 488 488 490 492 488 481 481 482 482 482 483 486 488 489 490 490 489 484 481 482 485 487 489 488 490 491 493 494 496 497 499 498 500 500 500 501 500 497 493 490 488 485 482 481 479 477 476 475 476 478 480 483 485 488 488 489
485 487 488 493 491 486 483 482 480 481 481 482 483 483 482 481 482 483 484 484 484 487 492 497 495 492 492 491 489 488 485 486 488 488 488 489 488 485 482 482 485 488 489 490 491 493 496 497 499 501 501 501 502 502 502 501 499 496 494 492 488 486 486 485 483 480 477 476 478 480 482 485 487 488 489 490
