_episodes_rmd/data/big_extent/bio7.asc
NCOLS 660 
NROWS 720 
XLLCORNER -130 
YLLCORNER -60 
CELLSIZE 0.166666666666667 
NODATA_value -32768 
[rows 374 to 407 of 720, columns 380 to 455 of 660]
108 108 110 109 108 108 107 106 106 106 105 106 106 105 105 105 106 105 105 105 105 105 105 105 105 105 104 104 104 104 104 104 103 103 103 103 103 103 103 103 103 104 104 104 104 104 105 105 105 106 105 106 106 105 104 104 104 103 104 104 105 106 108 111 114 116 117 117 117 117 117 114 113 112 109 108
108 109 109 109 108 108 107 106 105 105 105 105 105 106 106 105 105 105 105 105 105 104 105 104 105 105 104 104 103 104 104 104 103 103 103 103 103 103 103 103 103 103 104 103 104 104 105 105 106 106 107 106 106 106 105 104 103 103 103 102 104 106 110 112 115 117 118 118 119 119 120 118 116 113 111 110
109 109 109 109 108 107 107 106 105 105 104 105 105 105 105 105 105 105 105 105 104 105 105 104 104 104 104 104 104 104 102 103 102 102 103 102 102 103 102 102 103 103 103 103 104 104 104 105 106 106 106 107 106 106 105 105 103 103 103 104 105 108 110 113 116 117 119 120 121 121 121 120 118 115 114 112
108 109 109 109 108 107 107 105 105 104 104 105 105 105 106 106 105 105 104 104 104 105 105 104 104 104 103 103 103 103 102 103 103 102 103 103 102 102 102 102 102 103 103 103 104 105 104 106 106 107 107 107 107 107 105 105 105 105 103 104 106 109 111 113 115 118 119 120 121 122 121 121 119 117 115 114
108 109 109 108 107 107 106 105 105 104 103 105 105 105 105 106 105 105 105 105 105 104 104 104 104 104 103 103 103 103 102 102 103 102 102 102 101 102 102 101 102 102 102 102 104 105 105 106 107 108 107 107 107 106 106 106 106 105 106 106 108 110 112 114 115 118 119 121 121 121 121 121 120 118 117 115
108 108 108 108 107 106 106 105 104 103 104 104 106 105 105 104 105 104 105 104 104 104 104 104 104 103 103 102 103 103 102 101 102 102 102 102 101 102 102 102 102 102 103 103 105 105 107 108 108 109 108 108 108 108 108 107 107 107 107 108 109 111 113 114 116 117 119 121 121 122 121 121 121 119 118 118
108 108 108 107 107 107 106 105 105 104 103 104 105 105 104 105 104 105 105 104 104 104 103 103 103 102 103 102 103 102 102 102 102 102 102 102 102 102 102 102 102 102 104 104 105 106 107 108 109 109 109 109 109 108 108 109 108 108 109 109 111 112 113 115 116 117 119 120 120 121 122 122 121 120 119 119
108 108 107 108 107 106 106 105 105 103 103 104 105 104 104 104 104 105 104 104 103 103 104 104 103 103 103 102 103 103 102 102 101 102 102 102 103 102 102 103 102 104 105 105 106 107 108 108 109 109 111 111 110 109 110 111 110 111 111 112 112 113 114 115 117 118 120 120 121 122 122 122 122 121 120 120
108 108 108 108 107 107 106 106 106 105 103 103 103 104 105 104 104 104 104 104 104 104 104 104 104 103 103 103 103 102 102 102 102 102 103 102 103 103 103 104 105 105 106 106 107 108 108 110 111 111 111 111 111 112 112 112 112 112 112 113 114 114 115 116 118 118 120 120 122 122 123 122 122 122 122 121
107 108 108 107 107 107 107 106 106 105 104 104 104 104 104 104 104 104 104 105 105 105 105 103 103 103 104 103 103 103 103 102 103 104 103 103 103 104 105 105 106 107 107 108 108 109 110 111 111 112 113 113 113 114 113 113 114 114 114 115 115 116 116 118 118 119 120 121 122 123 124 124 123 123 123 123
109 108 108 107 108 107 107 106 106 106 105 105 105 105 105 105 104 104 105 105 105 104 105 105 104 104 103 103 103 103 103 103 104 103 104 105 105 106 106 106 108 108 108 110 111 111 112 113 112 114 114 115 114 115 115 116 116 116 116 117 117 118 118 118 118 120 121 122 123 123 124 125 124 125 124 124
109 108 108 109 108 108 107 107 106 106 106 106 106 105 105 105 105 105 105 105 105 105 105 104 105 105 104 104 104 104 104 104 105 104 105 106 106 107 107 107 109 110 110 111 112 113 113 114 114 116 116 116 116 117 117 118 118 118 118 119 119 119 119 119 120 121 122 124 125 125 126 125 126 126 126 126
108 109 108 109 109 108 108 107 108 108 106 106 105 105 106 106 106 105 106 106 105 105 105 105 105 105 105 104 105 105 105 105 106 106 106 106 107 108 109 110 110 111 112 113 114 115 116 117 117 118 118 119 119 119 119 119 120 120 120 121 121 121 121 122 122 123 124 125 126 127 128 127 127 127 127 127
109 109 109 109 109 108 108 108 108 108 108 107 107 107 107 107 106 107 107 106 106 106 106 105 106 105 105 106 105 106 105 106 106 106 107 108 108 110 110 112 112 113 114 115 116 117 117 118 119 120 121 121 121 121 122 122 122 122 123 123 124 123 123 124 125 126 126 128 128 128 128 129 129 129 129 129
110 110 111 110 109 110 109 109 108 109 109 108 108 108 107 107 108 108 108 108 107 107 107 107 107 106 106 106 106 107 107 107 107 108 109 110 110 111 112 113 114 115 116 117 118 119 120 121 122 122 123 123 124 125 125 125 126 126 126 126 125 126 126 126 127 128 129 129 129 130 130 131 131 130 130 130
111 111 110 110 111 110 111 111 110 109 109 109 109 109 109 109 108 109 108 108 108 108 108 108 107 108 108 108 107 108 107 108 108 109 110 110 111 113 114 114 116 117 118 119 120 122 122 123 124 125 125 127 127 127 128 128 129 129 129 129 129 129 130 129 130 130 131 132 131 132 132 133 133 133 133 133
112 111 112 112 112 111 111 111 111 111 111 111 110 110 110 111 111 110 110 110 110 109 110 110 109 109 109 109 109 109 109 109 109 110 111 111 113 114 115 116 117 118 120 121 123 123 125 126 127 128 128 129 130 130 131 131 131 132 132 132 132 132 132 132 133 133 134 134 134 134 134 136 135 136 136 136
113 113 112 112 113 112 112 112 111 112 112 111 112 112 112 112 112 112 112 112 111 111 112 111 111 110 110 110 110 110 109 110 110 111 112 113 115 115 117 119 119 121 122 123 125 126 127 128 129 131 131 132 132 133 133 134 135 135 135 136 135 135 135 136 136 136 137 137 137 137 138 138 138 138 138 138
114 114 114 114 114 114 114 112 113 113 113 113 113 114 113 114 114 113 114 114 114 113 113 113 113 112 112 112 111 112 112 111 111 112 114 115 116 118 119 120 122 123 124 126 128 129 130 130 132 133 134 135 135 137 137 137 138 138 139 139 138 138 139 139 139 139 140 140 140 141 140 141 140 140 140 140
115 115 115 115 115 115 115 115 114 114 115 115 115 115 115 116 116 115 115 114 116 115 115 114 114 115 114 114 112 112 112 112 113 114 114 116 118 120 121 123 124 126 127 128 129 131 133 134 135 135 137 138 139 140 140 141 142 142 142 142 142 143 143 142 143 143 143 143 144 144 144 144 144 143 144 143
117 117 116 116 116 116 116 115 116 116 117 117 117 117 117 118 118 117 117 118 117 117 117 116 116 116 116 115 115 114 114 114 114 115 118 118 121 122 124 125 127 128 129 131 132 134 135 136 137 139 140 141 142 143 143 144 144 145 145 146 146 145 146 146 146 146 146 146 146 146 147 146 146 146 146 146
118 118 118 118 118 117 117 117 118 118 118 118 118 118 119 119 119 119 119 120 120 119 119 119 119 119 118 117 117 117 116 116 116 118 119 121 122 124 125 127 129 130 132 133 135 136 138 140 141 142 143 144 145 146 147 147 147 148 148 148 149 149 149 149 149 150 150 150 149 150 150 149 149 149 148 149
120 119 119 119 119 118 119 119 120 120 119 120 120 121 121 121 121 121 121 122 121 121 122 121 122 121 121 120 120 120 119 119 119 120 122 124 125 127 128 130 132 133 135 136 138 139 140 143 143 145 147 147 149 149 150 151 151 152 152 152 153 152 152 152 153 153 153 153 153 153 153 152 152 152 151 151
121 120 121 120 120 120 120 121 121 122 121 121 122 123 123 123 123 124 124 124 125 125 125 124 124 124 123 122 123 123 122 122 123 124 125 126 128 130 131 132 134 136 137 139 140 143 143 145 147 148 149 151 152 152 153 154 155 155 156 155 156 156 156 156 156 156 156 157 156 156 155 156 155 155 154 154
123 122 122 121 121 121 122 122 123 123 124 124 123 125 124 125 126 126 126 127 126 127 127 126 127 127 126 126 125 126 126 126 126 128 128 130 130 133 134 136 137 139 140 141 144 145 147 148 150 152 152 154 155 156 157 158 158 159 159 160 159 160 159 159 160 160 160 159 159 159 159 158 158 158 158 157
124 123 123 123 124 124 123 124 125 125 125 126 125 126 127 127 128 127 128 129 129 129 129 130 130 129 129 129 128 129 129 129 129 131 131 132 133 134 137 138 140 141 143 145 146 148 150 151 153 154 156 157 158 160 160 161 162 162 162 163 164 163 163 162 162 163 163 162 163 162 162 162 161 160 161 160
125 125 124 125 125 125 125 125 126 126 127 128 127 127 129 129 129 129 130 131 131 131 132 132 132 132 132 132 131 131 131 132 132 134 134 135 136 138 139 141 142 145 146 147 149 150 152 154 156 157 159 161 162 163 164 165 165 166 166 167 166 166 166 166 166 166 165 165 165 165 165 164 164 164 163 163
126 126 126 126 126 126 126 127 128 127 128 129 128 129 130 131 132 131 133 133 134 134 134 135 135 135 134 135 134 134 134 135 135 136 138 139 139 141 142 144 145 147 149 150 152 153 155 157 159 160 162 164 166 167 168 169 169 170 169 169 169 169 170 169 169 169 168 168 169 168 168 167 167 166 167 166
128 128 127 128 128 128 128 128 129 129 130 131 131 131 132 132 133 134 135 135 137 137 138 137 137 138 137 137 137 137 138 138 139 139 141 141 142 143 145 147 148 150 152 153 155 156 157 159 161 163 165 166 168 171 171 172 172 172 172 172 173 172 172 172 172 172 172 171 172 171 171 171 170 170 169 168
129 129 129 129 128 129 130 129 130 131 131 132 132 132 133 133 135 135 136 137 139 139 140 140 140 140 140 139 140 140 140 141 142 142 143 144 145 147 148 150 150 153 153 155 157 158 160 162 164 166 167 169 171 174 175 175 176 176 175 175 175 175 175 175 174 175 175 174 175 174 173 174 173 173 173 172
130 129 130 129 130 130 131 130 131 132 132 133 133 133 134 134 136 136 138 140 140 142 142 143 142 142 142 142 142 143 143 144 144 144 146 147 148 149 150 152 154 155 156 158 160 161 163 164 166 168 170 172 173 176 177 178 178 178 178 178 178 177 178 178 178 178 177 177 178 178 177 177 177 175 175 175
132 131 131 131 131 131 131 131 131 133 133 134 134 134 135 135 136 138 139 140 142 143 145 144 145 144 144 145 144 145 145 147 147 148 148 149 150 152 153 155 155 157 158 160 162 163 165 167 168 170 172 174 175 177 179 180 180 180 181 181 180 180 181 180 181 181 180 180 180 180 180 180 179 179 178 178
132 132 132 132 132 131 132 132 132 133 133 134 134 134 135 136 137 138 140 141 143 145 145 145 145 146 146 146 147 148 147 148 149 150 151 152 152 155 155 157 159 160 162 163 164 165 167 168 170 172 174 176 177 179 180 181 182 182 182 183 182 183 183 183 184 184 183 183 183 183 183 182 182 182 181 180
134 133 133 133 133 133 132 133 133 134 134 134 135 135 136 137 138 139 140 142 143 144 145 146 147 147 148 149 149 149 150 151 152 153 154 155 155 157 158 159 160 162 163 165 166 168 170 171 172 174 176 177 178 180 181 182 183 184 184 184 185 185 185 186 186 186 186 186 186 186 186 185 185 184 184 183
