_episodes_rmd/data/big_extent/bio7.asc
NCOLS 660 
NROWS 720 
XLLCORNER -130 
YLLCORNER -60 
CELLSIZE 0.166666666666667 
NODATA_value -32768 
[rows 34 to 67 of 720, columns 380 to 455 of 660]
457 458 459 460 461 462 463 464 464 464 464 464 463 461 460 459 457 455 453 450 449 446 443 441 439 436 435 431 429 426 424 421 418 415 412 409 406 403 399 395 392 387 384 380 376 372 369 365 362 358 355 353 349 347 343 340 336 -32768 -32768 -32768 -32768 -32768 -32768 -32768 -32768 -32768 -32768 -32768 -32768 -32768 -32768 -32768 -32768 -32768 -32768 -32768
457 459 460 461 463 464 464 465 465 465 465 464 464 463 462 460 459 457 454 452 450 447 446 443 441 438 436 434 431 429 426 424 422 419 417 414 412 408 404 400 397 392 388 383 380 376 373 369 365 361 358 355 351 348 344 341 339 335 -32768 -32768 -32768 -32768 -32768 -32768 -32768 -32768 -32768 -32768 -32768 -32768 -32768 -32768 -32768 -32768 -32768 -32768
459 460 461 463 464 465 465 466 467 467 466 466 465 463 463 461 459 457 456 454 452 449 446 445 442 439 438 435 433 431 429 427 425 423 421 419 417 414 410 406 401 397 392 388 382 379 375 371 367 363 359 356 352 349 346 343 340 337 333 -32768 318 -32768 -32768 -32768 -32768 -32768 -32768 -32768 -32768 -32768 -32768 -32768 -32768 -32768 -32768 -32768
460 461 462 464 465 466 466 468 468 467 467 467 466 465 464 463 461 459 456 455 452 450 447 445 443 440 439 437 434 433 430 429 427 426 424 423 422 418 415 410 404 401 394 -32768 387 381 377 373 369 366 361 358 354 351 347 344 341 339 333 327 321 314 308 -32768 296 -32768 -32768 -32768 -32768 -32768 -32768 -32768 -32768 -32768 -32768 -32768
461 462 464 465 466 467 469 468 469 469 468 467 467 466 465 463 461 460 457 455 453 451 449 447 444 441 440 438 436 434 432 431 429 428 428 427 425 423 419 416 409 405 399 393 388 383 378 374 369 366 362 358 355 352 347 345 342 337 333 326 320 314 307 301 297 292 -32768 -32768 -32768 -32768 -32768 -32768 -32768 -32768 -32768 -32768
462 463 465 467 468 469 470 470 470 470 469 469 467 466 465 463 462 460 457 456 453 451 449 447 444 443 441 438 437 435 433 432 431 430 430 429 429 428 423 418 412 406 400 394 389 384 380 375 371 367 363 360 355 352 348 344 340 336 331 325 319 312 306 302 296 292 287 -32768 -32768 -32768 -32768 -32768 -32768 -32768 -32768 -32768
462 464 466 469 469 471 472 472 472 471 470 469 468 467 465 463 462 460 457 455 453 451 449 447 445 442 441 439 437 436 434 432 431 430 431 430 430 430 424 419 413 407 401 396 391 386 382 377 373 368 364 359 355 350 347 343 338 334 329 324 318 312 307 301 295 292 -32768 -32768 -32768 -32768 -32768 -32768 -32768 -32768 -32768 -32768
463 466 467 470 471 472 473 473 472 472 471 470 469 467 465 463 461 459 457 455 453 451 449 447 444 442 440 438 436 435 434 433 432 430 430 428 427 426 422 417 413 407 402 397 391 388 383 378 374 369 364 359 355 350 346 341 336 331 326 322 317 311 305 300 294 292 -32768 -32768 -32768 -32768 -32768 -32768 -32768 -32768 -32768 -32768
464 467 469 472 473 474 475 475 474 473 471 469 468 466 464 463 461 459 457 454 453 451 448 445 444 441 439 437 436 434 433 431 430 428 427 426 425 423 420 416 411 407 401 397 393 388 383 378 373 368 363 359 354 349 344 340 334 330 325 320 314 309 304 299 294 291 -32768 -32768 -32768 -32768 -32768 -32768 -32768 -32768 -32768 -32768
465 468 471 473 475 476 476 475 474 473 471 470 467 466 464 462 460 458 456 453 452 449 447 444 442 440 438 436 435 432 431 429 428 427 425 424 422 419 418 414 410 405 401 397 392 388 383 378 373 368 363 357 352 347 343 338 332 327 323 319 313 309 303 298 294 291 -32768 -32768 -32768 -32768 -32768 -32768 -32768 -32768 -32768 -32768
466 470 473 475 476 478 478 476 475 473 471 469 466 464 462 460 457 456 454 452 450 447 445 443 440 438 436 434 432 430 429 427 426 425 423 421 419 416 414 411 408 403 399 396 392 387 382 377 372 367 362 357 351 345 340 335 330 325 321 316 311 308 302 299 294 291 -32768 -32768 -32768 -32768 -32768 -32768 -32768 -32768 -32768 -32768
468 471 474 477 479 479 479 477 475 473 470 467 465 462 459 457 456 454 452 451 449 446 443 441 439 436 434 431 430 428 426 424 422 421 419 418 416 413 411 408 405 402 398 394 390 386 381 377 371 367 361 355 349 344 338 333 328 324 319 315 311 306 303 298 294 290 288 -32768 -32768 -32768 -32768 -32768 -32768 -32768 -32768 -32768
468 471 475 478 481 482 481 478 476 472 468 465 462 460 457 454 453 451 450 449 446 443 441 439 435 433 431 429 426 424 423 421 419 417 416 414 412 409 407 405 402 399 395 392 389 385 381 376 372 366 361 354 347 342 336 330 325 321 317 313 311 306 302 298 294 290 286 -32768 -32768 -32768 -32768 -32768 -32768 -32768 -32768 -32768
468 472 475 479 481 483 482 478 473 469 466 462 459 456 453 451 449 447 447 446 443 441 439 435 433 430 428 425 423 421 419 417 415 414 412 410 407 405 403 401 398 396 394 390 387 384 380 376 370 365 359 353 346 339 333 327 323 319 315 313 310 306 304 299 294 290 -32768 -32768 276 -32768 -32768 -32768 -32768 -32768 -32768 -32768
467 470 474 477 481 484 481 476 471 466 462 458 454 451 449 448 445 443 442 442 440 438 435 431 429 427 423 421 419 417 415 413 411 409 407 404 402 401 398 397 395 392 390 387 385 382 379 375 370 364 358 351 343 337 331 324 320 317 314 311 310 309 305 301 297 -32768 -32768 274 274 -32768 -32768 -32768 -32768 -32768 -32768 -32768
465 467 471 474 476 478 476 471 466 461 458 453 450 447 445 442 440 438 438 437 436 433 430 427 424 422 420 418 415 413 411 408 406 404 402 399 398 396 394 392 390 388 386 384 382 380 377 375 370 363 356 349 341 334 327 322 318 315 313 312 312 311 308 307 -32768 -32768 -32768 -32768 -32768 -32768 -32768 -32768 -32768 -32768 -32768 -32768
462 463 466 468 470 470 467 464 459 455 452 447 444 441 439 436 434 432 432 431 429 427 424 422 419 417 414 412 409 408 405 404 401 399 396 395 393 390 389 387 385 384 382 381 380 378 376 374 369 364 355 347 340 332 326 320 315 312 311 312 312 -32768 318 316 312 307 302 296 -32768 -32768 -32768 -32768 -32768 -32768 -32768 -32768
458 459 459 461 461 461 459 456 451 448 444 439 438 436 432 429 428 426 425 424 422 420 418 416 414 411 410 407 405 402 401 398 396 394 391 389 387 384 383 381 379 379 378 377 377 376 374 374 370 363 354 346 337 330 324 318 311 310 311 315 319 321 322 321 319 316 310 305 -32768 -32768 -32768 -32768 -32768 -32768 -32768 -32768
453 453 452 453 453 452 450 447 442 439 437 430 429 427 425 422 421 418 417 416 415 413 411 410 408 406 403 401 399 397 395 393 390 387 385 383 380 379 377 374 373 372 373 372 373 372 372 372 370 361 353 345 338 -32768 -32768 -32768 -32768 -32768 317 319 322 325 328 329 330 326 319 -32768 -32768 -32768 -32768 -32768 -32768 -32768 -32768 -32768
447 447 445 444 443 442 441 438 433 430 426 422 421 418 415 414 413 411 409 407 407 406 405 403 401 400 398 396 394 392 389 386 384 382 379 377 374 372 369 368 367 366 366 367 367 366 365 366 366 361 -32768 -32768 -32768 -32768 -32768 -32768 -32768 317 320 322 326 331 335 337 335 331 -32768 -32768 -32768 -32768 -32768 -32768 -32768 -32768 -32768 -32768
441 439 439 436 433 433 432 429 423 423 420 415 410 409 406 404 404 401 401 400 398 398 397 396 395 393 391 390 388 386 383 381 378 375 373 370 368 365 362 360 359 358 358 361 362 359 357 358 -32768 -32768 -32768 -32768 -32768 -32768 -32768 -32768 317 319 322 326 330 335 342 343 339 338 330 -32768 -32768 -32768 -32768 -32768 -32768 -32768 -32768 -32768
436 432 427 428 425 424 423 419 413 411 410 407 401 400 396 393 393 392 391 391 390 389 389 389 388 387 385 384 382 379 377 375 372 370 367 364 361 358 355 352 350 349 350 354 358 354 351 -32768 -32768 -32768 -32768 -32768 -32768 -32768 -32768 317 319 322 326 330 334 338 343 345 345 -32768 336 332 -32768 -32768 -32768 -32768 -32768 -32768 -32768 -32768
429 426 420 416 415 414 411 407 403 401 397 394 391 389 386 384 383 382 381 381 380 382 382 382 382 381 379 377 376 374 371 369 366 363 360 357 354 351 347 345 343 340 339 343 348 348 -32768 -32768 -32768 -32768 -32768 -32768 -32768 -32768 -32768 317 320 323 328 333 337 342 345 347 -32768 -32768 -32768 -32768 -32768 -32768 -32768 -32768 -32768 -32768 -32768 -32768
422 417 410 405 404 401 399 396 394 391 387 384 381 379 376 374 372 372 371 371 372 373 374 375 375 374 373 371 370 368 365 363 359 357 353 350 347 344 342 340 337 336 333 333 -32768 -32768 -32768 -32768 -32768 -32768 -32768 -32768 -32768 -32768 314 317 321 327 331 336 340 344 346 -32768 -32768 -32768 -32768 -32768 -32768 -32768 -32768 -32768 -32768 -32768 -32768 -32768
417 407 400 396 395 393 392 390 387 384 380 377 375 373 368 366 363 363 363 363 363 366 370 371 369 368 367 365 365 362 360 356 353 351 348 344 341 339 337 334 332 330 329 -32768 -32768 -32768 -32768 -32768 -32768 -32768 -32768 -32768 -32768 -32768 314 318 324 329 334 339 342 344 -32768 -32768 350 350 -32768 -32768 -32768 -32768 -32768 -32768 -32768 -32768 -32768 -32768
414 403 396 -32768 -32768 -32768 -32768 -32768 -32768 -32768 -32768 -32768 -32768 -32768 -32768 -32768 -32768 -32768 -32768 -32768 -32768 -32768 -32768 -32768 -32768 -32768 -32768 -32768 -32768 357 355 354 -32768 -32768 -32768 -32768 -32768 -32768 -32768 -32768 -32768 -32768 -32768 -32768 -32768 -32768 -32768 -32768 -32768 -32768 -32768 -32768 -32768 318 319 325 329 333 337 342 343 352 352 354 354 -32768 349 -32768 -32768 -32768 -32768 -32768 -32768 -32768 -32768 -32768
-32768 -32768 -32768 -32768 -32768 -32768 -32768 -32768 -32768 -32768 -32768 -32768 356 354 350 347 342 339 337 336 -32768 -32768 -32768 -32768 -32768 -32768 -32768 -32768 -32768 -32768 -32768 -32768 -32768 -32768 -32768 -32768 -32768 -32768 -32768 -32768 -32768 -32768 -32768 -32768 -32768 -32768 -32768 -32768 -32768 -32768 -32768 -32768 324 322 325 329 332 336 340 343 351 352 354 355 355 355 352 350 -32768 -32768 -32768 -32768 -32768 -32768 -32768 -32768
-32768 -32768 -32768 -32768 -32768 -32768 -32768 -32768 -32768 -32768 -32768 -32768 -32768 352 347 342 337 333 332 334 335 336 338 338 -32768 -32768 -32768 -32768 -32768 -32768 -32768 -32768 -32768 -32768 -32768 -32768 -32768 -32768 -32768 -32768 -32768 -32768 -32768 -32768 -32768 -32768 -32768 -32768 -32768 -32768 -32768 -32768 326 328 330 333 335 340 344 348 351 354 356 357 357 355 -32768 -32768 -32768 -32768 -32768 334 328 323 318 313
-32768 -32768 -32768 -32768 -32768 -32768 -32768 -32768 -32768 -32768 -32768 -32768 -32768 -32768 -32768 -32768 331 325 323 326 329 332 334 335 336 335 -32768 -32768 -32768 -32768 -32768 -32768 -32768 -32768 -32768 -32768 -32768 -32768 -32768 -32768 -32768 -32768 -32768 -32768 -32768 -32768 -32768 -32768 -32768 -32768 -32768 328 329 330 332 336 339 343 346 350 353 355 358 359 360 359 357 354 350 346 339 335 330 324 318 314
-32768 -32768 -32768 -32768 -32768 -32768 -32768 -32768 -32768 -32768 -32768 -32768 -32768 -32768 -32768 -32768 -32768 -32768 316 320 323 327 329 330 331 332 331 329 328 -32768 -32768 -32768 -32768 -32768 -32768 -32768 -32768 -32768 -32768 -32768 -32768 -32768 -32768 -32768 -32768 -32768 -32768 -32768 -32768 -32768 325 327 330 334 335 338 344 346 348 351 354 357 360 360 361 360 358 354 351 346 340 335 330 325 320 313
-32768 366 368 369 369 368 367 366 363 362 362 362 -32768 -32768 -32768 -32768 -32768 -32768 -32768 319 320 322 324 325 326 326 326 325 324 322 -32768 -32768 -32768 -32768 -32768 -32768 -32768 -32768 -32768 -32768 -32768 -32768 -32768 -32768 -32768 -32768 -32768 -32768 -32768 323 325 327 330 334 337 344 345 347 349 351 355 357 360 360 361 359 358 356 352 347 341 336 330 325 319 313
367 369 375 377 377 371 368 367 365 366 365 364 363 361 -32768 -32768 -32768 -32768 -32768 -32768 -32768 -32768 -32768 323 323 323 322 322 321 320 -32768 -32768 -32768 -32768 -32768 -32768 -32768 -32768 -32768 -32768 -32768 -32768 -32768 -32768 -32768 -32768 -32768 -32768 -32768 320 322 327 330 333 337 341 343 344 346 350 353 357 359 360 359 358 357 355 350 346 340 335 330 325 318 312
382 379 379 377 378 373 372 370 368 367 367 366 366 362 357 -32768 -32768 -32768 -32768 -32768 -32768 -32768 -32768 -32768 -32768 -32768 -32768 -32768 -32768 -32768 -32768 -32768 -32768 -32768 -32768 -32768 -32768 -32768 -32768 -32768 -32768 -32768 -32768 -32768 -32768 -32768 -32768 -32768 315 317 320 323 327 328 333 335 334 339 342 347 353 356 357 357 357 356 354 351 346 342 337 333 328 323 315 310
383 380 377 377 376 374 373 371 369 369 368 368 368 366 358 353 -32768 -32768 -32768 -32768 -32768 -32768 -32768 -32768 -32768 -32768 -32768 -32768 -32768 -32768 -32768 -32768 -32768 -32768 -32768 -32768 -32768 -32768 -32768 -32768 -32768 -32768 -32768 -32768 -32768 -32768 305 308 311 313 316 319 320 324 326 327 330 335 338 345 352 353 353 353 352 351 350 346 341 338 333 328 324 318 311 306
