_episodes_rmd/data/big_extent/bio7.asc
NCOLS 660 
NROWS 720 
XLLCORNER -130 
YLLCORNER -60 
CELLSIZE 0.166666666666667 
NODATA_value -32768 
[rows 374 to 407 of 720, columns 304 to 379 of 660]
114 127 109 106 114 121 127 122 122 116 116 116 115 115 114 114 113 114 113 113 113 114 113 113 113 112 112 111 111 110 109 109 108 108 109 109 108 109 110 109 108 109 107 107 107 107 107 106 106 105 105 105 104 103 103 103 103 102 103 103 103 103 103 104 104 104 104 105 105 105 105 105 106 107 107 107
114 110 107 114 130 130 124 125 121 115 116 115 115 114 115 113 114 114 114 114 114 113 113 114 113 113 112 112 111 111 110 109 109 110 109 110 110 110 110 110 110 109 108 108 107 107 107 107 107 106 105 105 104 104 103 103 103 103 103 103 104 104 103 104 104 104 104 105 105 105 106 106 107 107 107 108
102 101 125 125 125 129 121 129 120 115 115 115 115 114 114 115 113 113 114 115 114 114 114 114 115 113 114 112 112 111 111 111 111 111 111 111 111 111 110 110 110 110 109 109 108 108 108 108 106 106 105 105 105 105 104 104 104 103 103 103 104 103 104 104 104 105 105 105 105 105 106 107 106 106 108 108
101 116 130 124 123 129 125 125 117 115 114 114 114 115 114 114 114 113 114 114 115 115 115 115 115 115 114 113 113 113 112 112 111 112 112 112 111 112 112 111 111 110 110 109 109 108 108 108 107 107 106 105 106 105 104 105 105 105 103 104 103 104 104 104 104 104 104 105 105 105 106 106 107 107 107 108
105 115 118 117 126 125 124 121 116 116 115 114 114 114 114 113 113 113 113 114 115 115 116 116 116 116 115 115 113 114 113 112 112 112 112 112 113 112 113 112 112 111 110 110 109 109 108 108 108 107 107 107 106 106 106 105 104 104 105 105 104 105 105 105 104 105 105 105 105 106 107 107 107 107 108 109
118 111 112 123 128 128 128 129 117 116 114 114 114 114 113 113 114 113 113 114 115 116 117 116 116 116 116 116 116 115 114 113 113 113 113 113 114 114 113 112 111 111 111 111 110 110 109 108 108 108 107 107 107 107 107 106 106 105 106 105 105 105 105 106 105 105 106 106 106 107 107 107 108 107 108 108
116 111 113 124 127 128 129 127 117 116 114 114 114 113 113 113 113 113 113 115 115 116 117 118 118 118 117 116 116 116 115 115 114 114 115 115 114 114 113 112 112 111 111 111 110 109 110 109 109 109 109 108 108 108 107 107 107 107 106 106 106 106 106 105 107 106 107 107 107 107 108 108 108 107 107 108
108 110 123 125 127 129 128 122 117 115 115 113 113 113 113 113 113 113 113 114 115 117 117 119 120 119 118 116 117 116 116 115 115 115 115 115 116 115 114 112 112 111 112 111 110 110 110 110 109 109 108 108 109 109 109 108 108 108 107 106 107 107 106 107 107 107 107 107 107 107 107 107 108 108 108 107
109 110 126 130 130 129 127 123 119 114 116 113 112 112 113 112 112 112 113 114 115 115 117 118 120 119 118 117 118 117 116 115 115 116 115 115 115 115 114 113 112 111 111 111 110 111 110 109 110 110 110 109 110 110 109 110 109 108 109 108 108 108 108 108 107 108 108 108 107 108 108 108 108 108 107 108
117 119 129 134 132 130 127 126 121 114 115 113 112 112 112 112 112 112 112 114 115 115 117 117 119 119 118 117 118 117 116 116 116 115 115 113 111 112 113 113 113 113 113 112 112 112 111 112 111 111 111 111 111 111 111 111 110 110 110 109 109 109 109 109 109 109 109 109 109 108 108 108 108 108 108 108
126 120 136 133 135 132 129 126 118 113 115 112 112 111 111 111 111 111 112 112 114 115 115 117 117 118 117 117 118 117 116 117 117 116 115 114 112 112 112 113 113 113 114 113 113 113 112 112 112 113 112 112 112 112 112 112 111 111 111 111 110 110 110 110 110 110 109 109 109 109 109 109 109 109 108 109
140 120 129 138 135 130 127 126 116 113 115 111 112 111 111 111 111 111 111 112 112 114 115 116 117 117 117 117 118 117 118 117 117 116 115 115 113 113 114 114 115 114 114 113 114 113 113 114 113 113 113 113 114 114 113 113 113 113 113 111 112 112 111 112 111 111 111 110 110 110 110 109 109 109 109 109
127 126 134 139 133 127 122 120 115 112 113 111 110 110 110 111 111 110 111 111 112 112 114 114 116 117 118 118 117 118 118 118 118 118 117 116 115 115 116 115 115 115 115 115 114 114 114 114 114 114 115 115 115 115 115 115 115 115 114 113 113 113 112 112 112 112 111 111 111 111 110 110 109 109 110 109
129 139 134 134 133 129 122 117 113 113 112 111 111 111 111 110 111 110 111 111 112 111 113 115 115 116 118 118 118 119 119 118 119 118 118 117 117 117 116 116 116 115 115 116 115 115 115 115 116 116 115 116 115 115 116 116 116 115 115 114 114 115 114 113 113 113 113 112 111 111 111 111 110 110 109 110
132 139 131 135 132 128 119 115 114 117 112 111 111 110 110 110 110 110 110 111 111 112 114 115 116 117 119 119 118 120 120 121 120 120 119 119 118 118 118 117 117 117 116 116 116 116 116 116 116 117 116 116 117 117 116 116 117 116 116 116 115 115 115 115 114 113 113 113 112 113 112 111 110 111 110 110
136 137 134 134 130 126 120 116 114 118 114 112 111 110 111 110 110 110 110 110 111 113 114 116 117 119 119 119 120 121 121 122 122 122 122 121 120 120 118 118 118 118 118 117 117 117 117 117 117 117 117 118 117 117 118 117 118 117 118 117 117 116 116 115 115 115 114 114 114 113 113 112 111 111 110 111
134 135 134 133 131 123 120 120 118 121 118 114 111 112 111 111 111 110 111 110 112 113 115 117 119 119 120 121 121 122 122 123 124 124 123 123 121 121 120 119 119 119 118 119 118 118 118 119 119 118 118 118 118 118 118 119 118 119 119 118 117 117 117 117 117 116 115 115 115 115 114 114 112 112 111 112
136 136 132 131 131 123 121 122 122 122 119 119 117 114 113 113 112 111 111 111 113 114 116 118 120 120 122 122 123 123 124 124 125 125 125 124 123 122 121 121 121 120 119 119 119 119 120 120 119 119 119 119 119 119 119 119 120 120 119 119 119 119 118 118 118 118 116 117 116 116 115 114 113 113 113 113
139 134 132 126 128 126 128 126 127 126 124 122 118 118 117 113 113 112 112 113 114 117 119 120 121 123 123 124 124 125 125 125 125 126 125 125 124 123 122 122 121 121 121 120 120 120 120 120 120 120 120 120 120 120 120 120 121 120 120 120 119 120 120 119 119 119 118 118 117 117 116 116 115 114 114 114
142 136 134 126 124 128 135 133 130 128 125 125 124 122 122 118 114 113 113 115 116 119 121 122 124 125 125 125 126 126 126 126 126 126 126 125 125 124 123 123 121 121 121 121 121 121 121 120 120 121 121 122 121 120 121 122 121 121 121 121 120 120 120 121 120 120 119 119 118 118 118 118 116 116 115 116
143 137 138 127 126 124 129 137 133 133 129 123 122 122 124 123 116 115 116 117 120 122 124 125 127 126 127 128 128 127 127 127 127 126 127 126 125 125 124 124 122 122 122 122 122 122 122 120 122 122 122 121 122 121 123 123 122 123 123 122 122 122 122 122 121 121 120 120 120 119 119 118 118 118 117 117
141 141 136 130 134 137 132 135 136 139 137 129 123 123 125 129 123 120 121 122 124 126 128 128 129 129 129 129 129 129 128 128 128 128 127 127 126 125 125 124 123 123 122 123 122 122 122 122 123 122 122 122 123 123 124 123 124 123 123 123 124 124 123 124 123 122 122 121 121 121 121 120 120 119 119 119
149 140 139 139 134 136 142 142 139 142 148 142 128 125 127 130 129 126 130 130 131 131 132 132 132 131 131 131 132 131 131 129 129 129 127 127 126 126 126 125 125 124 124 123 123 122 122 123 123 123 123 123 124 124 124 124 124 124 124 125 125 124 125 125 124 124 123 123 123 122 122 122 121 120 120 119
156 149 146 150 144 139 141 147 142 142 143 142 137 133 134 131 131 132 139 138 137 136 136 135 134 134 134 133 133 132 131 132 130 130 129 129 128 128 127 126 126 124 124 124 124 124 123 124 123 124 124 124 124 125 125 125 126 125 126 126 126 125 126 126 125 126 125 125 124 123 123 123 122 123 122 121
155 156 154 158 158 151 143 150 150 150 142 141 144 140 138 135 133 139 139 141 142 140 139 138 137 136 136 135 135 134 133 132 132 131 131 130 129 128 128 127 126 126 126 125 125 125 125 125 124 124 125 125 125 126 126 126 127 127 127 127 128 127 127 127 127 127 126 126 126 125 125 124 124 124 123 122
154 155 156 162 165 163 160 147 157 156 147 143 142 144 137 134 136 147 147 147 145 144 142 141 140 138 137 137 136 136 135 135 133 133 132 131 130 130 129 128 127 127 127 126 126 125 126 126 126 126 126 126 126 127 127 127 128 128 128 128 129 129 128 129 128 127 128 128 127 126 127 126 126 125 125 124
159 165 167 169 169 169 164 151 160 161 150 147 140 142 137 135 141 146 148 145 147 146 145 143 142 140 140 138 138 137 137 136 135 134 134 132 132 131 130 129 129 128 128 127 127 127 126 126 126 126 126 127 126 127 127 127 129 129 130 130 130 130 130 130 129 130 129 129 129 128 128 127 127 126 126 125
164 168 173 174 172 171 173 161 161 169 159 153 144 142 138 138 142 146 149 148 148 149 148 145 143 141 140 141 140 138 138 138 137 135 134 133 133 132 131 130 130 129 128 129 128 127 127 126 126 126 126 127 128 128 128 129 129 130 131 131 132 132 131 131 132 132 131 130 130 129 130 129 128 128 127 127
169 166 171 176 177 179 176 173 161 172 171 163 145 137 137 139 142 145 148 149 149 148 147 145 143 143 143 142 142 140 139 138 138 137 135 135 133 133 132 131 131 130 129 129 129 128 127 127 128 127 128 127 128 129 129 130 130 131 132 133 132 133 133 133 133 133 133 132 132 131 130 131 130 129 128 128
171 167 170 171 177 183 181 178 166 171 175 165 149 139 138 140 142 144 148 149 148 147 146 145 144 144 145 143 143 142 140 139 139 139 137 135 134 134 132 131 132 130 130 129 130 129 129 128 129 129 128 128 129 129 130 130 132 132 133 133 134 135 135 135 135 134 135 134 134 133 132 131 132 130 130 129
170 172 171 179 182 181 180 177 168 163 176 170 160 149 143 141 142 144 150 148 151 147 146 146 145 144 143 144 143 143 141 141 139 139 137 136 135 135 133 132 132 131 131 131 130 130 130 130 128 128 129 129 129 130 131 131 132 133 134 135 136 136 136 137 136 136 136 135 135 135 134 134 133 131 131 131
168 168 165 164 169 180 183 179 176 168 177 176 166 156 151 141 144 144 149 151 150 149 146 145 145 144 144 143 143 142 142 141 141 139 138 138 136 135 134 133 132 133 132 131 131 131 130 130 130 130 130 129 130 130 131 132 134 134 136 137 137 138 138 138 138 138 138 137 137 136 135 135 134 133 132 132
157 163 164 178 176 179 185 184 182 178 175 180 175 165 156 141 147 149 149 151 149 150 146 145 144 145 144 143 143 142 142 141 141 141 140 138 137 136 135 135 134 133 132 133 132 132 131 131 131 130 130 131 130 131 132 133 135 136 138 138 139 140 140 140 141 140 139 139 139 137 137 136 135 135 134 133
144 152 165 170 184 186 185 185 185 183 174 182 180 176 156 144 150 153 151 153 156 148 145 146 146 144 143 143 142 142 142 141 141 140 140 138 137 137 135 135 135 134 134 133 134 132 133 132 131 131 131 132 133 133 133 134 136 138 138 140 141 141 142 142 143 142 142 141 140 139 138 137 137 136 135 135
