_episodes_rmd/data/big_extent/bio8.asc
NCOLS 660 
NROWS 720 
XLLCORNER -130 
YLLCORNER -60 
CELLSIZE 0.166666666666667 
NODATA_value -32768 
[rows 408 to 441 of 720, columns 304 to 379 of 660]
221 217 213 187 106 103 85 116 78 91 141 90 107 150 193 230 244 226 231 220 225 260 264 260 263 265 265 265 265 264 262 260 258 258 255 257 258 258 258 258 258 257 256 258 258 258 259 258 259 260 259 261 260 259 259 257 257 256 255 255 255 253 254 253 254 254 255 255 256 257 257 258 260 260 260 259
-32768 216 211 203 158 111 86 149 105 71 130 134 104 144 159 200 244 244 227 216 211 243 262 260 262 264 266 265 265 264 264 262 260 259 258 260 259 259 258 258 258 258 257 258 257 257 258 258 259 260 261 261 259 260 258 257 257 256 255 255 254 254 253 252 253 254 254 255 256 256 257 258 260 260 260 260
-32768 -32768 214 212 205 148 115 154 66 71 103 146 103 91 132 178 222 249 243 210 211 249 262 260 262 265 265 264 264 264 264 263 261 260 258 258 258 259 259 259 258 258 257 258 257 257 257 259 260 259 260 260 260 259 257 257 256 255 254 254 253 252 252 253 253 252 254 255 256 257 258 260 260 260 260 260
-32768 -32768 215 213 207 188 171 150 124 81 121 131 138 97 122 149 204 238 241 227 232 246 260 261 263 263 264 265 264 264 264 264 262 260 259 259 258 259 259 259 258 258 257 257 256 256 258 258 257 258 260 259 260 257 256 256 257 255 254 253 252 252 251 251 253 253 254 255 256 257 259 260 260 260 260 261
-32768 -32768 -32768 211 206 203 175 142 147 67 82 100 136 85 123 136 135 215 243 230 221 241 257 260 262 263 265 267 268 264 264 264 263 261 260 261 259 258 259 260 258 257 256 256 256 257 258 257 258 259 259 259 259 257 257 257 256 255 254 254 254 253 253 252 252 253 254 254 255 257 259 261 261 261 261 261
-32768 -32768 -32768 213 211 207 185 120 100 77 48 119 131 130 87 117 164 197 240 242 209 240 257 259 261 263 265 266 268 268 264 264 263 262 262 261 260 259 259 259 259 258 257 255 257 257 257 258 259 258 258 258 259 257 256 256 255 254 254 254 254 253 252 253 253 252 253 255 257 259 260 261 262 261 261 261
-32768 -32768 -32768 215 217 212 202 177 93 125 40 97 88 103 124 120 177 188 223 244 222 227 253 257 261 262 265 263 264 268 268 268 267 263 263 261 261 259 259 259 258 258 257 256 257 256 258 258 257 257 258 258 258 256 256 256 256 255 255 253 253 253 253 253 253 254 255 257 258 259 259 260 260 261 262 262
-32768 -32768 -32768 -32768 221 219 209 177 81 100 96 52 63 85 98 100 159 205 217 237 238 210 236 256 260 263 264 247 245 268 267 267 267 266 264 260 260 259 259 259 258 257 257 256 258 258 259 256 257 257 258 257 256 256 256 255 255 254 254 254 254 253 253 253 253 253 255 257 258 260 261 262 261 262 262 263
-32768 -32768 -32768 -32768 -32768 223 216 192 127 58 100 36 66 105 71 93 102 144 150 211 212 206 229 256 260 262 262 226 233 266 268 267 266 265 263 261 258 259 258 259 259 258 256 258 258 258 258 259 258 258 257 256 257 256 254 255 255 254 254 254 253 253 254 254 252 254 256 258 259 261 262 262 262 262 263 263
-32768 -32768 -32768 -32768 -32768 220 213 205 176 102 74 65 56 63 70 95 67 97 126 180 200 177 215 254 259 261 263 249 217 256 267 267 266 264 262 260 260 261 258 259 258 257 258 257 257 258 259 260 259 257 256 256 257 255 255 256 254 255 254 254 253 254 254 254 254 256 257 258 259 260 263 263 263 264 264 264
-32768 -32768 -32768 -32768 -32768 223 217 206 180 89 66 74 42 49 68 94 79 79 118 157 161 179 210 249 257 261 263 254 238 249 264 267 266 264 261 261 260 261 261 259 258 259 257 256 258 260 259 259 258 257 256 256 255 255 255 255 254 254 253 254 254 255 255 255 255 256 258 260 260 261 265 263 264 264 264 264
-32768 -32768 -32768 -32768 -32768 -32768 218 212 196 163 64 56 34 45 69 82 86 117 162 135 126 154 205 235 256 260 262 259 247 234 256 266 266 263 261 261 260 260 261 261 261 260 259 257 258 258 258 257 257 258 256 255 254 254 254 254 254 253 254 255 255 255 255 255 257 258 259 260 262 263 263 265 265 265 265 265
-32768 -32768 -32768 -32768 -32768 -32768 221 215 205 170 124 82 56 62 49 72 79 81 142 90 112 158 198 222 252 255 260 254 237 222 233 265 265 262 262 262 260 259 260 260 260 260 259 257 258 257 257 257 257 258 255 254 254 255 254 253 253 254 254 254 255 255 255 257 258 260 261 262 263 264 263 263 265 265 266 266
-32768 -32768 -32768 -32768 -32768 -32768 -32768 209 205 169 178 83 55 88 37 60 69 95 123 93 112 148 171 215 246 247 256 252 230 214 213 263 265 261 260 260 259 259 261 260 259 257 256 257 256 257 257 257 257 258 254 254 254 254 253 253 253 253 253 254 254 254 255 257 258 260 261 262 263 264 263 264 265 266 266 265
-32768 -32768 -32768 -32768 -32768 -32768 -32768 173 208 202 182 113 91 112 37 41 61 92 92 71 83 109 166 173 219 232 250 242 228 213 206 257 264 260 258 260 260 261 261 260 259 256 255 255 256 256 257 257 257 257 254 254 254 252 252 252 252 253 253 252 252 253 255 256 259 260 262 263 264 263 263 265 265 265 264 265
-32768 -32768 -32768 -32768 -32768 -32768 -32768 -32768 164 212 198 171 147 83 44 45 59 62 69 68 70 104 140 174 184 212 232 227 219 219 212 239 264 260 258 262 262 262 261 260 259 256 256 256 256 256 257 257 256 253 253 253 252 252 252 253 253 252 251 251 254 255 257 258 260 263 263 264 264 264 264 265 265 265 265 265
-32768 -32768 -32768 -32768 -32768 -32768 -32768 -32768 165 164 210 178 102 39 69 49 43 56 62 60 73 112 147 182 193 205 213 214 208 215 218 214 247 259 262 262 262 261 260 259 258 255 255 256 257 258 256 255 251 251 252 253 253 253 253 252 251 250 251 251 253 254 256 257 260 262 263 264 264 265 265 265 265 265 265 265
-32768 -32768 -32768 -32768 -32768 -32768 -32768 -32768 -32768 221 215 197 142 123 97 69 38 50 65 63 61 85 115 168 217 214 230 219 212 206 219 220 231 258 260 260 262 261 260 258 257 256 256 256 257 256 254 251 250 250 251 250 251 251 251 251 251 251 251 252 253 255 256 257 259 260 262 263 264 263 264 264 265 266 266 266
-32768 -32768 -32768 -32768 -32768 -32768 -32768 -32768 -32768 222 220 210 195 167 71 39 36 39 54 62 53 64 96 188 192 177 211 231 220 227 225 222 221 253 258 259 260 261 260 259 259 258 256 253 253 250 250 250 250 250 250 250 251 251 251 251 251 251 251 252 253 255 256 258 258 260 262 263 263 264 266 266 266 266 266 268
-32768 -32768 -32768 -32768 -32768 -32768 -32768 -32768 -32768 167 168 159 204 172 144 95 45 36 52 52 53 72 107 151 163 108 172 217 231 230 239 223 238 248 258 256 258 260 260 259 258 256 253 248 249 249 250 250 251 251 251 251 251 251 251 251 251 251 252 253 254 255 256 258 260 261 262 262 264 265 265 264 265 266 268 267
-32768 -32768 -32768 -32768 -32768 -32768 -32768 -32768 159 -32768 166 164 163 210 174 79 54 32 40 48 53 76 87 90 166 102 103 186 215 224 228 235 194 203 243 248 256 259 260 259 258 254 251 251 251 251 250 250 250 250 251 252 251 249 250 251 252 253 254 255 255 256 257 257 259 260 261 263 264 264 265 265 267 267 266 266
-32768 -32768 -32768 -32768 -32768 -32768 -32768 -32768 -32768 -32768 -32768 -32768 166 208 186 142 55 32 25 36 54 55 69 55 81 109 73 105 167 220 226 248 210 152 191 237 255 257 256 256 255 253 253 254 254 254 253 250 248 249 249 250 252 251 249 249 251 252 253 254 255 256 257 258 259 261 263 263 263 265 266 267 266 266 266 267
-32768 -32768 -32768 -32768 -32768 -32768 -32768 -32768 -32768 -32768 -32768 -32768 166 214 199 134 85 44 40 28 40 60 85 87 50 72 79 132 130 198 225 248 241 194 168 223 252 254 255 255 254 252 253 253 253 253 254 252 250 250 249 251 251 252 252 251 252 253 254 254 255 256 257 259 260 262 261 263 265 264 264 265 265 266 267 267
-32768 -32768 -32768 -32768 -32768 -32768 -32768 -32768 -32768 160 -32768 -32768 167 161 207 186 159 84 29 20 31 53 63 94 93 45 79 133 145 152 215 244 251 217 190 199 249 250 255 251 239 240 244 250 251 252 253 254 253 251 251 251 251 251 253 254 253 254 254 255 257 257 258 260 261 261 262 264 264 264 265 265 266 266 267 266
-32768 -32768 -32768 -32768 -32768 -32768 -32768 -32768 -32768 -32768 -32768 -32768 163 160 223 205 158 98 55 39 35 40 59 77 116 64 97 161 160 187 186 246 231 202 181 176 232 249 252 248 224 213 218 219 232 249 250 252 253 253 251 251 252 252 252 253 254 255 256 256 256 258 258 260 260 261 264 264 264 265 265 266 266 266 266 267
-32768 -32768 -32768 -32768 -32768 -32768 -32768 -32768 -32768 -32768 -32768 -32768 -32768 161 162 216 179 115 114 43 28 51 38 62 83 84 112 155 102 150 210 240 235 180 152 184 205 230 243 238 220 203 186 187 212 234 245 250 252 254 253 252 252 253 253 254 254 255 256 258 258 258 259 260 261 262 264 263 264 265 265 266 266 266 267 267
-32768 -32768 -32768 -32768 -32768 -32768 -32768 -32768 -32768 -32768 -32768 -32768 -32768 -32768 165 160 205 175 122 53 62 43 32 49 77 90 87 108 138 113 170 206 239 179 123 165 206 218 238 229 207 195 163 139 180 209 219 242 252 252 253 254 254 253 254 254 254 255 257 258 259 260 261 262 263 264 264 264 264 265 265 265 266 267 267 267
-32768 -32768 -32768 -32768 -32768 -32768 -32768 -32768 -32768 -32768 -32768 -32768 -32768 -32768 -32768 162 218 184 151 60 95 30 29 34 64 59 99 87 98 111 100 133 207 223 150 178 220 232 223 222 211 189 173 149 169 206 222 239 248 251 251 253 254 255 255 256 256 257 259 260 261 262 262 263 263 263 264 264 265 266 266 266 267 267 267 267
-32768 -32768 -32768 -32768 -32768 -32768 -32768 -32768 -32768 -32768 -32768 -32768 -32768 -32768 -32768 164 162 211 170 119 144 61 38 36 40 45 76 79 114 135 113 100 158 210 205 202 212 207 195 184 198 181 179 150 140 199 229 240 243 248 250 253 254 254 255 256 257 258 259 260 261 261 262 262 263 263 264 265 266 266 267 267 267 267 267 267
-32768 -32768 -32768 -32768 -32768 -32768 -32768 -32768 -32768 -32768 -32768 -32768 -32768 -32768 -32768 -32768 164 224 202 188 143 76 44 35 30 34 53 83 105 140 138 86 98 131 218 191 165 170 127 176 162 156 110 127 129 152 219 239 236 233 244 250 251 250 253 256 257 258 259 260 261 261 262 262 263 264 264 265 266 266 267 267 267 267 267 267
-32768 -32768 -32768 -32768 -32768 -32768 -32768 -32768 -32768 -32768 -32768 -32768 -32768 -32768 -32768 -32768 164 163 221 183 110 69 79 41 38 28 42 64 68 120 158 114 135 118 161 200 149 113 118 135 170 112 79 93 86 123 166 208 218 225 232 237 241 247 250 254 257 256 259 260 260 261 262 263 263 263 264 265 265 266 267 267 267 267 267 267
-32768 -32768 -32768 -32768 -32768 -32768 -32768 -32768 -32768 -32768 -32768 -32768 -32768 -32768 -32768 -32768 -32768 162 170 212 178 122 129 68 41 37 41 42 53 96 111 117 113 170 120 163 140 71 81 69 117 94 98 86 74 92 115 138 155 166 211 230 242 241 241 241 248 253 256 257 259 260 261 261 262 262 263 264 265 266 267 267 267 267 268 267
-32768 -32768 -32768 -32768 -32768 -32768 -32768 -32768 -32768 -32768 -32768 -32768 -32768 -32768 -32768 -32768 -32768 -32768 163 227 209 173 121 115 59 43 57 43 50 89 93 90 127 125 144 159 182 156 143 105 87 91 101 107 96 91 105 80 75 96 171 173 204 227 231 233 247 243 251 252 254 257 260 261 262 262 263 264 265 266 266 267 267 267 267 267
-32768 -32768 -32768 -32768 -32768 -32768 -32768 -32768 -32768 -32768 -32768 -32768 -32768 -32768 -32768 -32768 -32768 -32768 174 167 210 183 176 121 70 53 70 81 81 86 114 118 105 143 96 132 132 137 118 107 138 119 102 89 101 107 89 93 57 63 112 71 115 175 198 207 227 235 235 234 245 252 258 259 253 260 262 263 264 266 267 267 267 267 267 267
