_episodes_rmd/data/big_extent/bio8.asc
NCOLS 660 
NROWS 720 
XLLCORNER -130 
YLLCORNER -60 
CELLSIZE 0.166666666666667 
NODATA_value -32768 
[rows 102 to 135 of 720, columns 228 to 303 of 660]
204 204 207 210 210 212 208 207 207 205 204 203 204 204 206 205 207 208 198 197 197 196 198 207 206 203 197 197 197 196 196 196 196 161 160 195 194 194 194 195 194 193 192 192 192 192 191 192 193 194 194 204 204 205 206 205 205 204 195 199 197 195 193 190 189 181 181 183 184 185 150 188 189 155 156 157
205 204 206 209 212 214 213 211 212 209 207 205 206 205 206 207 207 209 209 197 198 209 208 206 203 201 198 198 198 198 198 198 198 197 196 195 193 192 194 195 194 193 192 201 201 201 201 202 203 203 204 206 207 209 210 209 208 206 205 203 200 197 194 191 188 189 184 186 187 151 154 156 157 157 157 158
210 207 207 208 210 210 212 216 215 212 208 207 208 208 207 208 209 210 210 210 210 211 208 205 202 198 199 200 200 200 200 200 199 198 197 194 191 191 195 195 195 194 192 201 202 202 202 203 203 204 206 209 212 214 214 212 211 210 209 207 204 200 197 194 191 192 188 190 190 156 158 158 159 108 108 109
213 212 210 211 211 211 212 213 215 214 211 209 208 209 209 209 211 213 211 211 211 211 209 207 205 205 201 202 203 203 202 202 201 200 198 195 193 194 197 198 197 195 193 202 203 203 204 203 205 206 209 213 215 215 215 214 213 213 213 210 207 204 201 198 196 196 197 192 194 159 160 109 109 110 110 106
217 216 215 213 213 213 214 214 213 214 213 210 208 209 211 211 212 213 213 213 212 211 210 209 209 211 211 211 206 205 205 204 203 202 200 198 196 196 199 199 198 206 204 182 204 205 204 203 205 207 212 214 215 214 213 213 214 214 214 212 210 207 204 202 200 199 200 195 196 197 163 112 111 106 99 96
219 220 219 217 216 216 216 216 216 216 214 212 209 209 210 212 213 214 214 214 212 211 212 212 215 216 216 216 215 208 207 206 205 204 202 199 198 198 209 209 208 206 183 182 181 203 204 204 206 209 212 215 215 213 212 213 214 215 215 214 211 209 207 205 203 203 202 203 204 198 199 195 187 191 188 189
220 222 223 222 219 218 219 220 220 220 218 217 213 212 212 213 213 214 213 214 214 214 215 216 218 221 221 219 217 217 216 208 207 205 204 200 208 208 209 208 207 206 204 181 180 182 205 206 209 212 215 218 217 215 214 215 215 215 215 214 213 211 210 208 206 205 204 203 201 200 197 193 192 189 188 187
222 224 226 225 223 221 222 224 224 224 222 220 217 216 215 214 214 213 213 215 216 216 217 219 221 223 224 221 219 218 217 216 215 215 214 212 211 210 209 208 207 185 183 183 183 185 187 209 211 214 218 220 219 217 217 216 216 216 215 215 214 213 211 210 207 202 201 199 197 196 193 192 190 188 186 186
224 226 229 228 227 226 225 225 227 226 225 223 221 219 217 216 215 195 196 196 196 197 197 219 220 221 221 219 218 216 215 215 216 217 215 214 212 191 189 188 186 186 185 186 186 188 190 191 213 216 220 220 219 218 218 218 217 216 216 216 215 214 211 206 178 175 200 198 197 196 194 192 190 188 187 187
227 228 229 229 228 228 227 226 226 226 225 224 223 221 220 219 199 199 198 198 198 199 199 199 198 151 151 149 149 194 214 216 217 217 196 149 147 146 190 189 189 189 189 189 190 191 192 193 194 195 197 197 196 195 195 216 193 192 191 193 192 189 187 183 180 179 182 180 179 177 196 194 195 193 190 188
209 209 208 209 218 229 227 225 225 225 224 223 222 201 201 203 203 201 201 200 200 201 200 200 154 153 152 151 150 194 195 216 196 197 196 150 148 147 190 191 192 193 193 192 192 192 193 195 195 195 196 196 196 194 192 191 189 187 188 189 188 186 187 185 183 183 184 183 181 180 177 195 195 195 192 171
209 209 208 207 216 218 228 207 206 225 224 204 203 202 203 206 205 203 203 202 202 202 201 200 200 154 153 153 152 151 196 196 196 196 195 193 192 192 192 193 195 196 196 195 194 194 195 195 195 195 195 195 196 193 190 189 187 186 185 185 184 185 188 187 185 185 185 185 183 182 179 177 176 176 176 173
210 209 208 207 207 208 208 207 206 206 206 205 204 203 205 207 206 204 205 205 204 203 202 202 201 200 199 199 199 154 198 198 197 197 196 195 194 193 194 195 197 198 198 197 197 197 197 197 196 196 196 196 195 192 189 187 186 184 183 184 185 186 188 187 186 185 183 183 183 184 182 179 179 178 178 176
220 219 209 208 209 209 208 207 207 208 208 207 206 206 207 207 207 207 207 206 206 205 204 204 202 201 201 201 200 199 199 200 199 199 198 196 195 194 195 196 197 199 199 200 200 199 199 197 196 196 196 196 195 192 189 185 183 184 183 184 186 186 188 188 187 185 183 184 186 186 187 186 183 181 181 178
221 221 211 211 210 209 209 208 208 209 209 208 209 209 209 209 209 209 209 208 206 206 205 204 203 202 202 200 200 200 200 201 201 200 198 197 196 196 196 196 197 198 199 200 201 200 198 197 195 195 196 195 195 192 190 184 183 182 183 184 187 187 188 189 188 186 186 187 188 188 190 189 188 186 182 181
221 222 213 212 210 210 210 210 210 210 211 212 213 212 211 211 211 211 210 208 207 207 207 205 204 203 203 202 201 202 202 202 202 201 200 198 197 196 197 196 196 196 197 198 199 198 197 195 196 193 194 195 195 193 191 187 185 185 185 186 190 190 189 191 189 188 188 189 189 185 188 191 191 188 184 184
223 213 214 213 212 211 211 211 210 211 212 214 214 213 213 212 211 211 210 209 209 209 208 208 206 205 203 203 203 201 200 201 202 201 200 199 198 198 199 199 196 195 195 196 197 198 197 196 195 194 194 196 195 195 194 190 189 189 188 190 192 193 192 190 190 190 189 190 189 185 187 189 192 191 186 182
223 214 215 216 213 212 211 212 212 212 213 214 214 214 214 213 213 211 211 211 210 211 210 209 208 206 205 205 203 201 200 201 202 201 201 201 201 201 200 198 195 193 194 195 197 199 201 199 196 196 195 197 197 198 199 194 192 194 193 194 194 194 194 193 189 188 189 191 187 185 186 189 192 190 186 174
214 216 217 217 214 213 212 212 214 213 211 212 213 215 215 214 214 213 212 212 212 213 213 212 210 208 207 208 206 203 201 201 202 203 204 204 203 202 200 197 192 192 194 195 197 200 204 205 200 197 195 197 199 201 202 198 196 194 193 194 196 194 195 193 189 187 189 190 187 185 186 188 191 189 176 171
217 219 218 218 217 214 213 214 215 212 211 212 214 215 174 216 215 214 214 213 214 214 214 213 212 211 210 210 208 206 204 204 203 205 208 207 205 204 202 198 194 194 196 196 198 202 207 207 202 199 198 199 200 202 202 197 195 194 192 193 194 195 195 194 191 190 191 189 187 185 187 190 193 180 174 172
219 220 219 217 217 216 213 214 215 213 212 213 173 174 175 217 217 217 215 215 214 214 214 213 212 212 211 211 210 208 207 206 206 206 208 208 208 206 203 200 198 198 198 199 201 204 205 205 203 200 200 201 202 202 201 197 195 195 194 195 195 197 198 198 195 194 194 191 188 187 190 193 189 179 172 165
219 219 217 216 213 214 216 215 216 214 214 214 174 175 176 176 217 217 217 215 214 214 214 213 214 214 214 212 211 210 208 207 207 207 208 208 209 208 205 202 201 202 201 203 110 109 109 204 203 201 201 202 202 202 201 197 195 195 196 197 198 199 202 222 198 196 195 193 189 190 193 192 186 179 169 164
218 218 216 215 213 213 216 218 217 216 216 216 175 176 176 177 176 217 217 216 215 215 215 215 215 216 216 213 212 212 209 208 208 207 208 208 211 210 207 205 204 203 205 113 112 111 110 108 203 201 108 110 109 108 201 199 197 197 198 199 200 202 223 222 217 215 195 193 210 211 213 191 186 175 169 162
217 217 216 216 216 217 216 219 218 217 218 218 177 177 178 177 177 177 218 217 216 215 215 216 217 218 219 216 214 213 212 210 209 209 208 209 211 117 116 114 112 112 114 114 114 115 111 109 202 109 110 112 110 111 202 199 199 200 201 202 203 203 201 220 217 215 214 213 211 211 189 184 179 174 166 156
216 216 217 215 216 217 219 220 221 222 223 223 180 179 179 179 178 178 218 218 217 216 216 119 120 219 220 218 216 216 214 212 209 208 207 210 212 119 118 116 115 115 115 116 114 114 112 110 110 110 113 115 113 204 202 202 201 203 204 205 205 204 201 218 216 215 215 215 213 209 185 176 175 167 164 162
175 217 217 218 216 217 217 218 222 225 227 227 182 182 181 180 180 179 219 219 122 122 121 121 121 122 122 218 219 218 216 212 209 208 209 210 119 120 120 119 119 119 117 117 115 114 112 112 112 203 204 205 201 204 205 205 203 204 205 205 205 204 221 218 216 215 215 213 213 186 176 169 170 160 157 170
177 176 177 176 178 179 178 218 220 224 228 186 184 183 183 182 125 124 124 124 123 123 124 124 125 124 125 123 124 219 216 212 210 116 115 116 118 121 121 121 120 120 118 117 116 115 114 113 204 204 204 203 203 202 205 207 206 205 204 204 225 223 223 220 219 216 215 211 186 181 169 166 159 161 162 171
177 177 177 175 177 178 179 125 125 126 128 225 185 185 128 127 126 125 123 124 125 125 126 128 128 128 126 125 125 125 124 121 118 117 118 119 120 124 123 121 120 119 120 118 117 117 116 116 206 204 203 201 201 201 203 206 208 207 205 204 205 226 225 222 218 215 209 183 179 173 164 162 165 163 166 173
178 177 176 176 175 177 126 125 125 126 126 127 129 129 128 128 127 126 125 124 126 127 128 129 130 129 128 127 126 126 126 124 121 122 122 122 123 127 125 123 121 120 121 121 120 119 118 207 206 206 205 202 200 200 202 203 206 205 204 203 203 204 203 200 215 212 206 180 174 164 159 171 172 172 179 180
180 179 177 175 175 176 125 125 125 124 127 128 129 129 129 129 128 127 127 126 127 128 130 131 131 131 131 130 129 129 128 128 125 125 125 125 127 129 128 126 212 210 212 212 122 211 210 208 207 207 206 204 201 201 201 203 204 204 203 203 201 200 198 194 193 189 179 172 164 168 175 174 181 183 189 188
180 180 179 176 126 126 125 125 125 123 125 127 129 129 129 130 130 129 128 128 129 131 132 133 133 134 134 133 132 130 130 128 128 127 126 127 129 132 130 128 213 213 213 215 214 213 212 211 209 207 205 205 204 202 203 203 203 205 203 203 199 195 190 187 186 186 174 172 175 181 179 182 186 194 191 197
178 179 128 128 128 127 126 127 124 124 123 126 128 130 132 131 131 130 129 129 132 133 134 135 136 136 136 134 133 132 131 130 129 127 127 128 128 131 133 130 128 213 213 215 216 215 213 212 209 206 207 207 207 206 204 205 204 206 206 200 198 191 186 185 182 180 183 180 185 183 182 193 195 200 198 206
176 127 129 130 130 129 129 126 126 126 125 125 128 131 133 133 131 130 130 131 132 133 134 137 138 138 137 136 135 134 133 132 130 129 129 129 131 132 133 132 129 212 211 213 214 214 212 209 208 207 209 210 210 207 206 207 207 206 205 203 199 196 191 188 182 180 188 190 186 181 184 193 204 205 202 203
127 129 132 132 132 131 131 130 129 127 127 127 129 134 135 137 134 135 135 135 134 136 137 137 139 140 139 139 137 136 135 133 132 131 131 132 133 133 133 132 130 211 211 211 210 211 209 207 205 207 207 210 209 207 205 206 207 207 203 200 197 194 191 186 183 187 189 189 176 181 188 198 207 206 203 211
