_episodes_rmd/data/big_extent/bio8.asc
NCOLS 660 
NROWS 720 
XLLCORNER -130 
YLLCORNER -60 
CELLSIZE 0.166666666666667 
NODATA_value -32768 
[rows 578 to 611 of 720, columns 380 to 455 of 660]
230 230 231 220 220 220 219 219 219 219 217 217 217 218 217 218 221 222 222 222 223 223 222 222 221 220 218 216 215 214 214 213 213 213 213 212 212 211 210 210 209 208 208 207 207 207 207 207 207 207 207 207 207 207 208 148 148 152 155 157 -32768 -32768 -32768 -32768 -32768 -32768 -32768 -32768 -32768 -32768 -32768 -32768 -32768 -32768 -32768 -32768
230 230 230 220 219 218 218 218 219 218 217 217 216 216 216 216 221 221 220 221 221 221 220 220 188 187 216 215 214 214 213 213 212 212 211 211 210 209 208 208 207 206 206 205 205 205 205 205 206 206 206 206 206 207 208 147 147 150 153 156 -32768 -32768 -32768 -32768 -32768 -32768 -32768 -32768 -32768 -32768 -32768 -32768 -32768 -32768 -32768 -32768
230 230 231 220 219 218 216 214 214 214 214 214 215 216 216 216 220 220 219 220 219 219 219 188 188 187 186 215 213 213 212 212 211 211 210 209 207 207 207 206 205 204 203 203 203 203 203 204 204 205 205 205 206 206 207 148 148 151 153 155 -32768 -32768 -32768 -32768 -32768 -32768 -32768 -32768 -32768 -32768 -32768 -32768 -32768 -32768 -32768 -32768
192 231 223 223 222 221 219 212 211 212 213 213 214 216 216 216 188 187 218 218 218 218 187 187 188 188 186 182 213 211 211 211 210 209 208 208 207 206 205 203 203 201 201 201 201 201 202 202 203 204 204 204 204 205 206 206 149 151 153 155 -32768 -32768 -32768 -32768 -32768 -32768 -32768 -32768 -32768 -32768 -32768 -32768 -32768 -32768 -32768 -32768
192 222 222 222 222 220 219 219 217 217 217 217 185 214 214 215 218 187 217 217 217 186 187 186 186 186 183 179 210 209 209 209 209 208 208 207 206 205 202 201 200 197 199 199 198 199 199 201 201 202 203 203 203 203 204 204 149 151 153 154 -32768 -32768 -32768 -32768 -32768 -32768 -32768 -32768 -32768 -32768 -32768 -32768 -32768 -32768 -32768 -32768
192 222 222 222 221 221 218 217 216 215 215 216 217 217 186 186 218 217 217 217 217 185 183 183 181 179 176 173 207 207 207 208 208 207 207 206 205 203 201 200 198 198 196 196 195 196 198 200 200 202 202 202 201 201 201 202 202 203 152 -32768 -32768 -32768 -32768 -32768 -32768 -32768 -32768 -32768 -32768 -32768 -32768 -32768 -32768 -32768 -32768 -32768
191 221 222 222 222 221 220 219 217 216 217 216 217 217 216 216 216 216 216 216 215 214 179 177 175 172 170 168 204 205 206 206 206 206 207 206 204 203 201 200 198 197 196 194 193 192 196 199 200 201 201 200 199 198 198 199 199 200 -32768 -32768 -32768 -32768 -32768 -32768 -32768 -32768 -32768 -32768 -32768 -32768 -32768 -32768 -32768 -32768 -32768 -32768
189 220 221 221 221 221 221 220 218 215 213 215 216 216 216 216 216 216 184 184 183 213 176 173 168 166 164 164 203 203 204 205 205 206 206 206 205 204 202 201 200 199 197 194 191 191 195 197 198 200 200 199 196 195 196 196 197 198 -32768 -32768 -32768 -32768 -32768 -32768 -32768 -32768 -32768 -32768 -32768 -32768 -32768 -32768 -32768 -32768 -32768 -32768
188 218 219 220 221 221 221 220 219 216 215 215 216 216 216 216 217 216 216 185 183 212 174 171 167 164 157 197 201 201 202 203 204 205 205 205 205 204 202 201 201 200 199 197 195 193 194 195 196 198 198 172 171 171 192 194 195 -32768 -32768 -32768 -32768 -32768 -32768 -32768 -32768 -32768 -32768 -32768 -32768 -32768 -32768 -32768 -32768 -32768 -32768 -32768
188 188 218 219 220 220 218 218 219 218 216 218 216 216 217 216 216 216 215 213 213 212 211 172 170 167 201 192 197 195 200 201 203 204 176 177 176 204 203 202 201 200 200 198 198 197 195 195 194 195 171 167 166 168 189 192 -32768 -32768 -32768 -32768 -32768 -32768 -32768 -32768 -32768 -32768 -32768 -32768 -32768 -32768 -32768 -32768 -32768 -32768 -32768 -32768
188 188 188 220 220 219 216 217 218 216 216 219 220 221 221 221 219 217 216 215 213 212 211 211 209 208 205 196 194 198 196 198 201 175 177 177 177 176 176 203 201 201 200 199 198 197 197 197 196 195 171 168 167 168 170 -32768 -32768 -32768 -32768 -32768 -32768 -32768 -32768 -32768 -32768 -32768 -32768 -32768 -32768 -32768 -32768 -32768 -32768 -32768 -32768 -32768
187 188 189 221 220 219 218 216 215 215 215 217 184 184 186 220 221 222 220 217 214 212 212 213 212 209 207 204 197 203 198 195 172 176 178 178 178 178 178 177 175 202 200 199 198 197 197 196 196 171 171 170 170 170 171 -32768 -32768 -32768 -32768 -32768 -32768 -32768 -32768 -32768 -32768 -32768 -32768 -32768 -32768 -32768 -32768 -32768 -32768 -32768 -32768 -32768
188 188 189 155 155 155 152 151 217 218 216 181 182 183 185 222 188 221 219 220 219 187 187 185 185 211 210 208 206 205 201 174 174 175 178 179 180 180 181 179 178 177 176 200 198 197 196 195 171 171 171 171 170 -32768 -32768 -32768 -32768 -32768 -32768 -32768 -32768 -32768 -32768 -32768 -32768 -32768 -32768 -32768 -32768 -32768 -32768 -32768 -32768 -32768 -32768 -32768
189 188 189 155 156 155 154 154 154 152 184 182 183 186 189 189 187 186 221 192 191 192 190 188 188 216 214 212 209 206 177 177 176 177 178 179 181 181 182 181 179 178 176 175 174 173 138 138 137 170 -32768 -32768 -32768 -32768 -32768 -32768 -32768 -32768 -32768 -32768 -32768 -32768 -32768 -32768 -32768 -32768 -32768 -32768 -32768 -32768 -32768 -32768 -32768 -32768 -32768 -32768
190 190 190 156 156 155 154 153 154 153 187 185 185 186 187 187 186 185 189 189 190 191 193 191 192 193 218 214 210 206 181 180 179 179 180 181 181 181 181 180 179 178 177 175 175 140 -32768 -32768 -32768 -32768 -32768 -32768 -32768 -32768 -32768 -32768 -32768 -32768 -32768 -32768 -32768 -32768 -32768 -32768 -32768 -32768 -32768 -32768 -32768 -32768 -32768 -32768 -32768 -32768 -32768 -32768
189 188 188 154 154 154 154 153 153 152 152 152 186 185 184 184 184 188 188 189 189 190 191 191 192 192 192 214 210 184 182 182 181 181 181 181 181 181 181 180 180 -32768 -32768 -32768 -32768 -32768 -32768 -32768 -32768 -32768 -32768 -32768 -32768 -32768 -32768 -32768 -32768 -32768 -32768 -32768 -32768 -32768 -32768 -32768 -32768 -32768 -32768 -32768 -32768 -32768 -32768 -32768 -32768 -32768 -32768 -32768
190 190 190 154 153 154 154 153 153 152 151 151 150 184 184 184 184 188 189 189 190 189 190 190 190 190 191 187 185 184 183 182 181 181 -32768 -32768 -32768 -32768 -32768 -32768 -32768 -32768 -32768 -32768 -32768 -32768 -32768 -32768 -32768 -32768 -32768 -32768 -32768 -32768 -32768 -32768 -32768 -32768 -32768 -32768 -32768 -32768 -32768 -32768 -32768 -32768 -32768 -32768 -32768 -32768 -32768 -32768 -32768 -32768 -32768 -32768
187 187 189 155 156 156 153 153 152 152 152 152 151 151 150 184 186 187 188 188 189 189 190 189 189 189 186 185 184 -32768 -32768 -32768 -32768 -32768 -32768 -32768 -32768 -32768 -32768 -32768 -32768 -32768 -32768 -32768 -32768 -32768 -32768 -32768 -32768 -32768 -32768 -32768 -32768 -32768 -32768 -32768 -32768 -32768 -32768 -32768 -32768 -32768 -32768 -32768 -32768 -32768 -32768 -32768 -32768 -32768 -32768 -32768 -32768 -32768 -32768 -32768
186 186 187 187 155 156 155 153 152 152 151 151 151 150 150 185 185 185 185 186 187 188 188 188 188 187 185 182 -32768 -32768 -32768 -32768 -32768 -32768 -32768 -32768 -32768 -32768 -32768 -32768 -32768 -32768 -32768 -32768 -32768 -32768 -32768 -32768 -32768 -32768 -32768 -32768 -32768 -32768 -32768 -32768 -32768 -32768 -32768 -32768 -32768 -32768 -32768 -32768 -32768 -32768 -32768 -32768 -32768 -32768 -32768 -32768 -32768 -32768 -32768 -32768
184 185 185 186 153 155 156 154 152 153 152 151 151 150 150 183 184 184 185 185 186 187 187 187 186 185 183 181 -32768 -32768 -32768 -32768 -32768 -32768 -32768 -32768 -32768 -32768 -32768 -32768 -32768 -32768 -32768 -32768 -32768 -32768 -32768 -32768 -32768 -32768 -32768 -32768 -32768 -32768 -32768 -32768 -32768 -32768 -32768 -32768 -32768 -32768 -32768 -32768 -32768 -32768 -32768 -32768 -32768 -32768 -32768 -32768 -32768 -32768 -32768 -32768
183 183 184 185 151 153 150 155 154 149 148 147 183 185 184 183 183 184 186 186 185 186 186 185 185 183 182 180 -32768 -32768 -32768 -32768 -32768 -32768 -32768 -32768 -32768 -32768 -32768 -32768 -32768 -32768 -32768 -32768 -32768 -32768 -32768 -32768 -32768 -32768 -32768 -32768 -32768 -32768 -32768 -32768 -32768 -32768 -32768 -32768 -32768 -32768 -32768 -32768 -32768 -32768 -32768 -32768 -32768 -32768 -32768 -32768 -32768 -32768 -32768 -32768
146 143 183 146 146 146 147 148 149 149 149 149 148 182 183 183 183 184 184 184 184 184 184 183 182 181 180 180 -32768 -32768 -32768 -32768 -32768 -32768 -32768 -32768 -32768 -32768 -32768 -32768 -32768 -32768 -32768 -32768 -32768 -32768 -32768 -32768 -32768 -32768 -32768 -32768 -32768 -32768 -32768 -32768 -32768 -32768 -32768 -32768 -32768 -32768 -32768 -32768 -32768 -32768 -32768 -32768 -32768 -32768 -32768 -32768 -32768 -32768 -32768 -32768
143 144 144 145 147 147 146 146 147 147 147 148 147 147 181 181 182 182 182 182 183 182 181 181 180 179 179 177 -32768 -32768 -32768 -32768 -32768 -32768 -32768 -32768 -32768 -32768 -32768 -32768 -32768 -32768 -32768 -32768 -32768 -32768 -32768 -32768 -32768 -32768 -32768 -32768 -32768 -32768 -32768 -32768 -32768 -32768 -32768 -32768 -32768 -32768 -32768 -32768 -32768 -32768 -32768 -32768 -32768 -32768 -32768 -32768 -32768 -32768 -32768 -32768
140 143 145 143 146 150 153 150 150 148 147 146 146 146 147 181 146 181 146 181 181 180 180 179 178 178 177 176 -32768 -32768 -32768 -32768 -32768 -32768 -32768 -32768 -32768 -32768 -32768 -32768 -32768 -32768 -32768 -32768 -32768 -32768 -32768 -32768 -32768 -32768 -32768 -32768 -32768 -32768 -32768 -32768 -32768 -32768 -32768 -32768 -32768 -32768 -32768 -32768 -32768 -32768 -32768 -32768 -32768 -32768 -32768 -32768 -32768 -32768 -32768 -32768
141 145 147 147 144 147 150 154 156 156 153 147 146 145 146 146 146 147 146 146 145 180 180 178 177 176 174 174 -32768 -32768 -32768 -32768 -32768 -32768 -32768 -32768 -32768 -32768 -32768 -32768 -32768 -32768 -32768 -32768 -32768 -32768 -32768 -32768 -32768 -32768 -32768 -32768 -32768 -32768 -32768 -32768 -32768 -32768 -32768 -32768 -32768 -32768 -32768 -32768 -32768 -32768 -32768 -32768 -32768 -32768 -32768 -32768 -32768 -32768 -32768 -32768
138 140 141 145 145 144 144 145 148 149 149 148 147 146 146 146 146 145 146 145 144 144 178 177 176 174 173 -32768 -32768 -32768 -32768 -32768 -32768 -32768 -32768 -32768 -32768 -32768 -32768 -32768 -32768 -32768 -32768 -32768 -32768 -32768 -32768 -32768 -32768 -32768 -32768 -32768 -32768 -32768 -32768 -32768 -32768 -32768 -32768 -32768 -32768 -32768 -32768 -32768 -32768 -32768 -32768 -32768 -32768 -32768 -32768 -32768 -32768 -32768 -32768 -32768
132 136 137 141 143 142 143 144 147 151 154 152 148 146 146 145 144 144 145 145 144 143 177 176 174 172 171 -32768 -32768 -32768 -32768 -32768 -32768 -32768 -32768 -32768 -32768 -32768 -32768 -32768 -32768 -32768 -32768 -32768 -32768 -32768 -32768 -32768 -32768 -32768 -32768 -32768 -32768 -32768 -32768 -32768 -32768 -32768 -32768 -32768 -32768 -32768 -32768 -32768 -32768 -32768 -32768 -32768 -32768 -32768 -32768 -32768 -32768 -32768 -32768 -32768
124 126 131 134 136 139 141 143 144 149 154 153 151 147 146 146 144 144 143 142 141 176 176 174 173 171 171 -32768 -32768 -32768 -32768 -32768 -32768 -32768 -32768 -32768 -32768 -32768 -32768 -32768 -32768 -32768 -32768 -32768 -32768 -32768 -32768 -32768 -32768 -32768 -32768 -32768 -32768 -32768 -32768 -32768 -32768 -32768 -32768 -32768 -32768 -32768 -32768 -32768 -32768 -32768 -32768 -32768 -32768 -32768 -32768 -32768 -32768 -32768 -32768 -32768
113 118 124 129 133 137 140 142 146 150 -32768 -32768 -32768 -32768 149 148 144 143 142 142 141 141 174 174 173 -32768 -32768 -32768 -32768 -32768 -32768 -32768 -32768 -32768 -32768 -32768 -32768 -32768 -32768 -32768 -32768 -32768 -32768 -32768 -32768 -32768 -32768 -32768 -32768 -32768 -32768 -32768 -32768 -32768 -32768 -32768 -32768 -32768 -32768 -32768 -32768 -32768 -32768 -32768 -32768 -32768 -32768 -32768 -32768 -32768 -32768 -32768 -32768 -32768 -32768 -32768
138 110 119 124 128 134 138 140 143 148 -32768 -32768 -32768 -32768 -32768 -32768 -32768 -32768 -32768 144 -32768 -32768 -32768 -32768 -32768 -32768 -32768 -32768 -32768 -32768 -32768 -32768 -32768 -32768 -32768 -32768 -32768 -32768 -32768 -32768 -32768 -32768 -32768 -32768 -32768 -32768 -32768 -32768 -32768 -32768 -32768 -32768 -32768 -32768 -32768 -32768 -32768 -32768 -32768 -32768 -32768 -32768 -32768 -32768 -32768 -32768 -32768 -32768 -32768 -32768 -32768 -32768 -32768 -32768 -32768 -32768
135 107 116 123 128 133 136 139 142 146 -32768 -32768 -32768 -32768 -32768 -32768 -32768 -32768 -32768 -32768 -32768 -32768 -32768 -32768 -32768 -32768 -32768 -32768 -32768 -32768 -32768 -32768 -32768 -32768 -32768 -32768 -32768 -32768 -32768 -32768 -32768 -32768 -32768 -32768 -32768 -32768 -32768 -32768 -32768 -32768 -32768 -32768 -32768 -32768 -32768 -32768 -32768 -32768 -32768 -32768 -32768 -32768 -32768 -32768 -32768 -32768 -32768 -32768 -32768 -32768 -32768 -32768 -32768 -32768 -32768 -32768
100 110 117 123 128 130 133 135 140 146 -32768 -32768 -32768 -32768 -32768 -32768 -32768 -32768 -32768 -32768 -32768 -32768 -32768 -32768 -32768 -32768 -32768 -32768 -32768 -32768 -32768 -32768 -32768 -32768 -32768 -32768 -32768 -32768 -32768 -32768 -32768 -32768 -32768 -32768 -32768 -32768 -32768 -32768 -32768 -32768 -32768 -32768 -32768 -32768 -32768 -32768 -32768 -32768 -32768 -32768 -32768 -32768 -32768 -32768 -32768 -32768 -32768 -32768 -32768 -32768 -32768 -32768 -32768 -32768 -32768 -32768
109 111 116 120 122 128 129 133 137 144 -32768 -32768 -32768 -32768 -32768 -32768 -32768 -32768 -32768 -32768 -32768 -32768 -32768 -32768 -32768 -32768 -32768 -32768 -32768 -32768 -32768 -32768 -32768 -32768 -32768 -32768 -32768 -32768 -32768 -32768 -32768 -32768 -32768 -32768 -32768 -32768 -32768 -32768 -32768 -32768 -32768 -32768 -32768 -32768 -32768 -32768 -32768 -32768 -32768 -32768 -32768 -32768 -32768 -32768 -32768 -32768 -32768 -32768 -32768 -32768 -32768 -32768 -32768 -32768 -32768 -32768
113 114 118 122 125 128 130 133 138 144 -32768 -32768 -32768 -32768 -32768 -32768 -32768 -32768 -32768 -32768 -32768 -32768 -32768 -32768 -32768 -32768 -32768 -32768 -32768 -32768 -32768 -32768 -32768 -32768 -32768 -32768 -32768 -32768 -32768 -32768 -32768 -32768 -32768 -32768 -32768 -32768 -32768 -32768 -32768 -32768 -32768 -32768 -32768 -32768 -32768 -32768 -32768 -32768 -32768 -32768 -32768 -32768 -32768 -32768 -32768 -32768 -32768 -32768 -32768 -32768 -32768 -32768 -32768 -32768 -32768 -32768
