_episodes_rmd/data/big_extent/bio8.asc
NCOLS 660 
NROWS 720 
XLLCORNER -130 
YLLCORNER -60 
CELLSIZE 0.166666666666667 
NODATA_value -32768 
[rows 544 to 577 of 720, columns 380 to 455 of 660]
235 245 253 263 266 267 267 261 254 248 241 234 212 190 198 209 222 231 237 241 242 242 243 244 244 237 238 237 238 239 240 242 244 245 246 247 247 248 244 244 245 245 244 243 247 247 220 221 221 222 222 223 224 224 224 222 221 221 221 221 217 217 218 217 214 212 212 214 214 212 210 209 206 203 151 147
226 240 257 262 265 267 267 254 238 241 227 218 206 184 195 207 221 229 235 238 238 239 241 242 243 235 235 236 236 238 240 241 243 245 246 246 247 248 242 243 244 243 243 242 246 245 219 219 219 221 221 222 223 223 223 223 222 221 219 218 216 215 214 213 212 209 212 214 212 211 208 207 202 198 149 148
231 244 258 262 266 266 266 242 229 233 209 199 201 193 200 213 222 229 233 235 236 237 238 240 241 233 234 234 235 237 238 240 243 245 246 246 246 247 247 248 248 241 246 245 244 243 243 219 219 219 220 220 222 220 220 221 221 220 219 218 217 215 213 211 208 212 213 211 211 209 207 205 202 196 148 149
248 252 257 262 266 267 264 237 221 224 193 179 207 199 219 222 226 229 231 233 234 236 237 238 239 232 232 232 234 235 237 240 242 245 246 246 245 246 246 246 245 244 244 243 242 242 242 216 217 218 218 218 219 219 218 218 219 219 219 217 215 212 209 208 211 213 212 211 209 206 205 203 201 197 191 151
258 256 260 264 266 265 263 242 220 214 181 178 203 213 230 229 229 229 230 231 233 234 235 237 238 239 231 231 232 234 237 239 241 244 246 244 244 244 244 243 242 242 241 240 240 240 239 215 215 216 217 217 216 216 216 215 216 216 216 215 213 211 207 210 211 212 211 210 209 205 203 202 200 198 195 154
263 258 256 265 266 264 262 256 221 216 176 169 209 218 230 230 229 229 230 230 231 233 234 235 236 230 230 230 231 233 236 238 240 241 243 242 242 242 241 240 240 240 239 239 238 238 237 212 214 215 215 215 215 215 216 215 213 212 212 213 211 209 209 210 210 211 210 209 205 203 202 203 201 199 197 150
264 259 254 264 264 262 260 256 242 222 190 172 206 222 224 223 222 222 222 222 223 224 224 234 235 229 230 230 231 232 235 237 238 240 240 241 240 240 241 240 239 239 238 237 237 236 235 237 237 214 214 215 215 214 214 213 213 211 210 209 209 207 174 177 210 210 211 208 206 205 202 201 202 201 144 146
263 258 257 261 261 259 257 253 248 233 175 195 208 215 220 222 222 222 221 222 222 223 224 224 225 235 229 229 230 232 234 235 236 237 239 239 238 238 239 239 237 237 237 236 235 235 235 235 237 238 239 214 214 212 212 237 236 236 235 233 175 174 173 175 177 178 210 209 208 206 205 204 203 139 139 141
261 256 256 257 256 255 254 250 245 233 172 201 216 215 220 220 221 221 221 221 222 222 223 223 224 225 229 229 230 230 232 234 234 235 237 238 237 237 237 237 237 237 236 236 235 235 235 236 237 238 239 240 239 238 238 239 238 238 236 235 176 175 174 175 175 177 178 209 208 206 206 205 204 135 135 136
258 252 250 250 250 244 242 238 239 231 174 201 218 218 219 220 221 220 220 221 221 222 222 223 223 224 229 230 229 230 231 232 232 233 234 236 236 236 236 237 238 238 236 235 235 236 235 236 237 239 240 240 237 237 237 238 238 237 237 236 234 175 174 176 177 177 177 178 208 207 206 206 131 130 131 132
255 248 245 244 223 219 224 230 235 228 181 194 212 214 214 218 221 221 221 221 222 221 221 222 222 223 224 230 229 229 229 230 230 231 231 233 235 236 237 238 237 238 235 235 235 236 235 237 238 239 242 240 237 236 236 235 236 236 234 234 235 176 175 175 176 178 178 178 208 207 206 206 128 128 128 130
251 245 237 226 201 214 219 226 231 216 178 196 210 212 213 218 221 222 222 222 222 221 220 221 222 222 223 230 230 228 227 228 228 228 228 230 233 236 238 238 237 237 235 235 235 236 235 236 237 238 240 239 238 237 236 235 236 235 234 235 236 176 177 177 178 178 178 176 176 206 205 126 125 125 125 129
246 239 218 190 197 207 217 224 225 211 182 205 210 214 216 219 221 222 223 223 222 222 221 221 222 223 223 229 229 227 226 225 226 226 226 227 230 233 237 238 236 236 234 235 234 235 234 234 236 237 238 239 236 236 236 236 236 235 235 236 235 235 177 178 178 177 177 176 175 204 141 120 119 112 117 120
241 237 206 192 203 208 219 219 210 201 196 213 214 216 219 221 222 223 223 223 223 222 222 222 222 222 222 222 228 227 225 224 225 224 224 224 228 231 234 235 236 235 234 234 234 234 232 233 235 235 236 237 236 236 236 236 235 235 236 235 234 234 177 177 176 177 176 175 204 200 139 113 114 140 117 121
242 237 203 207 215 216 219 209 203 199 204 213 217 218 219 221 223 223 224 223 223 223 222 222 221 221 221 221 226 226 225 224 223 224 223 224 226 230 232 233 234 234 233 233 233 232 230 231 231 232 233 235 236 235 235 235 235 235 234 232 232 232 231 207 175 175 174 173 202 200 141 119 117 143 142 122
244 237 221 217 224 222 220 209 205 207 210 214 218 220 222 222 223 224 224 224 224 223 223 222 221 221 220 220 225 224 224 223 223 223 223 224 225 227 204 205 232 232 232 231 231 230 229 227 226 204 228 233 234 233 233 232 233 233 233 233 232 231 231 229 205 174 205 204 201 139 142 146 119 120 146 123
246 239 228 221 226 227 225 213 213 212 215 217 220 222 224 222 225 225 225 225 224 224 223 222 221 220 219 219 224 223 222 222 222 222 222 224 225 226 202 203 230 230 229 229 229 228 227 226 224 202 195 228 230 231 230 231 231 230 230 231 231 231 230 229 206 205 204 202 199 139 143 143 118 120 122 123
246 240 230 226 228 230 221 220 217 217 219 220 222 225 226 224 225 226 226 225 225 224 223 222 220 220 219 224 223 222 222 221 221 221 222 223 224 225 226 227 228 228 228 227 226 226 225 224 223 194 194 226 228 227 227 228 229 228 228 228 228 228 228 228 205 204 203 200 140 141 142 143 145 120 121 122
244 239 230 227 228 230 223 220 219 221 222 223 224 226 227 226 226 227 227 226 225 224 223 222 221 220 219 218 222 222 222 221 220 221 222 222 223 224 225 225 226 226 226 226 225 224 224 223 222 193 193 195 226 226 226 226 226 226 226 226 226 226 226 226 203 203 201 201 142 143 145 145 145 144 119 121
241 234 231 229 229 230 222 221 221 222 224 225 226 228 228 228 228 227 227 226 225 224 223 222 221 219 219 222 222 221 220 220 220 220 221 222 223 223 224 225 225 226 226 225 225 223 198 221 222 222 223 224 224 224 225 224 224 224 226 226 225 224 226 204 204 203 201 171 140 143 143 142 143 118 118 119
235 230 231 231 231 231 230 223 223 224 225 226 227 228 229 229 229 228 230 230 229 227 226 223 221 220 219 217 221 220 220 219 219 220 220 221 222 223 224 225 226 226 225 224 224 197 196 220 221 222 223 223 224 225 225 225 225 224 224 226 225 201 203 203 203 203 175 143 140 139 141 143 143 115 116 116
234 230 231 232 232 232 232 224 225 226 227 227 228 229 229 230 229 229 230 229 228 227 226 225 224 220 219 221 220 220 219 219 218 218 219 220 221 222 223 224 225 225 225 225 224 222 221 219 220 221 224 225 226 205 203 203 204 173 172 173 172 173 203 204 204 204 176 145 143 140 140 141 136 111 112 115
230 225 232 234 233 233 233 226 226 227 228 229 230 230 230 230 230 229 229 228 227 227 225 225 224 223 219 217 216 219 219 218 218 217 218 219 220 221 222 224 225 226 226 225 224 222 220 218 219 220 -32768 -32768 206 205 205 205 204 173 173 172 172 174 203 202 202 203 204 145 141 139 138 137 127 117 119 122
232 228 233 233 234 234 234 227 227 228 229 230 231 232 232 232 231 228 228 228 227 226 225 224 223 220 218 217 216 214 218 217 217 217 216 218 219 220 222 196 197 192 227 227 225 223 220 219 220 223 224 -32768 -32768 -32768 -32768 -32768 -32768 173 172 171 172 173 201 201 202 202 203 146 141 143 146 132 118 119 119 121
237 235 233 234 234 235 235 227 228 229 230 230 231 232 233 232 231 228 228 227 226 226 225 224 223 220 218 216 215 214 213 217 217 216 216 218 219 220 195 196 197 192 193 227 225 223 221 220 220 222 222 222 222 -32768 -32768 -32768 -32768 -32768 172 171 172 201 199 199 201 202 202 136 133 135 134 120 120 119 120 120
238 236 235 235 235 235 236 228 228 229 229 229 231 232 232 232 231 228 227 227 226 225 224 223 222 192 190 215 214 213 212 217 216 217 217 218 219 220 194 195 196 197 225 225 223 222 220 220 219 219 219 219 220 219 220 -32768 -32768 -32768 -32768 -32768 -32768 199 199 199 200 -32768 -32768 -32768 135 134 121 120 121 -32768 -32768 -32768
237 236 235 235 235 235 236 227 228 228 228 229 230 230 231 231 227 227 227 226 226 225 225 223 194 191 189 187 212 211 212 212 217 217 218 218 219 220 193 194 195 196 223 223 222 220 220 218 218 218 218 217 217 217 218 218 -32768 -32768 -32768 -32768 -32768 -32768 -32768 -32768 -32768 -32768 -32768 -32768 -32768 -32768 -32768 -32768 -32768 -32768 -32768 -32768
236 236 235 235 235 236 235 226 226 227 226 227 229 229 229 229 226 226 226 226 226 225 225 224 193 190 188 186 211 210 210 211 216 217 218 218 219 219 220 193 193 221 221 221 220 220 218 218 217 217 216 216 216 216 216 181 193 -32768 -32768 -32768 -32768 -32768 -32768 -32768 -32768 -32768 -32768 -32768 -32768 -32768 -32768 -32768 -32768 -32768 -32768 -32768
235 235 234 235 235 234 226 225 226 225 225 226 227 228 227 225 225 225 225 225 226 226 225 224 192 189 187 184 182 209 210 210 216 216 217 218 218 218 219 219 220 220 219 219 219 218 217 216 216 215 215 215 215 215 215 191 192 192 -32768 -32768 -32768 -32768 -32768 -32768 -32768 -32768 -32768 -32768 -32768 -32768 -32768 -32768 -32768 -32768 -32768 -32768
234 234 234 234 234 225 225 225 224 224 224 225 226 225 225 225 224 224 225 226 226 226 226 225 191 189 187 184 209 209 209 215 215 216 217 217 217 217 218 218 218 218 218 218 217 216 216 215 214 214 214 214 213 213 214 190 190 192 -32768 -32768 -32768 -32768 -32768 -32768 -32768 -32768 -32768 -32768 -32768 -32768 -32768 -32768 -32768 -32768 -32768 -32768
198 233 233 233 224 223 223 223 223 223 223 224 224 223 223 224 225 225 225 226 226 226 227 226 190 188 187 218 216 215 215 215 215 215 216 216 217 216 216 216 216 216 216 216 215 215 214 213 213 213 212 212 212 212 213 213 190 -32768 -32768 -32768 -32768 -32768 -32768 -32768 -32768 -32768 -32768 -32768 -32768 -32768 -32768 -32768 -32768 -32768 -32768 -32768
197 196 223 222 223 221 222 222 222 222 222 222 222 221 222 224 224 225 225 225 226 226 227 227 226 223 220 218 216 215 215 215 215 215 215 215 215 215 215 215 215 215 214 214 214 213 212 212 212 211 211 211 211 211 212 212 -32768 -32768 -32768 -32768 -32768 -32768 -32768 -32768 -32768 -32768 -32768 -32768 -32768 -32768 -32768 -32768 -32768 -32768 -32768 -32768
195 195 222 222 221 221 221 221 221 220 220 221 220 220 220 223 223 224 225 224 225 225 226 226 225 223 220 218 216 215 215 214 214 214 214 215 214 214 214 213 213 213 212 211 211 211 211 210 210 210 210 210 209 209 210 211 154 -32768 -32768 -32768 -32768 -32768 -32768 -32768 -32768 -32768 -32768 -32768 -32768 -32768 -32768 -32768 -32768 -32768 -32768 -32768
194 222 221 221 220 220 220 220 220 220 219 219 219 219 220 223 222 223 224 224 224 224 224 224 223 221 219 218 216 215 214 214 213 213 214 213 213 213 212 211 211 210 210 209 209 209 209 209 209 209 209 208 208 208 209 211 151 152 -32768 158 -32768 -32768 -32768 -32768 -32768 -32768 -32768 -32768 -32768 -32768 -32768 -32768 -32768 -32768 -32768 -32768
