_episodes_rmd/data/big_extent/bio9.asc
NCOLS 660 
NROWS 720 
XLLCORNER -130 
YLLCORNER -60 
CELLSIZE 0.166666666666667 
NODATA_value -32768 
[rows 442 to 475 of 720, columns 304 to 379 of 660]
-32768 -32768 -32768 -32768 -32768 -32768 -32768 -32768 -32768 -32768 -32768 -32768 -32768 -32768 -32768 -32768 -32768 224 227 216 191 172 125 106 69 44 38 27 30 52 60 82 93 120 95 85 50 67 124 54 60 96 88 87 85 55 61 37 7 -18 -8 2 25 65 84 107 162 193 193 191 193 206 207 220 224 223 230 235 237 239 241 243 244 244 245 245
-32768 -32768 -32768 -32768 -32768 -32768 -32768 -32768 -32768 -32768 -32768 -32768 -32768 -32768 -32768 -32768 -32768 224 227 212 192 189 150 109 75 62 56 30 29 51 58 42 95 99 75 50 67 113 88 41 63 66 41 82 70 69 47 29 4 -10 -12 -8 18 4 20 32 65 136 174 178 170 188 197 196 202 217 216 224 235 238 241 243 244 244 244 243
-32768 -32768 -32768 -32768 -32768 -32768 -32768 -32768 -32768 -32768 -32768 -32768 -32768 -32768 -32768 -32768 -32768 -32768 226 184 186 190 183 144 103 120 66 33 42 41 43 39 86 55 83 52 103 60 34 48 73 38 54 64 44 48 44 47 10 0 -10 -17 -4 9 -2 11 37 88 108 155 167 174 188 179 177 199 214 218 226 235 239 242 244 243 242 241
-32768 -32768 -32768 -32768 -32768 -32768 -32768 -32768 -32768 -32768 -32768 -32768 -32768 -32768 -32768 -32768 -32768 -32768 228 183 182 188 192 173 134 145 85 45 34 39 35 51 69 39 68 63 76 67 47 33 47 23 49 72 52 40 41 37 46 13 -7 -6 -1 4 16 14 9 14 85 121 156 169 161 179 199 192 196 214 229 236 244 241 243 242 241 239
-32768 -32768 -32768 -32768 -32768 -32768 -32768 -32768 -32768 -32768 -32768 -32768 -32768 -32768 -32768 -32768 -32768 -32768 -32768 185 181 186 193 193 187 161 127 91 61 36 39 33 47 32 27 38 46 36 54 31 19 17 35 60 50 27 24 32 24 6 -10 9 16 7 16 24 22 16 44 74 109 133 146 165 193 172 173 195 233 231 235 243 239 239 238 237
-32768 -32768 -32768 -32768 -32768 -32768 -32768 -32768 -32768 -32768 -32768 -32768 -32768 -32768 -32768 -32768 -32768 -32768 -32768 -32768 186 182 193 194 199 192 155 105 61 45 58 39 22 22 19 25 32 15 16 8 2 -2 31 40 33 9 14 36 20 6 8 14 26 28 17 3 10 13 15 11 21 80 160 182 177 177 168 195 214 234 234 233 241 236 236 234
-32768 -32768 -32768 -32768 -32768 -32768 -32768 -32768 -32768 -32768 -32768 -32768 -32768 -32768 -32768 -32768 -32768 -32768 -32768 -32768 230 184 225 191 218 200 186 128 76 51 62 78 31 12 34 33 24 13 -2 -8 -8 -12 -2 12 4 14 32 39 31 7 14 27 19 36 40 35 38 15 9 6 -6 45 127 173 178 182 170 183 203 230 234 235 225 233 234 231
-32768 -32768 -32768 -32768 -32768 -32768 -32768 -32768 -32768 -32768 -32768 -32768 -32768 -32768 -32768 -32768 -32768 -32768 -32768 -32768 -32768 233 232 211 190 219 196 154 113 80 95 63 49 37 33 59 17 6 -3 5 -10 -11 -11 2 -2 2 25 29 28 19 13 27 32 37 39 44 36 52 23 24 16 7 56 138 184 186 188 184 212 212 220 236 224 231 232 229
-32768 -32768 -32768 -32768 -32768 -32768 -32768 -32768 -32768 -32768 -32768 -32768 -32768 -32768 -32768 -32768 -32768 -32768 -32768 -32768 -32768 -32768 -32768 188 180 191 189 155 137 143 108 84 101 76 54 36 33 2 22 36 1 0 -3 -8 -14 -4 13 -3 -1 11 5 -8 13 36 52 48 49 56 46 34 30 26 63 115 176 195 201 186 198 221 208 220 223 225 230 228
-32768 -32768 -32768 -32768 -32768 -32768 -32768 -32768 -32768 -32768 -32768 -32768 -32768 -32768 -32768 -32768 -32768 -32768 -32768 -32768 -32768 -32768 -32768 -32768 207 206 211 169 155 132 136 114 74 70 68 62 94 54 70 0 -12 19 1 -5 -8 3 7 14 -10 -17 -16 -19 11 38 55 63 63 63 57 48 31 33 69 141 151 193 205 198 191 214 220 212 215 217 228 225
-32768 -32768 -32768 -32768 -32768 -32768 -32768 -32768 -32768 -32768 -32768 -32768 -32768 -32768 -32768 -32768 -32768 -32768 -32768 -32768 -32768 -32768 -32768 -32768 225 221 208 190 180 169 118 95 55 63 63 41 112 90 9 10 -2 33 3 -12 -15 -18 -7 8 2 -13 -20 -19 -9 42 59 66 59 65 68 60 52 57 75 94 153 174 198 211 209 212 223 218 211 207 220 225
-32768 -32768 -32768 -32768 -32768 -32768 -32768 -32768 -32768 -32768 -32768 -32768 -32768 -32768 -32768 -32768 -32768 -32768 -32768 -32768 -32768 -32768 -32768 -32768 -32768 -32768 229 225 209 175 121 127 89 97 82 80 82 144 80 -1 -6 17 76 82 37 21 17 17 -6 -3 -2 -3 4 28 65 65 61 64 68 71 62 60 121 156 85 137 183 201 211 210 201 218 219 203 201 218
-32768 -32768 -32768 -32768 -32768 -32768 -32768 -32768 -32768 -32768 -32768 -32768 -32768 -32768 -32768 -32768 -32768 -32768 -32768 -32768 -32768 -32768 -32768 -32768 -32768 -32768 -32768 -32768 226 203 183 167 136 106 113 126 120 160 95 42 80 103 127 39 -23 -3 -9 0 -2 -6 -2 14 21 34 60 60 64 64 69 72 73 63 43 113 45 80 109 190 198 205 202 194 204 212 202 203
-32768 -32768 -32768 -32768 -32768 -32768 -32768 -32768 -32768 -32768 -32768 -32768 -32768 -32768 -32768 -32768 -32768 -32768 -32768 -32768 -32768 -32768 -32768 -32768 -32768 -32768 -32768 -32768 -32768 224 222 201 158 146 159 150 161 179 148 96 140 157 80 49 36 22 24 5 9 -6 -11 9 24 7 26 43 55 66 69 72 75 74 60 49 19 -7 59 158 185 190 199 187 198 192 205 199
-32768 -32768 -32768 -32768 -32768 -32768 -32768 -32768 -32768 -32768 -32768 -32768 -32768 -32768 -32768 -32768 -32768 -32768 -32768 -32768 -32768 -32768 -32768 -32768 -32768 -32768 -32768 -32768 -32768 -32768 -32768 220 171 166 166 161 166 154 151 155 174 189 145 115 100 80 42 31 22 18 -5 6 25 11 -1 42 58 55 68 72 76 72 65 45 42 8 13 103 163 181 179 179 183 193 196 195
-32768 -32768 -32768 -32768 -32768 -32768 -32768 -32768 -32768 -32768 -32768 -32768 -32768 -32768 -32768 -32768 -32768 -32768 -32768 -32768 -32768 -32768 -32768 -32768 -32768 -32768 -32768 -32768 -32768 -32768 -32768 -32768 -32768 210 205 175 174 171 166 170 180 190 181 174 149 130 70 39 12 9 4 31 1 5 8 34 48 54 57 57 70 65 62 53 48 36 10 28 114 165 170 168 174 179 182 187
-32768 -32768 -32768 -32768 -32768 -32768 -32768 -32768 -32768 -32768 -32768 -32768 -32768 -32768 -32768 -32768 -32768 -32768 -32768 -32768 -32768 -32768 -32768 -32768 -32768 -32768 -32768 -32768 -32768 -32768 -32768 -32768 -32768 -32768 -32768 -32768 217 214 194 189 198 198 196 194 184 164 142 100 12 4 14 51 -2 7 8 17 24 33 48 43 53 54 56 49 47 45 36 29 28 122 166 164 168 144 151 177
-32768 -32768 -32768 -32768 -32768 -32768 -32768 -32768 -32768 -32768 -32768 -32768 -32768 -32768 -32768 -32768 -32768 -32768 -32768 -32768 -32768 -32768 -32768 -32768 -32768 -32768 -32768 -32768 -32768 -32768 -32768 -32768 -32768 -32768 -32768 -32768 -32768 225 207 205 200 209 208 196 194 166 127 103 69 46 25 66 10 11 -3 -2 8 38 37 41 54 55 50 41 39 43 46 77 53 42 123 160 163 133 101 156
-32768 -32768 -32768 -32768 -32768 -32768 -32768 -32768 -32768 -32768 -32768 -32768 -32768 -32768 -32768 -32768 -32768 -32768 -32768 -32768 -32768 -32768 -32768 -32768 -32768 -32768 -32768 -32768 -32768 -32768 -32768 -32768 -32768 -32768 -32768 -32768 -32768 -32768 -32768 -32768 210 206 207 190 192 177 153 134 129 136 131 99 2 2 0 -3 6 44 26 29 50 54 49 33 26 37 45 54 95 107 108 80 134 128 96 142
-32768 -32768 -32768 -32768 -32768 -32768 -32768 -32768 -32768 -32768 -32768 -32768 -32768 -32768 -32768 -32768 -32768 -32768 -32768 -32768 -32768 -32768 -32768 -32768 -32768 -32768 -32768 -32768 -32768 -32768 -32768 -32768 -32768 -32768 -32768 -32768 -32768 -32768 -32768 -32768 -32768 -32768 219 195 192 192 191 170 157 134 109 47 2 -4 0 -6 0 28 7 37 51 52 49 47 36 31 37 40 69 122 76 3 76 126 127 117
-32768 -32768 -32768 -32768 -32768 -32768 -32768 -32768 -32768 -32768 -32768 -32768 -32768 -32768 -32768 -32768 -32768 -32768 -32768 -32768 -32768 -32768 -32768 -32768 -32768 -32768 -32768 -32768 -32768 -32768 -32768 -32768 -32768 -32768 -32768 -32768 -32768 -32768 -32768 -32768 -32768 -32768 -32768 205 201 201 194 185 158 150 137 83 19 -8 2 -8 -3 4 18 21 48 51 48 48 40 25 25 43 43 64 83 32 28 100 120 125
-32768 -32768 -32768 -32768 -32768 -32768 -32768 -32768 -32768 -32768 -32768 -32768 -32768 -32768 -32768 -32768 -32768 -32768 -32768 -32768 -32768 -32768 -32768 -32768 -32768 -32768 -32768 -32768 -32768 -32768 -32768 -32768 -32768 -32768 -32768 -32768 -32768 -32768 -32768 -32768 -32768 -32768 -32768 -32768 225 205 198 187 176 176 156 122 71 57 57 19 -4 14 29 12 38 38 47 48 46 36 21 39 46 24 42 42 28 37 98 99
-32768 -32768 -32768 -32768 -32768 -32768 -32768 -32768 -32768 -32768 -32768 -32768 -32768 -32768 -32768 -32768 -32768 -32768 -32768 -32768 -32768 -32768 -32768 -32768 -32768 -32768 -32768 -32768 -32768 -32768 -32768 -32768 -32768 -32768 -32768 -32768 -32768 -32768 -32768 -32768 -32768 -32768 -32768 -32768 -32768 -32768 -32768 193 176 181 177 170 146 128 112 66 -6 -12 27 34 40 34 43 45 47 45 42 45 48 46 47 41 34 33 56 67
-32768 -32768 -32768 -32768 -32768 -32768 -32768 -32768 -32768 -32768 -32768 -32768 -32768 -32768 -32768 -32768 -32768 -32768 -32768 -32768 -32768 -32768 -32768 -32768 -32768 -32768 -32768 -32768 -32768 -32768 -32768 -32768 -32768 -32768 -32768 -32768 -32768 -32768 -32768 -32768 -32768 -32768 -32768 -32768 -32768 -32768 -32768 195 187 179 185 184 174 165 116 78 13 -13 29 48 41 36 35 34 40 44 44 43 47 49 55 51 48 38 28 42
-32768 -32768 -32768 -32768 -32768 -32768 -32768 -32768 -32768 -32768 -32768 -32768 -32768 -32768 -32768 -32768 -32768 -32768 -32768 -32768 -32768 -32768 -32768 -32768 -32768 -32768 -32768 -32768 -32768 -32768 -32768 -32768 -32768 -32768 -32768 -32768 -32768 -32768 -32768 -32768 -32768 -32768 -32768 -32768 -32768 -32768 -32768 222 213 177 209 184 183 181 148 125 49 11 4 18 25 11 25 30 31 41 37 35 46 55 61 64 56 48 31 35
-32768 -32768 -32768 -32768 -32768 -32768 -32768 -32768 -32768 -32768 -32768 -32768 -32768 -32768 -32768 -32768 -32768 -32768 -32768 -32768 -32768 -32768 -32768 -32768 -32768 -32768 -32768 -32768 -32768 -32768 -32768 -32768 -32768 -32768 -32768 -32768 -32768 -32768 -32768 -32768 -32768 -32768 -32768 -32768 -32768 -32768 -32768 -32768 -32768 216 212 212 216 186 178 148 74 24 32 2 11 1 -5 25 26 27 31 33 35 51 62 61 50 39 33 31
-32768 -32768 -32768 -32768 -32768 -32768 -32768 -32768 -32768 -32768 -32768 -32768 -32768 -32768 -32768 -32768 -32768 -32768 -32768 -32768 -32768 -32768 -32768 -32768 -32768 -32768 -32768 -32768 -32768 -32768 -32768 -32768 -32768 -32768 -32768 -32768 -32768 -32768 -32768 -32768 -32768 -32768 -32768 -32768 -32768 -32768 -32768 -32768 -32768 -32768 211 216 217 217 205 175 107 41 25 -16 -6 -26 -8 24 28 5 20 36 42 27 53 55 46 37 24 21
-32768 -32768 -32768 -32768 -32768 -32768 -32768 -32768 -32768 -32768 -32768 -32768 -32768 -32768 -32768 -32768 -32768 -32768 -32768 -32768 -32768 -32768 -32768 -32768 -32768 -32768 -32768 -32768 -32768 -32768 -32768 -32768 -32768 -32768 -32768 -32768 -32768 -32768 -32768 -32768 -32768 -32768 -32768 -32768 -32768 -32768 -32768 -32768 -32768 -32768 -32768 -32768 218 218 215 176 129 91 50 -10 -14 -16 12 24 20 19 36 42 44 42 48 49 47 44 35 21
-32768 -32768 -32768 -32768 -32768 -32768 -32768 -32768 -32768 -32768 -32768 -32768 -32768 -32768 -32768 -32768 -32768 -32768 -32768 -32768 -32768 -32768 -32768 -32768 -32768 -32768 -32768 -32768 -32768 -32768 -32768 -32768 -32768 -32768 -32768 -32768 -32768 -32768 -32768 -32768 -32768 -32768 -32768 -32768 -32768 -32768 -32768 -32768 -32768 -32768 -32768 -32768 -32768 217 213 175 141 99 81 -2 2 -29 15 32 39 42 44 44 42 43 46 48 47 50 33 20
-32768 -32768 -32768 -32768 -32768 -32768 -32768 -32768 -32768 -32768 -32768 -32768 -32768 -32768 -32768 -32768 -32768 -32768 -32768 -32768 -32768 -32768 -32768 -32768 -32768 -32768 -32768 -32768 -32768 -32768 -32768 -32768 -32768 -32768 -32768 -32768 -32768 -32768 -32768 -32768 -32768 -32768 -32768 -32768 -32768 -32768 -32768 -32768 -32768 -32768 -32768 -32768 -32768 211 207 173 139 104 75 13 -1 24 47 34 38 42 41 42 43 43 45 47 50 51 47 28
-32768 -32768 -32768 -32768 -32768 -32768 -32768 -32768 -32768 -32768 -32768 -32768 -32768 -32768 -32768 -32768 -32768 -32768 -32768 -32768 -32768 -32768 -32768 -32768 -32768 -32768 -32768 -32768 -32768 -32768 -32768 -32768 -32768 -32768 -32768 -32768 -32768 -32768 -32768 -32768 -32768 -32768 -32768 -32768 -32768 -32768 -32768 -32768 -32768 -32768 -32768 -32768 -32768 208 202 171 138 119 77 35 0 -1 0 16 34 41 34 41 42 42 42 48 51 54 58 51
-32768 -32768 -32768 -32768 -32768 -32768 -32768 -32768 -32768 -32768 -32768 -32768 -32768 -32768 -32768 -32768 -32768 -32768 -32768 -32768 -32768 -32768 -32768 -32768 -32768 -32768 -32768 -32768 -32768 -32768 -32768 -32768 -32768 -32768 -32768 -32768 -32768 -32768 -32768 -32768 -32768 -32768 -32768 -32768 -32768 -32768 -32768 -32768 -32768 -32768 -32768 -32768 -32768 207 195 166 139 126 102 58 34 -10 -13 -1 19 40 39 42 43 44 42 46 48 55 60 43
-32768 -32768 -32768 -32768 -32768 -32768 -32768 -32768 -32768 -32768 -32768 -32768 -32768 -32768 -32768 -32768 -32768 -32768 -32768 -32768 -32768 -32768 -32768 -32768 -32768 -32768 -32768 -32768 -32768 -32768 -32768 -32768 -32768 -32768 -32768 -32768 -32768 -32768 -32768 -32768 -32768 -32768 -32768 -32768 -32768 -32768 -32768 -32768 -32768 -32768 -32768 -32768 -32768 -32768 195 184 165 130 98 49 38 -13 12 -8 14 21 45 40 42 44 45 46 49 55 60 50
-32768 -32768 -32768 -32768 -32768 -32768 -32768 -32768 -32768 -32768 -32768 -32768 -32768 -32768 -32768 -32768 -32768 -32768 -32768 -32768 -32768 -32768 -32768 -32768 -32768 -32768 -32768 -32768 -32768 -32768 -32768 -32768 -32768 -32768 -32768 -32768 -32768 -32768 -32768 -32768 -32768 -32768 -32768 -32768 -32768 -32768 -32768 -32768 -32768 -32768 -32768 -32768 -32768 -32768 198 182 167 138 110 78 44 19 21 36 52 33 41 46 41 43 44 45 48 53 57 52
