_episodes_rmd/data/big_extent/bio9.asc
NCOLS 660 
NROWS 720 
XLLCORNER -130 
YLLCORNER -60 
CELLSIZE 0.166666666666667 
NODATA_value -32768 
[rows 374 to 407 of 720, columns 304 to 379 of 660]
222 159 84 62 91 115 197 215 214 236 250 255 255 256 256 256 257 258 259 260 261 261 261 261 262 261 261 262 263 264 264 264 264 262 262 261 261 261 261 261 261 260 260 261 260 259 259 259 253 253 252 253 255 255 253 253 252 251 251 251 251 252 252 252 253 253 257 257 257 257 257 258 255 255 256 256
165 89 91 106 143 175 216 210 226 250 256 258 258 258 258 258 258 258 259 260 260 261 262 261 260 262 261 262 263 264 264 264 261 262 262 261 261 261 261 261 260 256 256 256 255 254 253 254 251 251 251 254 255 255 255 254 254 253 253 253 252 252 252 253 253 253 253 253 253 253 254 256 256 256 256 256
57 66 119 134 132 196 231 206 235 256 249 250 259 259 260 259 260 260 260 260 260 260 262 262 261 262 261 261 262 263 264 261 261 261 258 258 257 255 256 256 257 257 256 255 254 254 254 254 255 255 254 255 254 255 255 255 255 255 254 254 253 252 252 252 253 253 253 254 253 253 255 255 256 256 256 256
58 103 126 121 128 204 222 222 249 256 251 251 252 252 251 252 260 261 260 261 260 260 261 262 262 262 262 261 261 262 259 261 262 258 258 258 258 257 256 256 255 256 255 255 254 254 255 255 255 254 254 254 254 254 254 254 255 255 255 254 255 254 255 255 255 255 254 253 254 255 256 256 256 257 256 255
77 109 115 104 163 220 225 239 253 247 252 253 252 253 253 253 253 253 257 256 255 256 254 261 262 263 263 262 257 258 255 256 257 258 258 258 258 258 257 257 256 256 255 255 255 254 254 254 254 254 253 253 253 253 253 254 254 253 253 253 254 254 254 254 255 255 255 255 255 256 255 255 256 256 256 256
174 105 105 152 194 208 209 205 251 247 253 254 254 254 254 254 254 254 254 254 256 252 252 252 253 253 253 253 254 255 255 256 257 257 258 259 259 258 258 256 255 255 256 255 255 255 254 253 253 253 254 254 254 254 254 254 253 253 253 254 255 254 255 255 255 255 256 256 256 255 255 256 256 256 256 256
172 123 114 173 218 201 206 215 243 247 254 255 255 255 255 256 255 255 254 254 254 253 253 250 252 252 253 254 255 255 256 256 257 258 258 258 259 259 258 258 257 256 256 256 256 256 254 254 254 254 254 254 254 253 253 253 253 254 253 255 255 255 255 254 255 255 256 255 255 255 256 257 256 257 257 257
134 111 183 187 220 207 222 238 244 252 252 256 256 257 257 257 257 256 256 255 254 252 252 251 251 251 253 254 255 256 256 257 257 258 258 259 257 257 258 257 257 257 256 255 255 256 256 255 254 254 254 254 254 253 252 253 253 253 254 255 255 254 255 253 253 254 255 255 255 255 256 257 257 257 257 258
120 131 192 215 213 204 229 237 240 254 246 257 258 258 258 258 257 258 257 256 254 254 253 252 252 252 253 254 256 256 257 258 257 258 258 259 258 257 255 255 256 256 256 255 255 255 256 256 255 254 255 255 255 255 254 253 253 253 254 256 255 253 254 253 254 254 254 255 255 256 257 257 257 257 257 258
152 162 198 219 206 203 230 226 243 256 249 258 260 260 259 259 259 259 258 255 255 254 254 253 253 253 254 255 255 258 257 258 258 258 259 259 258 257 256 256 256 256 255 255 255 255 255 255 256 255 256 255 255 256 254 251 251 254 255 256 255 254 255 253 253 255 255 255 255 257 258 257 257 258 258 258
163 139 201 200 219 225 213 228 243 258 247 259 261 261 260 260 260 260 259 256 256 255 255 255 254 255 255 256 257 259 259 258 257 257 258 259 258 257 256 255 255 255 255 255 254 254 254 254 254 254 254 254 254 255 253 253 253 255 256 257 255 255 254 253 253 254 255 255 256 257 257 258 258 258 258 259
183 124 169 210 225 233 233 225 250 259 246 261 263 262 261 261 261 260 260 258 257 257 256 256 256 257 257 257 258 258 260 259 258 259 259 258 258 256 256 255 255 255 255 255 255 254 254 254 254 255 255 255 255 253 254 254 254 256 256 256 255 255 253 254 254 255 255 255 257 257 256 258 258 258 259 259
141 151 177 216 231 240 238 240 253 260 252 262 263 263 262 262 261 261 261 259 258 258 258 258 258 258 258 258 259 260 261 261 260 259 259 259 258 256 255 254 255 255 256 255 255 255 255 255 255 255 255 254 254 252 253 253 253 256 255 255 254 254 253 253 254 254 255 255 257 256 256 257 259 256 256 256
142 192 180 187 226 235 237 245 255 254 254 263 263 263 262 262 262 262 261 260 259 259 259 259 259 259 260 259 260 260 263 262 262 261 261 259 257 255 255 256 256 256 255 255 256 255 255 255 254 254 254 254 252 252 253 252 252 252 252 254 254 253 254 254 254 255 256 257 256 256 257 255 255 256 257 257
157 206 165 198 218 228 240 246 252 237 257 261 262 262 262 262 262 262 260 260 260 260 260 260 260 260 261 261 261 263 264 264 263 263 262 259 257 255 255 256 255 255 255 255 254 254 255 254 254 254 255 255 251 252 253 252 251 251 252 251 251 251 251 254 255 256 255 256 256 253 254 255 255 256 257 258
182 217 184 205 222 233 242 245 250 234 247 258 261 261 261 262 262 261 261 261 261 263 263 264 261 261 261 261 264 264 265 265 265 265 263 259 257 255 254 255 256 256 255 254 254 255 255 254 254 255 252 252 251 253 252 253 251 252 251 251 250 250 251 252 252 252 252 256 253 254 254 255 256 257 258 258
154 214 209 193 207 239 240 238 239 218 233 248 258 259 260 259 259 260 261 262 261 264 264 264 264 262 262 262 265 265 266 266 267 266 264 262 259 256 257 256 255 255 254 254 253 253 252 251 252 251 251 252 253 252 252 251 251 250 250 251 251 252 252 252 251 252 253 252 253 254 254 255 256 257 258 257
150 186 210 215 192 241 240 227 222 217 227 228 237 252 256 256 256 258 260 262 262 263 265 265 263 263 263 263 266 266 267 267 267 266 265 263 260 257 256 256 255 252 252 253 253 252 251 251 252 252 252 252 252 252 253 251 250 250 250 251 252 252 252 251 251 252 253 252 253 254 254 256 257 257 256 257
153 203 216 242 218 221 192 211 192 198 207 211 229 228 235 254 255 256 259 261 262 262 261 262 263 263 263 263 264 266 267 267 267 265 263 260 258 257 256 254 252 252 252 253 252 251 251 251 251 252 252 251 251 252 252 250 250 250 251 252 251 252 252 251 252 252 252 252 253 253 255 256 256 256 256 256
127 175 197 238 244 205 147 158 179 190 204 204 207 214 217 234 255 256 258 261 262 261 260 261 263 264 264 264 264 264 267 267 264 262 261 260 258 256 255 253 253 253 253 253 251 251 251 251 252 251 251 251 252 252 251 250 250 251 251 251 252 252 250 251 251 252 252 252 253 254 255 255 255 255 256 256
144 179 173 234 235 234 203 140 163 153 190 221 221 222 213 220 251 256 259 261 261 261 261 261 263 264 263 264 264 264 264 263 263 262 260 258 257 256 255 254 253 253 252 252 251 250 250 252 251 251 251 251 251 252 250 250 249 250 251 252 252 250 250 251 251 252 251 252 253 255 254 254 255 255 256 257
177 171 196 221 197 172 199 171 154 128 139 196 224 223 215 203 233 254 258 262 262 261 261 262 263 264 264 264 263 263 263 263 262 261 259 257 256 255 254 253 253 252 252 252 251 251 252 251 250 251 251 250 252 251 249 250 251 252 252 252 250 250 250 250 251 251 251 252 254 254 253 254 254 255 256 256
133 189 191 184 209 191 147 140 149 128 98 130 207 222 216 207 220 248 255 258 261 261 261 261 263 264 264 263 263 263 263 262 260 259 259 256 256 254 253 252 252 252 252 251 250 251 251 250 251 251 250 251 252 250 250 249 251 251 251 251 250 250 250 250 251 251 251 252 254 253 253 254 254 255 255 256
106 162 168 145 172 190 172 130 147 136 133 140 180 203 197 218 225 233 251 256 258 261 260 261 263 263 263 263 263 262 262 260 258 258 257 255 255 253 252 252 251 251 251 251 250 250 250 249 251 250 251 251 251 250 250 250 251 251 251 250 250 250 249 250 250 251 251 253 253 253 253 253 254 254 254 256
136 138 153 131 130 148 179 134 131 123 169 170 153 178 194 215 234 234 236 244 256 260 260 261 263 263 263 262 262 261 260 259 257 257 256 254 253 253 251 251 251 250 250 250 249 250 249 250 250 250 251 251 250 250 250 250 250 251 251 251 251 251 251 250 250 251 252 252 252 252 253 253 254 254 255 256
194 160 159 134 103 118 114 166 120 119 154 174 181 175 210 235 229 245 243 248 248 255 259 260 262 263 263 262 260 259 259 257 257 255 254 253 253 251 250 251 249 248 249 249 249 249 249 249 249 250 250 250 250 249 250 250 251 252 252 252 252 251 251 251 251 251 252 252 251 251 252 253 253 254 254 255
193 139 122 98 92 87 130 166 124 119 161 178 202 199 221 239 246 247 247 232 243 243 251 259 261 262 262 261 259 259 257 254 255 254 253 252 251 249 249 249 248 247 248 248 249 247 248 249 250 250 251 251 252 252 252 252 253 252 251 251 250 250 250 250 251 251 250 250 251 251 252 253 253 254 254 255
190 129 88 90 72 66 101 148 134 83 137 166 200 212 226 246 254 256 254 236 238 242 240 257 261 261 261 259 258 258 257 254 250 252 251 251 250 248 248 247 245 245 247 248 247 248 249 250 251 251 251 252 252 252 252 252 251 251 249 249 249 249 249 249 249 249 250 250 251 251 252 252 252 253 253 254
191 156 137 111 88 96 80 103 154 86 91 136 203 232 238 251 258 258 252 239 253 252 252 260 262 259 257 256 253 256 255 255 249 249 250 250 249 248 247 247 246 246 246 247 248 250 250 250 250 250 250 251 250 250 250 251 250 251 249 248 249 249 248 248 248 248 249 249 249 250 251 251 252 252 253 253
187 174 153 148 122 109 110 90 145 117 86 141 197 227 237 253 255 255 242 240 243 258 260 261 262 261 255 255 251 251 254 253 250 245 249 249 248 247 247 246 246 246 247 248 248 249 249 249 250 250 251 251 249 250 251 250 251 250 249 249 249 248 248 248 248 247 248 248 249 249 250 250 251 252 253 253
174 147 144 112 112 87 111 132 144 157 88 135 166 204 225 244 249 250 225 244 236 255 259 260 261 261 259 256 255 253 253 252 250 248 250 249 248 246 246 245 244 246 246 246 247 248 248 249 249 251 250 250 250 251 250 251 250 249 249 248 248 247 247 246 247 248 248 248 249 249 249 250 251 252 252 253
193 171 178 167 152 106 109 125 106 146 103 113 160 187 206 240 240 246 233 236 244 247 257 260 260 260 259 257 255 255 254 252 250 248 249 248 247 246 245 244 244 245 245 245 247 247 248 249 250 250 249 250 251 251 251 251 249 249 247 247 247 247 246 246 246 246 246 247 247 249 250 251 251 252 253 254
193 190 170 111 123 124 87 112 98 115 113 87 128 169 194 235 227 228 234 234 245 245 256 258 259 260 259 258 256 255 254 252 251 247 247 248 247 245 244 244 245 244 245 246 247 247 248 249 249 249 251 252 252 250 250 250 249 248 247 247 246 246 245 244 244 245 245 246 247 248 249 250 251 252 254 254
188 180 160 135 95 79 68 72 88 83 144 79 114 136 198 228 218 219 229 229 221 249 256 256 257 258 258 258 257 255 254 253 250 248 247 248 247 247 246 245 245 245 245 246 246 246 248 248 249 250 252 252 252 251 250 250 248 247 247 245 245 244 244 242 243 244 245 245 246 247 248 250 251 253 253 253
