_episodes_rmd/data/big_extent/bio9.asc
NCOLS 660 
NROWS 720 
XLLCORNER -130 
YLLCORNER -60 
CELLSIZE 0.166666666666667 
NODATA_value -32768 
[rows 306 to 339 of 720, columns 304 to 379 of 660]
-32768 267 266 256 247 251 260 261 255 259 266 -32768 -32768 -32768 -32768 -32768 -32768 270 271 270 276 279 276 274 279 281 281 282 282 283 284 281 282 281 259 202 237 239 274 277 278 279 281 281 282 281 276 271 223 145 71 89 137 196 247 267 272 279 281 281 281 281 281 281 280 280 278 278 279 279 280 281 281 278 275 269
-32768 271 268 266 263 250 259 264 263 252 256 264 -32768 -32768 -32768 -32768 267 267 268 270 275 278 272 273 280 281 281 281 282 284 284 278 283 282 269 202 211 229 272 277 277 277 279 280 280 279 260 198 97 78 67 90 196 252 266 273 278 280 281 282 282 281 282 281 280 280 280 280 280 280 281 282 281 276 272 269
-32768 271 -32768 -32768 268 266 262 266 266 263 245 252 260 -32768 264 265 263 265 266 271 274 275 274 278 280 281 281 281 281 283 283 275 283 283 258 208 223 244 249 272 274 276 277 277 277 271 241 158 152 109 82 190 256 269 273 275 278 280 282 282 282 282 282 282 282 281 281 281 281 281 281 281 274 277 274 271
-32768 270 269 271 -32768 266 268 266 264 266 256 230 256 258 -32768 264 262 262 266 271 275 276 277 279 282 282 282 281 280 278 265 266 281 284 253 192 196 218 235 263 270 274 273 276 243 226 199 175 140 114 170 245 273 277 277 277 278 275 277 278 283 282 282 282 282 282 281 282 281 281 281 279 272 276 275 273
-32768 270 270 -32768 -32768 -32768 267 264 267 267 264 232 228 260 264 262 258 261 265 273 275 276 278 280 282 283 284 284 280 263 230 238 282 285 274 213 188 189 211 260 268 271 275 230 142 149 142 139 148 169 229 270 277 278 279 279 280 276 278 278 283 283 282 282 282 282 282 281 281 281 280 278 277 271 275 275
-32768 -32768 -32768 -32768 -32768 263 266 260 267 266 265 242 218 262 266 265 259 256 264 265 266 274 278 280 282 284 286 287 279 264 206 241 284 289 281 238 181 162 179 234 272 263 222 170 116 166 153 179 201 225 262 274 277 278 279 280 280 281 277 277 283 283 282 282 282 282 282 282 281 280 279 278 277 276 276 276
-32768 -32768 -32768 -32768 -32768 250 257 260 264 243 259 260 245 264 268 268 257 247 262 243 259 275 278 281 283 286 289 287 268 252 218 254 288 289 286 263 158 139 150 221 271 228 183 144 144 194 200 217 247 257 272 275 277 278 279 280 281 282 282 282 282 283 283 283 282 283 282 276 275 281 280 278 277 272 277 278
-32768 -32768 -32768 -32768 -32768 -32768 238 240 250 229 246 258 265 269 269 270 263 245 261 260 266 271 269 280 283 286 290 291 267 230 232 266 288 288 286 280 203 138 131 219 217 212 206 199 214 234 247 254 261 266 269 275 277 278 279 280 281 281 282 282 275 275 276 276 276 277 277 276 276 281 280 279 273 274 274 274
-32768 -32768 -32768 -32768 -32768 -32768 256 248 232 248 234 258 269 270 272 272 261 231 253 264 253 235 250 272 277 277 290 290 261 233 234 274 284 284 282 278 239 157 118 169 170 164 204 241 253 259 262 261 264 266 268 274 276 278 279 280 280 281 281 275 275 275 276 276 276 277 277 277 277 283 282 281 275 275 275 275
-32768 -32768 -32768 -32768 -32768 -32768 -32768 256 243 251 248 264 269 272 272 274 273 230 230 243 219 206 221 243 256 263 280 284 261 246 233 265 284 283 281 278 249 175 99 119 130 122 149 219 256 260 262 260 263 265 267 274 276 277 278 279 275 274 274 275 275 275 276 276 277 278 278 278 284 284 284 277 276 276 276 276
-32768 -32768 -32768 -32768 -32768 -32768 -32768 -32768 248 257 248 255 269 273 275 276 275 255 190 200 172 189 208 235 233 236 268 271 261 256 255 275 285 282 280 273 246 197 96 89 124 162 162 224 250 258 261 263 262 265 268 274 271 273 274 273 274 274 274 281 282 282 283 277 278 278 279 279 286 285 279 278 278 277 277 276
-32768 -32768 -32768 -32768 -32768 -32768 -32768 -32768 267 265 258 261 269 273 277 275 263 251 197 167 151 222 208 197 214 215 245 253 259 262 272 285 287 285 279 265 232 208 89 76 111 149 205 238 251 255 260 263 266 265 268 271 272 273 273 274 274 274 274 282 282 283 284 278 279 279 280 280 280 280 280 280 279 277 276 275
-32768 -32768 -32768 -32768 -32768 -32768 -32768 -32768 -32768 263 256 255 263 274 278 278 253 240 216 206 184 195 141 161 201 203 215 241 256 269 281 284 286 285 276 237 214 216 153 74 87 141 192 234 249 256 261 264 267 266 269 271 272 273 274 274 274 275 275 281 282 283 284 285 286 287 287 288 281 281 281 281 280 278 272 280
-32768 -32768 -32768 -32768 -32768 -32768 -32768 -32768 -32768 -32768 258 255 257 272 278 278 244 237 192 200 206 157 134 146 194 214 214 232 253 274 281 282 283 281 267 184 219 214 196 133 75 86 121 172 228 255 262 265 268 267 269 271 272 273 274 274 274 275 275 282 283 284 285 285 286 287 288 282 283 283 282 282 281 280 282 279
-32768 -32768 -32768 -32768 -32768 -32768 -32768 -32768 -32768 -32768 267 260 260 268 274 275 256 252 185 147 205 209 149 161 201 213 222 232 257 277 280 280 279 273 240 158 224 191 195 195 127 52 64 92 196 254 261 264 266 268 270 272 273 273 274 275 275 275 276 283 283 284 285 287 288 289 289 283 284 284 284 290 289 286 280 275
-32768 -32768 -32768 -32768 -32768 -32768 -32768 -32768 -32768 -32768 -32768 261 250 262 269 273 257 250 206 139 206 229 164 184 183 202 227 242 263 278 278 278 275 252 230 176 207 189 156 160 158 80 34 124 222 258 264 266 267 269 271 272 273 274 275 275 276 276 276 283 284 285 286 287 289 289 284 285 285 286 285 292 290 285 274 258
-32768 -32768 -32768 -32768 -32768 -32768 -32768 -32768 -32768 -32768 -32768 257 239 257 265 272 265 249 185 174 216 200 186 165 174 196 231 254 274 278 275 276 259 234 202 203 190 187 108 117 144 72 127 209 251 262 267 268 269 271 271 272 274 275 275 276 276 277 277 278 278 280 281 282 289 285 286 286 287 288 288 287 289 286 272 261
-32768 -32768 -32768 -32768 -32768 -32768 -32768 -32768 -32768 -32768 -32768 262 242 252 263 269 270 254 204 158 211 210 166 164 167 207 237 265 278 277 271 261 224 165 193 195 174 143 85 113 111 109 193 236 254 267 269 270 271 271 272 273 274 275 276 277 277 278 278 279 280 280 282 284 285 286 286 287 288 288 288 294 287 285 273 255
-32768 -32768 -32768 -32768 -32768 -32768 -32768 -32768 -32768 -32768 -32768 264 255 254 259 267 267 254 195 173 225 226 200 160 169 229 247 271 278 275 254 245 155 172 186 166 139 93 122 105 90 157 210 243 263 270 271 271 272 272 273 274 275 276 277 277 278 278 279 279 280 282 283 285 285 287 288 289 289 289 289 294 285 279 273 255
-32768 -32768 -32768 -32768 -32768 -32768 -32768 -32768 -32768 -32768 -32768 -32768 258 255 258 265 266 258 229 161 209 194 236 177 151 209 248 274 276 266 242 234 184 136 146 118 123 134 134 92 150 185 232 260 270 272 272 273 273 273 274 275 276 277 277 278 278 278 279 281 283 284 285 286 288 288 289 288 289 290 289 280 273 261 251 239
-32768 -32768 -32768 -32768 -32768 -32768 -32768 -32768 -32768 -32768 260 256 244 254 260 265 266 264 241 178 161 149 213 167 159 222 250 275 271 238 223 233 153 134 150 118 127 114 105 102 191 221 259 271 274 274 274 273 274 274 275 275 276 277 278 278 278 279 281 282 283 284 287 287 289 289 289 289 289 289 287 284 277 259 250 255
-32768 -32768 -32768 -32768 -32768 -32768 -32768 -32768 -32768 -32768 257 259 239 255 262 265 267 263 255 228 180 168 212 146 121 186 250 272 258 219 219 205 131 138 110 139 130 112 104 145 203 254 273 275 275 275 274 274 275 275 276 276 276 277 277 278 279 279 281 282 284 286 287 289 289 289 290 290 289 289 285 280 270 268 259 250
-32768 -32768 -32768 -32768 -32768 -32768 -32768 -32768 -32768 -32768 -32768 261 252 258 263 263 265 253 225 184 181 208 212 127 119 192 249 272 245 228 207 136 105 129 120 154 150 179 187 222 251 272 276 276 276 275 275 275 274 275 276 275 276 276 277 278 279 281 281 283 285 286 287 288 289 289 289 290 289 287 284 281 278 266 238 249
-32768 -32768 -32768 -32768 -32768 -32768 -32768 -32768 -32768 -32768 -32768 261 258 260 263 264 264 249 209 132 207 221 207 125 126 189 253 270 223 230 182 116 131 128 147 177 167 210 201 250 269 275 276 276 276 276 275 275 275 275 276 276 276 276 277 277 278 280 281 283 283 285 286 287 288 288 288 288 288 287 285 247 244 235 245 239
-32768 -32768 -32768 -32768 -32768 -32768 -32768 -32768 -32768 -32768 -32768 260 258 258 262 264 254 238 221 185 227 211 177 88 75 182 255 269 212 183 139 129 132 114 147 172 209 237 240 265 274 276 276 276 276 276 275 275 275 275 275 275 275 276 277 278 279 280 281 282 283 284 286 287 287 287 287 291 291 290 289 254 256 224 208 215
-32768 -32768 -32768 -32768 -32768 -32768 -32768 -32768 -32768 -32768 -32768 260 259 259 262 265 244 223 186 203 235 211 156 48 76 173 262 256 211 171 133 132 113 112 161 186 245 257 265 273 275 276 277 277 276 276 275 274 274 274 274 275 276 276 277 277 279 279 279 281 282 284 284 284 285 285 285 289 289 289 289 283 281 246 208 206
-32768 -32768 -32768 -32768 -32768 -32768 -32768 -32768 -32768 -32768 -32768 260 259 259 262 264 259 220 200 223 228 209 158 104 106 192 267 265 248 205 131 117 132 97 141 203 251 266 273 276 277 277 277 277 277 276 274 273 272 272 272 274 274 275 276 275 277 278 279 280 280 281 283 284 283 283 284 288 288 288 287 283 283 247 218 238
-32768 -32768 -32768 -32768 -32768 -32768 -32768 -32768 -32768 -32768 -32768 260 258 259 262 264 251 215 195 235 229 214 122 149 194 248 264 269 254 192 105 112 166 133 167 247 262 274 276 277 278 278 277 277 276 275 273 273 273 273 273 274 274 274 276 277 277 278 278 280 280 281 282 280 281 282 283 287 287 286 283 281 268 248 261 275
-32768 -32768 -32768 -32768 -32768 -32768 -32768 -32768 -32768 -32768 259 259 259 260 262 261 234 172 220 234 202 173 92 144 218 261 276 275 248 192 90 99 164 176 243 264 272 275 277 277 277 276 277 277 275 274 273 273 273 273 273 274 275 276 276 275 275 276 276 277 277 278 278 279 280 281 281 281 281 282 282 281 281 276 280 281
-32768 -32768 -32768 -32768 -32768 -32768 -32768 -32768 -32768 -32768 259 259 259 261 263 257 175 182 237 208 156 95 122 183 251 278 280 264 214 140 66 88 143 238 263 269 273 276 276 274 276 277 278 276 275 275 275 274 274 274 274 274 274 275 273 274 274 275 275 275 276 277 278 278 278 279 279 279 280 280 281 282 281 281 282 280
-32768 -32768 -32768 -32768 -32768 -32768 -32768 -32768 -32768 -32768 -32768 260 260 262 262 239 181 209 222 160 102 107 147 192 278 284 279 252 182 110 71 100 197 254 264 269 272 275 275 276 277 277 278 277 277 276 275 274 275 274 273 273 274 273 274 274 274 275 275 276 276 277 277 278 278 277 277 277 278 279 280 281 282 282 281 279
-32768 -32768 -32768 -32768 -32768 -32768 -32768 -32768 -32768 -32768 -32768 -32768 264 264 253 221 207 222 215 117 76 103 214 259 278 285 275 221 140 73 96 134 210 257 265 269 272 273 274 276 278 279 279 277 277 276 276 276 274 274 273 273 273 274 273 274 274 274 276 276 276 276 276 277 276 276 276 276 276 277 279 279 280 280 280 276
-32768 -32768 -32768 -32768 -32768 -32768 -32768 -32768 -32768 -32768 -32768 265 265 262 243 211 203 238 230 137 89 156 229 257 239 279 233 190 116 128 118 190 243 262 264 268 271 273 275 277 279 280 279 278 278 277 277 275 274 274 274 274 274 274 274 274 275 275 274 274 274 274 274 274 274 275 275 275 275 276 277 280 278 278 278 277
-32768 -32768 -32768 -32768 -32768 -32768 -32768 -32768 -32768 -32768 -32768 265 264 257 215 162 210 241 231 104 108 191 235 239 250 262 211 197 154 173 189 235 255 264 267 268 272 274 276 278 280 281 280 278 277 277 276 274 273 273 274 274 274 273 273 274 274 272 271 272 271 272 272 272 273 273 273 273 274 275 275 278 278 276 276 276
