_episodes_rmd/data/big_extent/bio9.asc
NCOLS 660 
NROWS 720 
XLLCORNER -130 
YLLCORNER -60 
CELLSIZE 0.166666666666667 
NODATA_value -32768 
[rows 34 to 67 of 720, columns 380 to 455 of 660]
-140 -137 -137 -138 -137 -139 -138 -139 -138 -139 -139 -138 -191 -191 -190 -189 -190 -203 -201 -200 -199 -197 -195 -131 -128 -127 -128 -58 -57 -55 -52 -51 -52 -49 -47 -45 -46 -48 -48 -48 -45 -44 15 16 15 15 17 20 21 -33 -32 -32 23 23 22 22 20 -32768 -32768 -32768 -32768 -32768 -32768 -32768 -32768 -32768 -32768 -32768 -32768 -32768 -32768 -32768 -32768 -32768 -32768 -32768
-139 -136 -136 -137 -136 -136 -136 -136 -136 -136 -136 -136 -136 -189 -188 -188 -187 -187 -135 -199 -134 -133 -133 -132 -131 -131 -129 -126 -125 -57 -119 -48 -45 -48 -46 -43 -45 -46 -46 -45 -43 -40 -39 -33 25 24 -131 24 22 24 21 21 22 23 20 19 21 21 -32768 -32768 -32768 -32768 -32768 -32768 -32768 -32768 -32768 -32768 -32768 -32768 -32768 -32768 -32768 -32768 -32768 -32768
-137 -135 -136 -142 -136 -138 -137 -135 -134 -134 -134 -134 -134 -188 -135 -186 -185 -185 -185 -134 -198 -133 -133 -133 -133 -132 -131 -133 -131 -122 -117 -114 -111 -106 -105 -103 -107 -106 -40 -100 -100 -33 -92 -35 -144 -137 -134 -134 -135 -132 18 16 15 18 18 18 20 22 22 -32768 21 -32768 -32768 -32768 -32768 -32768 -32768 -32768 -32768 -32768 -32768 -32768 -32768 -32768 -32768 -32768
-136 -133 -134 -134 -135 -133 -133 -133 -133 -133 -132 -132 -132 -185 -186 -185 -185 -132 -132 -131 -132 -131 -131 -131 -131 -132 -133 -128 -125 -123 -120 -116 -111 -105 -100 -98 -98 -100 -97 -92 -88 -88 -86 -32768 -85 -138 -146 -151 -148 -140 -138 13 15 17 16 13 20 23 19 21 21 21 21 -32768 20 -32768 -32768 -32768 -32768 -32768 -32768 -32768 -32768 -32768 -32768 -32768
-134 -132 -134 -136 -135 -133 -132 -131 -131 -132 -132 -130 -129 -128 -126 -126 -180 -182 -129 -129 -129 -129 -129 -130 -130 -129 -126 -123 -121 -119 -117 -114 -112 -108 -106 -101 -100 -95 -92 -88 -85 -85 -85 -98 -152 -156 -160 -156 -159 -145 -139 14 14 16 19 21 23 20 16 16 19 21 21 21 20 20 -32768 -32768 -32768 -32768 -32768 -32768 -32768 -32768 -32768 -32768
-133 -132 -132 -135 -135 -133 -132 -133 -133 -131 -129 -129 -128 -128 -127 -126 -126 -124 -122 -123 -123 -126 -128 -126 -125 -123 -121 -119 -117 -116 -113 -111 -110 -108 -103 -99 -96 -91 -87 -86 -85 -86 -95 -109 -110 -157 -155 -155 -150 -143 -139 15 15 17 22 20 22 18 17 17 19 16 18 20 21 20 21 -32768 -32768 -32768 -32768 -32768 -32768 -32768 -32768 -32768
-131 -130 -130 -133 -134 -135 -134 -134 -134 -132 -131 -129 -127 -127 -127 -126 -124 -125 -123 -120 -118 -120 -120 -120 -120 -120 -117 -116 -114 -114 -112 -111 -111 -107 -98 -95 -94 -87 -87 -89 -91 -97 -102 -104 -104 -102 -153 -149 -145 -140 -138 17 17 20 22 16 14 13 11 16 17 16 17 20 21 21 -32768 -32768 -32768 -32768 -32768 -32768 -32768 -32768 -32768 -32768
-129 -130 -129 -133 -133 -133 -130 -130 -130 -131 -131 -127 -126 -126 -126 -126 -126 -124 -123 -123 -121 -119 -119 -119 -117 -115 -112 -115 -114 -112 -109 -108 -100 -95 -102 -107 -104 -97 -101 -100 -93 -97 -102 -105 -104 -99 -98 -98 -95 -139 -136 17 18 21 20 15 11 10 11 13 17 17 17 19 20 21 -32768 -32768 -32768 -32768 -32768 -32768 -32768 -32768 -32768 -32768
-129 -127 -128 -128 -130 -129 -129 -127 -127 -128 -129 -125 -125 -125 -127 -129 -129 -130 -130 -130 -124 -121 -120 -122 -121 -119 -113 -110 -108 -109 -104 -104 -103 -108 -109 -107 -104 -102 -99 -94 -95 -97 -100 -100 -100 -98 -95 -93 -92 -91 -90 -90 18 19 15 15 13 13 14 15 18 17 19 19 21 19 -32768 -32768 -32768 -32768 -32768 -32768 -32768 -32768 -32768 -32768
-126 -126 -125 -126 -127 -127 -127 -125 -124 -124 -125 -123 -123 -123 -126 -127 -127 -129 -129 -127 -124 -121 -119 -117 -116 -115 -114 -112 -111 -109 -106 -106 -108 -108 -106 -105 -102 -101 -96 -98 -96 -96 -95 -95 -94 -93 -93 -93 -94 -94 -92 -90 -89 16 15 15 14 14 18 18 18 18 18 20 22 20 -32768 -32768 -32768 -32768 -32768 -32768 -32768 -32768 -32768 -32768
-124 -124 -124 -124 -124 -125 -125 -124 -124 -123 -123 -122 -121 -121 -122 -123 -123 -127 -125 -124 -122 -120 -119 -117 -114 -113 -111 -110 -108 -107 -107 -106 -106 -104 -102 -102 -100 -99 -100 -100 -96 -97 -96 -97 -95 -95 -96 -95 -95 -92 -91 -90 -90 13 15 16 16 19 20 19 21 20 20 22 23 21 -32768 -32768 -32768 -32768 -32768 -32768 -32768 -32768 -32768 -32768
-122 -125 -124 -123 -123 -123 -125 -125 -125 -125 -123 -123 -121 -121 -119 -119 -120 -122 -123 -122 -121 -119 -118 -116 -114 -113 -112 -110 -111 -108 -105 -105 -105 -103 -101 -98 -99 -98 -98 -99 -94 -94 -94 -92 -93 -94 -95 -94 -92 -89 -88 -91 -88 -89 15 15 15 15 17 17 17 19 20 19 22 22 62 -32768 -32768 -32768 -32768 -32768 -32768 -32768 -32768 -32768
-123 -125 -125 -122 -123 -124 -127 -128 -127 -124 -124 -124 -126 -123 -118 -118 -118 -117 -120 -120 -119 -119 -118 -116 -115 -110 -108 -108 -107 -107 -105 -104 -102 -101 -98 -98 -97 -97 -96 -95 -92 -92 -91 -91 -90 -91 -91 -93 -90 -87 -85 -85 -84 -85 -85 16 15 15 15 15 15 16 16 19 22 22 62 -32768 -32768 -32768 -32768 -32768 -32768 -32768 -32768 -32768
-121 -122 -123 -123 -127 -127 -127 -126 -123 -122 -123 -124 -121 -118 -118 -117 -115 -115 -116 -117 -117 -116 -116 -115 -113 -110 -105 -105 -106 -105 -107 -105 -102 -101 -99 -97 -95 -93 -93 -93 -90 -90 -88 -86 -88 -88 -88 -87 -86 -84 -83 -85 -83 -82 -84 -82 -32 15 16 16 16 15 15 16 19 19 -32768 -32768 63 -32768 -32768 -32768 -32768 -32768 -32768 -32768
-116 -119 -121 -123 -126 -123 -122 -122 -120 -119 -120 -119 -117 -117 -117 -116 -114 -113 -115 -117 -116 -115 -114 -115 -112 -110 -107 -101 -104 -102 -103 -103 -103 -102 -101 -98 -94 -93 -91 -91 -90 -90 -88 -88 -85 -84 -84 -82 -84 -82 -81 -83 -80 -81 -84 -31 -31 -31 -32 -30 -27 17 17 18 20 -32768 -32768 17 19 -32768 -32768 -32768 -32768 -32768 -32768 -32768
-117 -113 -117 -118 -121 -121 -119 -117 -119 -120 -126 -121 -117 -119 -120 -117 -115 -112 -113 -116 -116 -115 -113 -110 -112 -108 -107 -104 -100 -100 -99 -101 -100 -102 -100 -97 -95 -91 -90 -87 -87 -88 -87 -87 -86 -83 -80 -78 -79 -78 -78 -74 -78 -77 -74 -31 -30 -30 -30 -26 -24 -22 -20 -17 -32768 -32768 -32768 -32768 -32768 -32768 -32768 -32768 -32768 -32768 -32768 -32768
-118 -112 -116 -118 -118 -116 -116 -115 -113 -114 -120 -114 -117 -120 -116 -114 -112 -109 -109 -112 -113 -112 -113 -110 -107 -105 -106 -102 -96 -99 -96 -99 -98 -98 -97 -96 -96 -93 -89 -86 -84 -86 -84 -81 -82 -79 -80 -74 -75 -73 -74 -73 -72 -72 -69 -23 -25 -24 -23 -20 -16 -32768 -12 -13 -13 -14 -13 -13 -32768 -32768 -32768 -32768 -32768 -32768 -32768 -32768
-116 -116 -110 -116 -113 -115 -115 -113 -110 -113 -114 -108 -120 -122 -117 -112 -111 -106 -107 -107 -111 -110 -109 -104 -102 -98 -100 -95 -97 -93 -93 -96 -97 -95 -94 -89 -92 -91 -88 -85 -84 -83 -80 -77 -75 -73 -73 -70 -70 -68 -67 -65 -65 -63 -62 -62 -14 -17 -16 -11 -11 -11 -12 -12 -14 -17 -13 -11 -32768 -32768 -32768 -32768 -32768 -32768 -32768 -32768
-110 -108 -104 -108 -111 -111 -114 -111 -107 -108 -110 -98 -108 -112 -113 -111 -111 -107 -108 -106 -105 -105 -104 -102 -99 -95 -94 -91 -88 -87 -89 -90 -92 -89 -88 -87 -89 -87 -85 -84 -81 -78 -76 -76 -73 -72 -69 -66 -64 -62 -61 -61 -60 -32768 -32768 -32768 -32768 -32768 -8 -9 -10 -12 -10 -10 -9 -9 -14 -32768 -32768 -32768 -32768 -32768 -32768 -32768 -32768 -32768
-108 -105 -100 -103 -104 -106 -111 -107 -102 -103 -101 -95 -103 -106 -98 -107 -110 -105 -105 -98 -97 -98 -101 -98 -94 -94 -89 -86 -85 -86 -83 -84 -84 -84 -83 -83 -83 -84 -82 -79 -76 -73 -74 -71 -69 -68 -64 -62 -60 -60 -32768 -32768 -32768 -32768 -32768 -32768 -32768 -5 -7 -10 -12 -11 -9 -8 -9 -9 -32768 -32768 -32768 -32768 -32768 -32768 -32768 -32768 -32768 -32768
-96 -95 -102 -100 -94 -101 -109 -107 -95 -103 -108 -100 -89 -96 -93 -94 -98 -95 -94 -93 -90 -92 -92 -88 -86 -84 -86 -85 -84 -81 -79 -80 -77 -78 -78 -78 -76 -78 -77 -75 -74 -70 -69 -67 -65 -62 -61 -59 -32768 -32768 -32768 -32768 -32768 -32768 -32768 -32768 -3 -7 -10 -12 -16 -15 -7 -9 -10 -6 -10 -32768 -32768 -32768 -32768 -32768 -32768 -32768 -32768 -32768
-99 -93 -85 -94 -91 -99 -102 -96 -87 -90 -98 -96 -86 -90 -85 -82 -87 -87 -84 -86 -84 -82 -82 -80 -79 -80 -80 -80 -78 -77 -76 -76 -74 -72 -73 -72 -73 -73 -72 -70 -68 -66 -61 -61 -60 -61 -59 -32768 -32768 -32768 -32768 -32768 -32768 -32768 -32768 -3 -4 -13 -17 -17 -17 -16 -11 -7 -5 -32768 -7 -3 -32768 -32768 -32768 -32768 -32768 -32768 -32768 -32768
-139 -95 -85 -81 -87 -91 -88 -84 -82 -127 -128 -126 -124 -81 -82 -77 -79 -77 -79 -76 -75 -74 -73 -73 -73 -73 -72 -72 -72 -71 -72 -71 -70 -69 -109 -107 -68 -68 -68 -66 -63 -60 -59 -58 -58 -58 -32768 -32768 -32768 -32768 -32768 -32768 -32768 -32768 -32768 -1 -1 -4 -13 -15 -16 -14 -9 -6 -32768 -32768 -32768 -32768 -32768 -32768 -32768 -32768 -32768 -32768 -32768 -32768
-132 -133 -77 -72 -76 -73 -74 -72 -118 -118 -115 -115 -115 -113 -71 -71 -70 -70 -69 -68 -67 -67 -67 -66 -67 -68 -67 -68 -68 -67 -68 -66 -66 -65 -104 -102 -102 -63 -63 -62 -58 -58 -57 -57 -32768 -32768 -32768 -32768 -32768 -32768 -32768 -32768 -32768 -32768 1 -1 -3 -10 -13 -12 -8 -8 -5 -32768 -32768 -32768 -32768 -32768 -32768 -32768 -32768 -32768 -32768 -32768 -32768 -32768
-120 -115 -65 -62 -62 -63 -64 -111 -109 -108 -107 -107 -106 -106 -63 -62 -62 -62 -62 -62 -61 -61 -61 -62 -62 -62 -62 -63 -63 -63 -62 -62 -61 -61 -99 -98 -97 -59 -58 -57 -56 -55 -55 -32768 -32768 -32768 -32768 -32768 -32768 -32768 -32768 -32768 -32768 -32768 2 -3 -10 -13 -13 -10 -9 -3 -32768 -32768 5 5 -32768 -32768 -32768 -32768 -32768 -32768 -32768 -32768 -32768 -32768
-113 -111 -62 -32768 -32768 -32768 -32768 -32768 -32768 -32768 -32768 -32768 -32768 -32768 -32768 -32768 -32768 -32768 -32768 -32768 -32768 -32768 -32768 -32768 -32768 -32768 -32768 -32768 -32768 -60 -59 -59 -32768 -32768 -32768 -32768 -32768 -32768 -32768 -32768 -32768 -32768 -32768 -32768 -32768 -32768 -32768 -32768 -32768 -32768 -32768 -32768 -32768 6 -3 -15 -19 -13 -10 -6 -2 1 -1 3 6 -32768 9 -32768 -32768 -32768 -32768 -32768 -32768 -32768 -32768 -32768
-32768 -32768 -32768 -32768 -32768 -32768 -32768 -32768 -32768 -32768 -32768 -32768 -56 -58 -60 -59 -58 -57 -55 -52 -32768 -32768 -32768 -32768 -32768 -32768 -32768 -32768 -32768 -32768 -32768 -32768 -32768 -32768 -32768 -32768 -32768 -32768 -32768 -32768 -32768 -32768 -32768 -32768 -32768 -32768 -32768 -32768 -32768 -32768 -32768 -32768 9 5 -7 -16 -11 -7 -6 3 2 2 1 2 2 4 4 6 -32768 -32768 -32768 -32768 -32768 -32768 -32768 -32768
-32768 -32768 -32768 -32768 -32768 -32768 -32768 -32768 -32768 -32768 -32768 -32768 -32768 -56 -57 -57 -56 -57 -57 -58 -58 -57 -55 -53 -32768 -32768 -32768 -32768 -32768 -32768 -32768 -32768 -32768 -32768 -32768 -32768 -32768 -32768 -32768 -32768 -32768 -32768 -32768 -32768 -32768 -32768 -32768 -32768 -32768 -32768 -32768 -32768 3 -10 -17 -13 -7 -4 1 5 1 0 1 4 5 6 -32768 -32768 -32768 -32768 -32768 62 61 60 59 59
-32768 -32768 -32768 -32768 -32768 -32768 -32768 -32768 -32768 -32768 -32768 -32768 -32768 -32768 -32768 -32768 -52 -52 -52 -57 -58 -58 -58 -56 -55 -53 -32768 -32768 -32768 -32768 -32768 -32768 -32768 -32768 -32768 -32768 -32768 -32768 -32768 -32768 -32768 -32768 -32768 -32768 -32768 -32768 -32768 -32768 -32768 -32768 -32768 5 6 -15 -17 -9 -3 0 1 -1 -1 0 2 9 11 12 14 16 65 65 65 64 62 61 60 60
-32768 -32768 -32768 -32768 -32768 -32768 -32768 -32768 -32768 -32768 -32768 -32768 -32768 -32768 -32768 -32768 -32768 -32768 -48 -52 -54 -57 -57 -57 -55 -52 -51 -50 -49 -32768 -32768 -32768 -32768 -32768 -32768 -32768 -32768 -32768 -32768 -32768 -32768 -32768 -32768 -32768 -32768 -32768 -32768 -32768 -32768 -32768 3 0 0 3 -7 -4 7 7 3 1 2 6 9 11 11 13 14 16 68 67 68 115 114 64 64 63
-32768 -48 -55 -57 -60 -58 -60 -61 -55 -54 -53 -47 -32768 -32768 -32768 -32768 -32768 -32768 -32768 -44 -46 -48 -50 -51 -52 -51 -52 -50 -49 -48 -32768 -32768 -32768 -32768 -32768 -32768 -32768 -32768 -32768 -32768 -32768 -32768 -32768 -32768 -32768 -32768 -32768 -32768 -32768 14 2 -2 3 3 4 11 11 8 4 -1 1 3 8 10 10 10 13 17 71 70 118 117 116 113 111 61
-56 -58 -70 -76 -79 -69 -63 -64 -59 -64 -62 -57 -57 -52 -32768 -32768 -32768 -32768 -32768 -32768 -32768 -32768 -32768 -45 -46 -46 -47 -47 -47 -47 -32768 -32768 -32768 -32768 -32768 -32768 -32768 -32768 -32768 -32768 -32768 -32768 -32768 -32768 -32768 -32768 -32768 -32768 -32768 8 8 10 8 5 11 9 7 1 -1 -1 0 2 7 11 65 65 71 74 71 118 119 119 116 114 112 110
-75 -72 -75 -75 -81 -70 -72 -70 -65 -63 -66 -60 -53 -54 -49 -32768 -32768 -32768 -32768 -32768 -32768 -32768 -32768 -32768 -32768 -32768 -32768 -32768 -32768 -32768 -32768 -32768 -32768 -32768 -32768 -32768 -32768 -32768 -32768 -32768 -32768 -32768 -32768 -32768 -32768 -32768 -32768 -32768 4 1 0 8 7 0 9 7 -7 -1 -2 -1 3 8 62 67 68 72 75 70 66 115 120 116 115 114 113 111
-67 -65 -63 -68 -70 -68 -68 -67 -63 -62 -58 -55 -54 -50 -47 -42 -32768 -32768 -32768 -32768 -32768 -32768 -32768 -32768 -32768 -32768 -32768 -32768 -32768 -32768 -32768 -32768 -32768 -32768 -32768 -32768 -32768 -32768 -32768 -32768 -32768 -32768 -32768 -32768 -32768 -32768 12 14 1 -1 6 5 2 8 1 -6 -2 1 3 5 62 63 64 66 66 68 72 69 67 118 116 113 112 110 111 111
