_episodes_rmd/output/experiment_small/species_big_extent_novel.asc
ncols         660
nrows         720
xllcorner     -130.0
yllcorner     -60.0
cellsize      0.166666666666667
NODATA_value  -9999
[rows 155 to 185 of 720, columns 210 to 279 of 660]
1.92371E1 1.89055E1 1.89055E1 1.89055E1 1.89055E1 1.85738E1 1.82421E1 1.75788E1 1.75788E1 1.75788E1 1.79104E1 1.79104E1 1.62521E1 1.2272E1 1.2272E1 1.2272E1 1.2272E1 1.62521E1 1.92371E1 1.79104E1 1.65837E1 1.65837E1 1.65837E1 1.65837E1 1.39303E1 1.39303E1 1.65837E1 1.65837E1 1.92371E1 1.89055E1 1.89055E1 1.89055E1 1.89055E1 1.89055E1 1.89055E1 1.89055E1 1.89055E1 1.06136E1 1.89055E1 1.85738E1 1.69154E1 1.55887E1 1.45937E1 1.45937E1 1.49254E1 1.65837E0 1.65837E0 1.65837E0 1.65837E0 1.65837E0 1.65837E0 1.65837E0 7.29685E0 7.29685E0 7.62852E0 7.62852E0 7.62852E0 1.65837E0 1.65837E0 1.65837E0 1.65837E0 1.65837E0 1.65837E0 1.65837E0 1.65837E0 1.65837E0 1.99005E0 1.99005E0 1.99005E0 1.99005E0
1.92371E1 1.92371E1 1.92371E1 1.92371E1 1.92371E1 1.89055E1 1.79104E1 1.62521E1 1.62521E1 1.2272E1 1.2272E1 1.2272E1 1.2272E1 1.2272E1 6.30182E0 6.30182E0 1.2272E1 1.2272E1 1.62521E1 1.62521E1 1.79104E1 1.92371E1 1.65837E1 1.65837E1 1.39303E1 1.65837E1 1.65837E1 1.65837E1 1.99005E1 1.92371E1 1.89055E1 1.89055E1 1.89055E1 1.89055E1 1.89055E1 1.89055E1 1.06136E1 1.09453E1 1.92371E1 1.89055E1 1.85738E1 1.59204E1 1.55887E1 1.65837E0 1.65837E0 1.65837E0 1.99005E0 1.99005E0 1.99005E0 1.99005E0 1.99005E0 1.65837E0 1.99005E0 8.29187E0 1.99005E0 1.65837E0 7.29685E0 7.29685E0 1.65837E0 1.65837E0 1.65837E0 1.65837E0 1.65837E0 1.99005E0 1.99005E0 1.99005E0 1.99005E0 1.99005E0 1.99005E0 1.99005E0
1.95688E1 1.95688E1 1.95688E1 1.95688E1 1.92371E1 1.79104E1 1.79104E1 1.2272E1 6.30182E0 6.30182E0 6.30182E0 6.30182E0 6.30182E0 6.30182E0 3.9801E0 6.30182E0 6.30182E0 1.2272E1 1.2272E1 1.62521E1 1.79104E1 1.09453E1 1.09453E1 1.65837E1 1.65837E1 1.39303E1 1.65837E1 1.65837E1 1.99005E1 2.05638E1 1.92371E1 1.89055E1 1.89055E1 1.92371E1 1.09453E1 1.09453E1 1.09453E1 1.09453E1 1.09453E1 1.06136E1 9.61857E0 8.29187E0 8.29187E0 1.99005E0 1.99005E0 1.99005E0 1.99005E0 1.99005E0 1.99005E0 1.99005E0 1.99005E0 1.99005E0 1.99005E0 1.99005E0 1.99005E0 1.65837E0 1.65837E0 1.65837E0 1.65837E0 1.65837E0 1.99005E0 1.99005E0 1.99005E0 1.99005E0 1.99005E0 1.99005E0 1.99005E0 1.99005E0 1.99005E0 2.32172E0
2.05638E1 1.92371E1 1.92371E1 1.79104E1 1.79104E1 1.62521E1 1.62521E1 6.30182E0 3.9801E0 3.9801E0 3.9801E0 3.9801E0 3.9801E0 3.9801E0 3.9801E0 3.9801E0 6.30182E0 6.30182E0 1.2272E1 1.62521E1 1.09453E1 1.09453E1 1.99005E0 1.09453E1 1.65837E1 1.39303E1 1.65837E1 1.99005E1 1.99005E1 2.05638E1 1.92371E1 1.89055E1 9.95025E0 1.06136E1 1.09453E1 1.09453E1 1.09453E1 1.09453E1 1.09453E1 1.09453E1 9.95025E0 9.61857E0 9.2869E0 1.99005E0 1.99005E0 1.99005E0 1.99005E0 1.99005E0 1.99005E0 1.99005E0 1.99005E0 1.99005E0 1.99005E0 1.99005E0 1.99005E0 1.99005E0 1.99005E0 1.65837E0 1.99005E0 1.99005E0 1.99005E0 1.99005E0 1.99005E0 1.99005E0 1.99005E0 1.99005E0 2.32172E0 2.32172E0 2.6534E0 2.6534E0
1.92371E1 1.79104E1 1.79104E1 1.62521E1 1.62521E1 1.62521E1 1.2272E1 6.30182E0 3.9801E0 3.9801E0 3.9801E0 1.99005E0 1.99005E0 1.99005E0 1.99005E0 3.9801E0 3.9801E0 6.30182E0 1.2272E1 1.09453E1 1.09453E1 1.99005E0 1.99005E0 1.99005E1 1.65837E1 1.65837E1 1.65837E1 1.99005E1 2.15589E1 2.05638E1 1.92371E1 1.89055E1 1.09453E1 1.09453E1 1.09453E1 1.09453E1 1.09453E1 1.09453E1 1.09453E1 1.09453E1 1.09453E1 1.06136E1 9.95025E0 9.95025E0 1.99005E0 1.99005E0 1.99005E0 1.99005E0 1.99005E0 1.99005E0 1.99005E0 2.32172E0 2.32172E0 1.99005E0 1.99005E0 1.65837E0 1.99005E0 1.99005E0 1.99005E0 1.99005E0 1.99005E0 1.99005E0 1.99005E0 1.99005E0 1.99005E0 2.32172E0 2.6534E0 2.98507E0 2.98507E0 2.98507E0
1.85738E1 1.75788E1 1.79104E1 1.62521E1 1.62521E1 1.2272E1 6.30182E0 3.9801E0 1.99005E0 1.99005E0 1.99005E0 1.99005E0 3.9801E0 3.9801E0 1.99005E0 3.9801E0 6.30182E0 1.2272E1 1.62521E1 1.09453E1 2.32172E0 2.32172E0 2.32172E0 2.32172E0 1.99005E1 1.99005E1 1.99005E1 2.25539E1 2.15589E1 2.05638E1 1.95688E1 1.09453E1 1.09453E1 1.09453E1 1.09453E1 1.09453E1 1.09453E1 1.09453E1 1.09453E1 1.09453E1 1.09453E1 1.09453E1 1.09453E1 1.09453E1 2.6534E0 2.32172E0 2.32172E0 2.32172E0 2.6534E0 2.32172E0 2.6534E0 2.6534E0 2.32172E0 1.99005E0 1.99005E0 1.99005E0 1.99005E0 1.99005E0 1.99005E0 2.32172E0 2.32172E0 2.32172E0 2.32172E0 2.32172E0 2.32172E0 2.6534E0 2.98507E0 2.98507E0 2.98507E0 3.31675E0
1.75788E1 1.59204E1 1.59204E1 1.79104E1 1.79104E1 1.2272E1 3.9801E0 1.99005E0 1.3267E0 1.3267E0 1.99005E0 1.99005E0 3.9801E0 3.9801E0 3.9801E0 3.9801E0 1.2272E1 1.62521E1 1.79104E1 1.92371E1 2.32172E0 2.32172E0 2.32172E0 2.32172E0 1.99005E1 2.25539E1 2.25539E1 2.25539E1 2.15589E1 2.05638E1 1.99005E1 1.85738E1 1.09453E1 1.09453E1 1.09453E1 1.09453E1 1.09453E1 1.09453E1 1.09453E1 1.09453E1 1.09453E1 1.09453E1 1.09453E1 1.09453E1 2.98507E0 2.98507E0 2.98507E0 2.98507E0 2.98507E0 2.6534E0 2.6534E0 2.6534E0 2.32172E0 1.99005E0 1.99005E0 1.99005E0 1.99005E0 2.32172E0 2.32172E0 2.6534E0 2.6534E0 2.6534E0 2.98507E0 2.6534E0 2.6534E0 2.98507E0 2.98507E0 3.31675E0 3.31675E0 3.31675E0
1.59204E1 1.26036E1 1.4262E1 1.75788E1 1.62521E1 1.2272E1 6.30182E0 1.99005E0 1.99005E0 1.99005E0 1.99005E0 1.99005E0 3.9801E0 6.30182E0 6.30182E0 1.2272E1 1.62521E1 1.79104E1 1.92371E1 2.15589E1 2.25539E1 1.99005E0 1.99005E1 1.99005E1 2.25539E1 2.25539E1 2.38806E1 2.25539E1 2.15589E1 2.05638E1 2.05638E1 1.99005E1 1.09453E1 1.09453E1 1.09453E1 1.09453E1 1.09453E1 1.09453E1 1.09453E1 1.09453E1 1.09453E1 1.09453E1 1.09453E1 2.98507E0 2.98507E0 2.98507E0 3.31675E0 2.98507E0 2.98507E0 2.6534E0 2.98507E0 2.98507E0 2.6534E0 2.32172E0 2.32172E0 2.32172E0 2.6534E0 2.6534E0 2.98507E0 2.98507E0 2.98507E0 2.98507E0 2.98507E0 2.98507E0 2.98507E0 2.98507E0 3.31675E0 4.64345E0 4.64345E0 4.64345E0
1.75788E1 1.4262E1 1.4262E1 1.59204E1 1.62521E1 1.2272E1 6.30182E0 3.9801E0 3.9801E0 3.9801E0 2.6534E0 3.9801E0 6.30182E0 6.30182E0 1.2272E1 1.62521E1 1.79104E1 1.92371E1 2.25539E1 2.25539E1 2.38806E1 1.99005E0 1.99005E0 2.98507E0 1.99005E0 3.31675E0 3.31675E0 2.25539E1 2.15589E1 2.15589E1 2.05638E1 2.02322E1 1.09453E1 1.09453E1 1.09453E1 1.09453E1 1.09453E1 1.09453E1 1.16086E1 1.16086E1 1.16086E1 1.16086E1 1.16086E1 3.31675E0 3.31675E0 3.31675E0 3.31675E0 3.31675E0 3.31675E0 2.98507E0 2.98507E0 2.98507E0 2.98507E0 2.98507E0 2.98507E0 2.98507E0 2.6534E0 2.98507E0 2.98507E0 3.31675E0 3.31675E0 3.31675E0 3.31675E0 3.9801E0 4.64345E0 4.64345E0 4.64345E0 5.63847E0 5.63847E0 5.63847E0
1.75788E1 1.59204E1 1.59204E1 1.62521E1 1.2272E1 1.2272E1 1.2272E1 6.30182E0 6.30182E0 2.98507E0 2.98507E0 2.98507E0 1.2272E1 1.62521E1 1.62521E1 1.79104E1 1.79104E1 1.92371E1 2.25539E1 2.42123E1 2.45439E1 3.31675E0 1.99005E0 1.99005E0 1.99005E0 3.9801E0 3.9801E0 2.38806E1 2.25539E1 2.25539E1 2.15589E1 1.99005E0 2.98507E0 2.98507E0 1.09453E1 1.09453E1 1.09453E1 1.16086E1 1.16086E1 1.16086E1 1.16086E1 3.31675E0 3.31675E0 3.31675E0 3.9801E0 3.9801E0 4.64345E0 4.64345E0 4.97512E0 4.64345E0 3.9801E0 3.9801E0 4.64345E0 3.31675E0 3.31675E0 2.98507E0 2.98507E0 2.98507E0 3.31675E0 1.16086E1 4.64345E0 4.64345E0 4.64345E0 4.64345E0 4.64345E0 5.63847E0 5.3068E0 5.63847E0 7.29685E0 6.30182E0
1.59204E1 1.59204E1 1.75788E1 1.62521E1 1.2272E1 1.2272E1 1.2272E1 1.2272E1 1.2272E1 2.98507E0 2.98507E0 2.98507E0 2.98507E0 1.62521E1 1.79104E1 1.79104E1 1.92371E1 2.25539E1 2.25539E1 2.32172E1 2.42123E1 4.64345E0 3.9801E0 4.97512E0 5.63847E0 4.97512E0 4.64345E0 4.64345E0 2.38806E1 2.25539E1 2.22222E1 3.31675E0 3.31675E0 1.16086E1 1.16086E1 1.16086E1 1.16086E1 1.16086E1 1.16086E1 3.9801E0 3.31675E0 4.64345E0 4.64345E0 4.64345E0 4.64345E0 4.64345E0 5.3068E0 1.2272E1 1.26036E1 1.2272E1 5.63847E0 5.63847E0 5.63847E0 4.97512E0 4.64345E0 4.64345E0 4.64345E0 3.9801E0 4.64345E0 1.2272E1 1.2272E1 5.63847E0 5.3068E0 5.3068E0 5.63847E0 6.30182E0 6.30182E0 6.30182E0 7.29685E0 7.29685E0
1.75788E1 1.75788E1 1.62521E1 1.2272E1 1.2272E1 1.2272E1 1.62521E1 1.62521E1 1.62521E1 2.98507E0 1.99005E0 1.99005E0 1.99005E0 1.99005E0 1.79104E1 1.79104E1 1.92371E1 2.25539E1 2.32172E1 2.15589E1 2.32172E1 2.42123E1 5.63847E0 5.63847E0 2.6534E0 5.63847E0 4.64345E0 4.64345E0 2.38806E1 2.38806E1 1.16086E1 4.64345E0 3.9801E0 1.16086E1 1.16086E1 1.16086E1 1.16086E1 1.16086E1 3.9801E0 4.64345E0 4.64345E0 4.97512E0 4.97512E0 4.97512E0 4.97512E0 5.3068E0 5.63847E0 1.26036E1 1.26036E1 6.30182E0 6.30182E0 6.30182E0 6.30182E0 5.63847E0 5.63847E0 5.3068E0 4.97512E0 5.3068E0 5.63847E0 6.30182E0 6.30182E0 6.30182E0 5.63847E0 5.63847E0 5.63847E0 7.29685E0 7.29685E0 7.29685E0 7.29685E0 7.62852E0
1.59204E1 1.79104E1 1.62521E1 1.2272E1 1.2272E1 1.2272E1 1.62521E1 1.62521E1 1.62521E1 1.99005E0 1.99005E0 1.99005E0 1.99005E0 2.32172E0 2.32172E0 2.6534E0 2.6534E0 2.98507E0 2.98507E0 1.99005E1 2.15589E1 2.22222E1 2.32172E1 6.30182E0 6.30182E0 5.63847E0 5.3068E0 5.63847E0 1.2272E1 1.2272E1 1.19403E1 1.19403E1 1.16086E1 1.19403E1 1.16086E1 1.16086E1 1.16086E1 4.64345E0 4.64345E0 4.64345E0 5.3068E0 5.63847E0 5.63847E0 5.3068E0 5.63847E0 5.63847E0 6.30182E0 6.30182E0 7.29685E0 6.30182E0 6.30182E0 6.30182E0 6.30182E0 6.30182E0 5.63847E0 5.63847E0 5.3068E0 5.63847E0 6.30182E0 7.29685E0 7.29685E0 6.30182E0 7.29685E0 6.30182E0 6.30182E0 7.29685E0 7.62852E0 7.62852E0 7.62852E0 7.62852E0
1.4262E1 1.62521E1 1.2272E1 1.2272E1 6.30182E0 1.2272E1 1.2272E1 1.62521E1 1.62521E1 1.99005E0 1.99005E0 2.32172E0 2.32172E0 2.6534E0 2.6534E0 2.98507E0 2.98507E0 2.98507E0 2.98507E0 2.98507E0 1.85738E1 2.02322E1 2.15589E1 2.02322E1 6.30182E0 6.30182E0 6.30182E0 2.98507E0 2.98507E0 1.2272E1 1.2272E1 1.2272E1 1.2272E1 1.2272E1 1.2272E1 5.3068E0 4.97512E0 5.3068E0 5.3068E0 5.63847E0 5.63847E0 6.30182E0 5.63847E0 5.63847E0 6.30182E0 6.30182E0 5.63847E0 6.30182E0 6.30182E0 6.30182E0 6.30182E0 6.30182E0 6.30182E0 6.30182E0 6.30182E0 6.30182E0 6.30182E0 6.30182E0 7.29685E0 7.29685E0 7.62852E0 7.62852E0 7.29685E0 7.29685E0 7.62852E0 7.62852E0 7.62852E0 7.62852E0 7.62852E0 7.62852E0
1.3267E1 1.62521E1 1.2272E1 6.30182E0 6.30182E0 6.30182E0 1.2272E1 1.2272E1 1.99005E0 1.99005E0 2.32172E0 2.98507E0 2.98507E0 2.98507E0 2.98507E0 2.98507E0 2.98507E0 2.98507E0 2.98507E0 3.31675E0 1.55887E1 1.69154E1 1.69154E1 1.75788E1 6.30182E0 6.30182E0 6.30182E0 7.29685E0 7.29685E0 6.30182E0 5.63847E0 5.63847E0 1.26036E1 6.30182E0 6.30182E0 6.30182E0 6.30182E0 5.63847E0 6.30182E0 5.63847E0 6.30182E0 7.29685E0 6.30182E0 6.30182E0 6.30182E0 6.30182E0 6.30182E0 5.63847E0 6.30182E0 6.30182E0 6.30182E0 6.30182E0 6.30182E0 7.29685E0 7.29685E0 7.29685E0 7.29685E0 7.29685E0 7.62852E0 8.29187E0 8.29187E0 8.29187E0 8.29187E0 8.29187E0 8.29187E0 8.29187E0 8.29187E0 8.29187E0 8.29187E0 2.58706E1
1.06136E1 1.2272E1 1.2272E1 6.30182E0 6.30182E0 6.30182E0 3.9801E0 2.32172E0 2.32172E0 2.32172E0 2.6534E0 2.98507E0 3.31675E0 3.31675E0 3.31675E0 2.98507E0 2.98507E0 2.98507E0 3.31675E0 3.31675E0 3.9801E0 1.16086E1 3.31675E0 7.29685E0 7.29685E0 7.29685E0 7.29685E0 7.29685E0 7.29685E0 7.62852E0 7.29685E0 7.29685E0 7.29685E0 7.29685E0 7.62852E0 7.29685E0 7.29685E0 6.30182E0 7.29685E0 7.29685E0 7.29685E0 7.62852E0 7.29685E0 7.29685E0 7.29685E0 7.29685E0 6.30182E0 6.30182E0 6.30182E0 7.29685E0 7.29685E0 7.29685E0 7.29685E0 7.29685E0 7.62852E0 7.62852E0 8.29187E0 8.29187E0 8.29187E0 8.95522E0 9.2869E0 9.61857E0 9.61857E0 9.61857E0 9.61857E0 9.61857E0 2.71973E1 2.71973E1 2.58706E1 2.58706E1
1.06136E1 1.2272E1 1.2272E1 1.2272E1 5.3068E0 4.97512E0 4.64345E0 4.97512E0 2.32172E0 2.6534E0 2.98507E0 3.31675E0 4.64345E0 4.64345E0 4.64345E0 3.31675E0 2.98507E0 3.31675E0 3.31675E0 3.9801E0 4.64345E0 4.64345E0 3.31675E0 3.31675E0 7.29685E0 7.29685E0 7.29685E0 7.62852E0 7.62852E0 7.62852E0 8.29187E0 7.62852E0 3.31675E0 7.62852E0 7.62852E0 7.62852E0 7.29685E0 7.29685E0 7.29685E0 7.29685E0 7.62852E0 7.62852E0 7.62852E0 7.62852E0 7.62852E0 7.29685E0 7.29685E0 7.29685E0 7.29685E0 7.29685E0 7.29685E0 7.29685E0 7.29685E0 7.62852E0 7.62852E0 8.29187E0 8.95522E0 8.95522E0 8.95522E0 9.61857E0 9.61857E0 9.95025E0 1.06136E1 1.06136E1 1.09453E1 2.71973E1 2.71973E1 2.71973E1 2.58706E1 2.71973E1
1.2272E1 1.2272E1 1.2272E1 1.2272E1 6.30182E0 6.30182E0 5.63847E0 5.63847E0 5.63847E0 5.63847E0 6.30182E0 3.31675E0 4.64345E0 4.64345E0 4.64345E0 6.30182E0 6.6335E0 3.9801E0 4.64345E0 4.64345E0 4.97512E0 4.97512E0 3.9801E0 3.31675E0 7.29685E0 7.29685E0 7.62852E0 8.29187E0 8.29187E0 8.29187E0 8.95522E0 8.95522E0 8.29187E0 8.29187E0 8.29187E0 8.29187E0 7.62852E0 7.62852E0 7.62852E0 7.62852E0 8.29187E0 8.29187E0 8.95522E0 8.29187E0 8.29187E0 7.62852E0 7.62852E0 7.62852E0 7.62852E0 7.62852E0 7.29685E0 7.62852E0 7.62852E0 8.29187E0 8.29187E0 2.45439E1 2.45439E1 2.45439E1 9.61857E0 1.06136E1 1.09453E1 1.09453E1 1.09453E1 1.09453E1 2.91874E1 2.71973E1 2.71973E1 2.71973E1 2.71973E1 2.91874E1
1.2272E1 1.2272E1 1.4262E1 1.59204E1 1.62521E1 1.2272E1 6.30182E0 6.30182E0 6.30182E0 7.29685E0 7.29685E0 5.97015E0 5.63847E0 4.97512E0 3.9801E0 4.97512E0 5.63847E0 5.3068E0 5.3068E0 5.3068E0 5.3068E0 4.97512E0 4.64345E0 3.9801E0 3.31675E0 3.31675E0 4.64345E0 4.97512E0 5.3068E0 5.3068E0 9.2869E0 9.61857E0 8.95522E0 8.95522E0 8.95522E0 8.29187E0 8.29187E0 8.29187E0 8.29187E0 9.2869E0 8.29187E0 1.16086E1 1.49254E1 1.39303E1 1.09453E1 1.26036E1 1.49254E1 1.49254E1 1.39303E1 1.49254E1 1.5257E1 1.69154E1 1.75788E1 1.89055E1 2.22222E1 2.45439E1 2.45439E1 2.45439E1 2.45439E1 2.48756E1 2.48756E1 1.09453E1 2.58706E1 2.71973E1 2.71973E1 2.71973E1 2.71973E1 2.71973E1 2.91874E1 3.11774E1
1.59204E1 1.62521E1 1.62521E1 1.62521E1 1.62521E1 1.62521E1 1.2272E1 6.30182E0 6.30182E0 7.62852E0 5.97015E0 5.63847E0 4.31177E0 2.6534E0 2.6534E0 3.9801E0 3.9801E0 3.9801E0 3.9801E0 3.9801E0 3.9801E0 3.9801E0 3.9801E0 5.3068E0 4.97512E0 5.3068E0 5.63847E0 5.63847E0 1.26036E1 9.2869E0 9.2869E0 9.61857E0 9.61857E0 9.61857E0 9.61857E0 8.95522E0 8.95522E0 8.29187E0 7.9602E0 8.95522E0 8.95522E0 9.2869E0 9.2869E0 8.95522E0 8.95522E0 9.2869E0 1.09453E1 1.09453E1 1.49254E1 1.59204E1 1.72471E1 1.75788E1 1.75788E1 1.82421E1 2.02322E1 2.22222E1 2.35489E1 2.48756E1 2.48756E1 2.48756E1 2.48756E1 2.58706E1 2.58706E1 2.71973E1 2.71973E1 2.71973E1 2.91874E1 2.91874E1 3.11774E1 3.44942E1
1.62521E1 1.62521E1 1.62521E1 1.79104E1 1.79104E1 1.62521E1 6.30182E0 6.30182E0 6.30182E0 6.30182E0 6.30182E0 5.97015E0 3.9801E0 2.98507E0 1.99005E0 1.3267E0 1.3267E0 1.99005E0 1.99005E0 1.99005E0 1.99005E0 1.99005E0 1.99005E0 3.9801E0 3.9801E0 6.30182E0 7.29685E0 8.95522E0 9.2869E0 9.61857E0 9.61857E0 9.95025E0 9.95025E0 1.02819E1 8.95522E0 8.62355E0 8.29187E0 8.62355E0 8.62355E0 8.95522E0 9.2869E0 1.16086E1 1.16086E1 9.2869E0 1.02819E1 1.16086E1 1.39303E1 1.39303E1 1.39303E1 1.3267E1 1.39303E1 1.39303E1 1.39303E1 1.69154E1 1.85738E1 2.02322E1 2.22222E1 2.28856E1 2.52073E1 2.58706E1 2.58706E1 2.58706E1 2.71973E1 2.71973E1 2.91874E1 2.91874E1 2.91874E1 3.11774E1 3.11774E1 3.44942E1
1.62521E1 1.62521E1 1.62521E1 1.69154E1 1.55887E1 1.2272E1 6.30182E0 6.30182E0 3.9801E0 3.9801E0 3.9801E0 3.9801E0 1.99005E0 1.99005E0 1.3267E0 3.31675E-1 3.31675E-1 1.3267E0 1.3267E0 1.3267E0 1.99005E0 1.99005E0 3.9801E0 3.9801E0 6.30182E0 7.29685E0 7.62852E0 7.62852E0 9.95025E0 1.06136E1 1.06136E1 1.06136E1 1.09453E1 8.95522E0 8.62355E0 8.95522E0 9.95025E0 8.95522E0 8.95522E0 1.02819E1 1.09453E1 1.49254E1 1.16086E1 1.16086E1 1.2272E1 1.16086E1 1.2272E1 1.3267E1 1.75788E1 1.82421E1 1.85738E1 1.85738E1 1.69154E1 1.3267E1 1.55887E1 1.85738E1 1.99005E1 2.05638E1 2.22222E1 2.42123E1 2.6534E1 2.8524E1 2.91874E1 2.98507E1 3.01824E1 3.11774E1 3.11774E1 3.34992E1 3.44942E1 3.48259E1
1.62521E1 1.2272E1 1.2272E1 1.16086E1 8.95522E0 8.29187E0 8.95522E0 6.30182E0 3.9801E0 3.9801E0 3.9801E0 3.9801E0 1.99005E0 1.3267E0 1.3267E0 1.3267E0 1.3267E0 1.99005E0 1.99005E0 3.9801E0 3.9801E0 3.9801E0 3.9801E0 6.30182E0 8.95522E0 7.9602E0 8.29187E0 8.95522E0 1.02819E1 1.16086E1 1.39303E1 1.26036E1 1.02819E1 9.95025E0 9.95025E0 1.09453E1 1.69154E1 1.09453E1 1.09453E1 1.26036E1 1.39303E1 1.49254E1 1.49254E1 1.2272E1 8.95522E0 1.75788E1 1.82421E1 1.85738E1 1.89055E1 1.89055E1 2.02322E1 2.02322E1 1.89055E1 1.69154E1 1.3267E1 1.39303E1 1.69154E1 1.85738E1 1.85738E1 2.15589E1 2.15589E1 2.32172E1 2.6534E1 2.81924E1 2.91874E1 3.01824E1 3.18408E1 3.48259E1 3.61526E1 3.78109E1
1.2272E1 6.30182E0 1.2272E1 1.16086E1 9.61857E0 9.61857E0 1.16086E1 1.2272E1 9.61857E0 6.30182E0 6.30182E0 1.2272E1 3.9801E0 1.99005E0 1.99005E0 3.9801E0 3.9801E0 6.30182E0 1.16086E1 1.2272E1 1.16086E1 1.09453E1 1.2272E1 1.09453E1 9.2869E0 8.29187E0 8.29187E0 8.95522E0 9.2869E0 1.39303E1 1.39303E1 1.16086E1 1.09453E1 1.39303E1 1.16086E1 1.39303E1 1.5257E1 1.39303E1 1.39303E1 1.49254E1 1.5257E1 1.09453E1 1.09453E1 9.61857E0 1.16086E1 1.75788E1 1.82421E1 1.99005E1 -9999 -9999 -9999 -9999 -9999 1.75788E1 1.55887E1 1.55887E1 1.39303E1 1.55887E1 1.75788E1 1.99005E1 2.02322E1 2.02322E1 2.22222E1 2.42123E1 2.62023E1 2.7529E1 2.78607E1 2.78607E1 2.7529E1 2.95191E1
1.62521E1 1.2272E1 1.2272E1 1.62521E1 1.55887E1 1.55887E1 1.39303E1 1.39303E1 1.2272E1 1.3267E1 1.62521E1 1.39303E1 8.95522E0 6.30182E0 5.97015E0 5.97015E0 5.97015E0 6.6335E0 8.29187E0 9.61857E0 1.09453E1 1.02819E1 9.2869E0 9.2869E0 8.95522E0 7.9602E0 7.9602E0 8.95522E0 1.26036E1 1.39303E1 1.39303E1 1.09453E1 1.09453E1 1.16086E1 1.26036E1 -9999 1.09453E1 -9999 -9999 -9999 -9999 -9999 -9999 -9999 -9999 -9999 -9999 -9999 -9999 -9999 -9999 -9999 -9999 -9999 -9999 1.89055E1 2.05638E1 1.99005E1 1.75788E1 1.85738E1 2.02322E1 2.15589E1 2.15589E1 2.32172E1 2.52073E1 2.5539E1 2.52073E1 2.32172E1 2.25539E1 2.42123E1
2.25539E1 1.79104E1 1.79104E1 1.92371E1 1.92371E1 1.79104E1 1.85738E1 1.75788E1 1.55887E1 1.39303E1 1.65837E1 1.55887E1 1.2272E1 8.95522E0 7.29685E0 6.30182E0 5.97015E0 5.97015E0 6.30182E0 7.29685E0 9.95025E0 9.2869E0 8.95522E0 8.95522E0 8.62355E0 8.29187E0 8.62355E0 8.95522E0 1.39303E1 1.39303E1 1.16086E1 9.2869E0 9.2869E0 9.95025E0 1.09453E1 -9999 6.30182E0 6.30182E0 -9999 -9999 -9999 -9999 -9999 -9999 -9999 -9999 -9999 -9999 -9999 -9999 -9999 -9999 -9999 -9999 -9999 -9999 2.22222E1 2.05638E1 2.05638E1 2.15589E1 2.02322E1 2.22222E1 2.22222E1 2.32172E1 -9999 -9999 -9999 2.22222E1 2.15589E1 2.18905E1
1.99005E1 2.45439E1 1.65837E1 1.65837E1 1.95688E1 1.95688E1 1.99005E1 1.99005E1 1.65837E1 1.26036E1 1.65837E1 1.75788E1 1.55887E1 1.3267E1 1.16086E1 8.95522E0 7.29685E0 6.30182E0 5.97015E0 6.6335E0 1.09453E1 9.95025E0 8.95522E0 8.62355E0 8.95522E0 8.95522E0 8.95522E0 8.95522E0 1.09453E1 1.39303E1 1.09453E1 8.95522E0 8.95522E0 9.2869E0 9.2869E0 -9999 5.3068E0 -9999 -9999 -9999 -9999 -9999 -9999 -9999 -9999 -9999 -9999 -9999 -9999 -9999 -9999 -9999 -9999 -9999 -9999 -9999 -9999 2.35489E1 2.32172E1 2.5539E1 2.58706E1 2.22222E1 2.42123E1 -9999 -9999 -9999 -9999 -9999 2.02322E1 2.15589E1
1.5257E1 1.26036E1 1.35987E1 1.5257E1 1.65837E1 1.65837E1 -9999 -9999 -9999 -9999 -9999 -9999 1.69154E1 1.55887E1 1.39303E1 1.2272E1 1.16086E1 8.95522E0 8.29187E0 7.29685E0 9.61857E0 9.61857E0 9.2869E0 8.95522E0 9.95025E0 1.09453E1 1.09453E1 9.2869E0 1.02819E1 1.09453E1 9.2869E0 8.95522E0 8.95522E0 8.95522E0 -9999 4.97512E0 4.97512E0 -9999 -9999 -9999 -9999 -9999 -9999 -9999 -9999 -9999 -9999 -9999 -9999 -9999 -9999 -9999 -9999 -9999 -9999 -9999 -9999 -9999 2.58706E1 2.7529E1 2.7529E1 -9999 -9999 -9999 -9999 -9999 -9999 -9999 -9999 3.18408E1
5.3068E0 2.98507E0 4.97512E0 -9999 -9999 -9999 -9999 -9999 -9999 -9999 -9999 -9999 -9999 -9999 -9999 -9999 -9999 -9999 8.95522E0 8.29187E0 -9999 9.61857E0 1.09453E1 1.09453E1 1.26036E1 1.39303E1 1.39303E1 1.09453E1 1.09453E1 1.09453E1 9.2869E0 6.96517E0 5.3068E0 4.64345E0 3.64842E0 -9999 -9999 -9999 -9999 -9999 -9999 -9999 -9999 -9999 -9999 -9999 -9999 -9999 -9999 -9999 -9999 -9999 -9999 -9999 -9999 -9999 -9999 -9999 -9999 -9999 -9999 -9999 -9999 -9999 -9999 -9999 -9999 -9999 -9999 4.37811E1
2.98507E0 9.95025E-1 -9999 -9999 -9999 -9999 -9999 -9999 -9999 -9999 -9999 -9999 -9999 -9999 -9999 -9999 -9999 -9999 -9999 -9999 -9999 9.61857E0 1.16086E1 1.3267E1 1.39303E1 1.49254E1 1.49254E1 1.39303E1 1.26036E1 1.09453E1 6.96517E0 5.97015E0 4.97512E0 2.98507E0 2.98507E0 1.3267E0 1.3267E0 -9999 -9999 -9999 -9999 -9999 -9999 -9999 -9999 -9999 -9999 -9999 -9999 -9999 -9999 -9999 -9999 -9999 -9999 -9999 -9999 -9999 -9999 -9999 -9999 -9999 -9999 -9999 -9999 -9999 -9999 -9999 -9999 -9999
-9999 -9999 -9999 -9999 -9999 -9999 -9999 -9999 -9999 -9999 -9999 -9999 -9999 -9999 -9999 -9999 -9999 -9999 -9999 -9999 -9999 -9999 -9999 -9999 1.39303E1 1.55887E1 1.55887E1 1.09453E1 9.61857E0 9.61857E0 -9999 -9999 -9999 2.32172E0 1.3267E0 1.3267E0 -9999 -9999 -9999 -9999 -9999 -9999 -9999 -9999 -9999 -9999 -9999 -9999 -9999 -9999 -9999 -9999 -9999 -9999 -9999 -9999 -9999 -9999 -9999 -9999 -9999 -9999 -9999 -9999 -9999 -9999 -9999 -9999 -9999 -9999
