_episodes_rmd/output/experiment_small/species_big_extent_novel.asc
ncols         660
nrows         720
xllcorner     -130.0
yllcorner     -60.0
cellsize      0.166666666666667
NODATA_value  -9999
[rows 62 to 92 of 720, columns 210 to 279 of 660]
-3.71069E1 -3.67925E1 -3.6478E1 -3.58491E1 -3.58491E1 -3.58491E1 -3.55346E1 -3.55346E1 -3.55346E1 -3.58491E1 -3.58491E1 -3.61635E1 -3.6478E1 -3.71069E1 -3.71069E1 -3.77358E1 -3.83648E1 -3.89937E1 -3.93082E1 -3.96226E1 -3.98827E1 -4.0176E1 -4.0176E1 -4.07625E1 -4.10557E1 -4.16422E1 -4.22287E1 -4.2522E1 -4.31085E1 -4.34018E1 -4.3695E1 -4.3695E1 -4.3695E1 -4.3695E1 -4.28153E1 -4.19355E1 -4.1349E1 -4.07625E1 -4.04692E1 -4.04692E1 -4.04692E1 -4.16422E1 -4.28153E1 -4.2522E1 -4.19355E1 -4.1349E1 -4.16422E1 -4.16422E1 -4.22287E1 -4.31085E1 -4.39883E1 -4.42815E1 -4.39883E1 -4.34018E1 -4.28153E1 -4.22287E1 -4.16422E1 -4.1349E1 -4.1349E1 -4.07625E1 -4.04692E1 -4.0176E1 -4.04692E1 -4.0176E1 -4.07625E1 -4.04692E1 -4.07625E1 -4.10557E1 -4.1349E1 -4.1349E1
-3.67925E1 -3.61635E1 -3.61635E1 -3.58491E1 -3.52201E1 -3.52201E1 -3.49057E1 -3.49057E1 -3.49057E1 -3.55346E1 -3.58491E1 -3.58491E1 -3.61635E1 -3.6478E1 -3.74214E1 -3.74214E1 -3.77358E1 -3.86792E1 -3.90029E1 -3.96226E1 -3.98827E1 -3.98827E1 -3.98827E1 -3.98827E1 -4.04692E1 -4.07625E1 -4.1349E1 -4.19355E1 -4.22287E1 -4.2522E1 -4.28153E1 -4.31085E1 -4.34018E1 -4.31085E1 -4.22287E1 -4.07625E1 -4.0176E1 -3.95894E1 -3.90029E1 -3.81232E1 -3.84164E1 -3.98827E1 -4.10557E1 -4.10557E1 -4.0176E1 -3.95894E1 -3.95894E1 -3.98827E1 -4.0176E1 -4.1349E1 -4.1349E1 -4.16422E1 -4.1349E1 -4.1349E1 -4.10557E1 -4.10557E1 -4.10557E1 -4.07625E1 -4.04692E1 -3.98827E1 -3.95894E1 -3.95894E1 -3.98827E1 -3.98827E1 -3.98827E1 -4.0176E1 -4.04692E1 -4.07625E1 -4.07625E1 -4.07625E1
-3.6478E1 -3.58491E1 -3.58491E1 -3.55346E1 -3.52201E1 -3.49057E1 -3.45912E1 -3.45912E1 -3.45912E1 -3.45912E1 -3.49057E1 -3.55346E1 -3.55346E1 -3.6478E1 -3.67925E1 -3.71069E1 -3.74214E1 -3.81232E1 -3.87097E1 -3.95894E1 -3.98827E1 -3.98827E1 -3.95894E1 -3.95894E1 -3.95894E1 -4.0176E1 -4.07625E1 -4.10557E1 -4.1349E1 -4.1349E1 -4.16422E1 -4.19355E1 -4.22287E1 -4.22287E1 -4.1349E1 -4.04692E1 -3.87097E1 -3.78299E1 -3.75367E1 -3.63636E1 -3.63636E1 -3.75367E1 -3.87097E1 -3.84164E1 -3.81232E1 -3.75367E1 -3.72434E1 -3.72434E1 -3.78299E1 -3.81232E1 -3.84164E1 -3.87097E1 -3.87097E1 -3.87097E1 -3.95894E1 -3.98827E1 -4.0176E1 -4.0176E1 -4.0176E1 -3.98827E1 -3.95894E1 -3.90029E1 -3.90029E1 -3.92962E1 -3.95894E1 -3.98827E1 -4.0176E1 -4.0176E1 -3.98827E1 -3.98827E1
-3.58491E1 -3.55346E1 -3.52201E1 -3.52201E1 -3.49057E1 -3.45912E1 -3.45912E1 -3.45912E1 -3.42767E1 -3.42767E1 -3.45912E1 -3.49057E1 -3.52201E1 -3.55346E1 -3.61635E1 -3.61635E1 -3.69501E1 -3.81232E1 -3.87097E1 -3.92962E1 -3.92962E1 -3.92962E1 -3.90029E1 -3.90029E1 -3.87097E1 -3.90029E1 -3.92962E1 -3.98827E1 -4.0176E1 -4.0176E1 -4.0176E1 -4.04692E1 -4.04692E1 -4.0176E1 -4.0176E1 -3.90029E1 -3.78299E1 -3.66569E1 -3.54839E1 -3.46041E1 -3.31378E1 -3.34311E1 -3.57771E1 -3.55346E1 -3.55346E1 -3.55346E1 -3.52201E1 -3.46041E1 -3.46041E1 -3.46041E1 -3.46041E1 -3.48974E1 -3.54839E1 -3.60704E1 -3.75367E1 -3.81232E1 -3.87097E1 -3.92962E1 -3.95894E1 -3.90029E1 -3.87097E1 -3.84164E1 -3.81232E1 -3.87097E1 -3.87097E1 -3.90029E1 -3.92962E1 -3.95894E1 -3.95894E1 -3.90029E1
-3.57771E1 -3.52201E1 -3.49057E1 -3.49057E1 -3.49057E1 -3.45912E1 -3.45912E1 -3.39623E1 -3.36478E1 -3.33333E1 -3.36478E1 -3.39623E1 -3.42767E1 -3.49057E1 -3.54839E1 -3.60704E1 -3.66569E1 -3.75367E1 -3.84164E1 -3.87097E1 -3.90029E1 -3.84164E1 -3.81232E1 -3.78299E1 -3.78299E1 -3.78299E1 -3.78299E1 -3.81232E1 -3.84164E1 -3.84164E1 -3.84164E1 -3.84164E1 -3.84164E1 -3.84164E1 -3.81232E1 -3.78299E1 -3.69501E1 -3.54839E1 -3.40176E1 -3.28446E1 -3.1085E1 -3.05031E1 -3.11321E1 -3.11321E1 -3.20755E1 -3.23899E1 -3.30189E1 -3.20755E1 -3.20755E1 -3.14465E1 -3.14465E1 -3.16716E1 -3.22581E1 -3.40176E1 -3.48974E1 -3.63636E1 -3.72434E1 -3.81232E1 -3.87097E1 -3.84164E1 -3.81232E1 -3.81232E1 -3.78299E1 -3.78299E1 -3.81232E1 -3.84164E1 -3.87097E1 -3.87097E1 -3.87097E1 -3.81232E1
-3.57771E1 -3.54839E1 -3.48974E1 -3.46041E1 -3.42767E1 -3.42767E1 -3.39623E1 -3.36478E1 -3.30247E1 -3.2716E1 -3.2716E1 -3.30247E1 -3.36478E1 -3.43109E1 -3.48974E1 -3.54839E1 -3.60704E1 -3.69501E1 -3.75367E1 -3.81232E1 -3.81232E1 -3.75367E1 -3.69501E1 -3.63636E1 -3.63636E1 -3.60704E1 -3.60704E1 -3.60704E1 -3.63636E1 -3.66569E1 -3.63636E1 -3.66569E1 -3.60704E1 -3.63636E1 -3.63636E1 -3.57771E1 -3.54839E1 -3.46041E1 -3.19648E1 -3.04985E1 -3.02053E1 -2.98742E1 -2.92453E1 -2.86164E1 -2.79874E1 -2.79874E1 -2.79874E1 -2.79874E1 -2.79874E1 -2.7673E1 -2.83019E1 -2.86164E1 -2.96188E1 -3.13783E1 -3.28446E1 -3.43109E1 -3.57771E1 -3.72434E1 -3.84164E1 -3.84164E1 -3.81232E1 -3.72434E1 -3.72434E1 -3.72434E1 -3.75367E1 -3.78299E1 -3.81232E1 -3.75367E1 -3.75367E1 -3.75367E1
-3.54839E1 -3.51906E1 -3.48974E1 -3.46041E1 -3.43109E1 -3.40176E1 -3.37243E1 -3.30247E1 -3.2716E1 -3.20988E1 -3.20988E1 -3.24074E1 -3.31378E1 -3.37243E1 -3.46041E1 -3.51906E1 -3.57771E1 -3.60704E1 -3.63636E1 -3.66569E1 -3.66569E1 -3.57771E1 -3.51906E1 -3.48974E1 -3.43109E1 -3.40176E1 -3.37243E1 -3.37243E1 -3.37243E1 -3.40176E1 -3.37243E1 -3.40176E1 -3.37243E1 -3.40176E1 -3.37243E1 -3.31378E1 -3.16716E1 -3.05031E1 -2.93255E1 -2.86164E1 -2.83019E1 -2.73585E1 -2.7044E1 -2.67296E1 -2.64151E1 -2.61006E1 -2.61006E1 -2.61006E1 -2.57862E1 -2.57862E1 -2.54717E1 -2.57862E1 -2.7044E1 -2.90323E1 -3.07918E1 -3.25513E1 -3.46041E1 -3.60704E1 -3.72434E1 -3.72434E1 -3.69501E1 -3.63636E1 -3.63636E1 -3.66569E1 -3.63636E1 -3.69501E1 -3.72434E1 -3.69501E1 -3.66569E1 -3.66569E1
-3.46041E1 -3.43109E1 -3.43109E1 -3.43109E1 -3.43109E1 -3.43109E1 -3.43109E1 -3.40176E1 -3.31378E1 -3.25513E1 -3.22581E1 -3.25513E1 -3.28446E1 -3.34311E1 -3.40176E1 -3.43109E1 -3.46041E1 -3.48974E1 -3.48974E1 -3.46041E1 -3.43109E1 -3.40176E1 -3.31378E1 -3.28446E1 -3.22581E1 -3.19648E1 -3.13783E1 -3.1085E1 -3.1085E1 -3.13783E1 -3.19648E1 -3.16716E1 -3.07918E1 -2.9912E1 -2.90323E1 -2.81525E1 -2.79874E1 -2.79874E1 -2.73585E1 -2.67296E1 -2.64151E1 -2.61006E1 -2.54717E1 -2.51572E1 -2.48428E1 -2.48428E1 -2.45283E1 -2.45283E1 -2.42138E1 -2.42138E1 -2.45283E1 -2.45283E1 -2.51572E1 -2.79874E1 -2.98742E1 -3.16716E1 -3.31378E1 -3.48974E1 -3.48974E1 -3.48974E1 -3.51906E1 -3.51906E1 -3.46041E1 -3.51906E1 -3.51906E1 -3.51906E1 -3.57771E1 -3.54839E1 -3.57771E1 -3.60704E1
-3.40176E1 -3.37243E1 -3.34311E1 -3.37243E1 -3.40176E1 -3.46041E1 -3.51906E1 -3.51906E1 -3.43109E1 -3.34311E1 -3.28446E1 -3.28446E1 -3.31378E1 -3.34311E1 -3.37243E1 -3.40176E1 -3.40176E1 -3.37243E1 -3.34311E1 -3.28446E1 -3.25513E1 -3.19648E1 -3.13783E1 -3.07918E1 -3.02469E1 -2.93255E1 -2.84457E1 -2.84457E1 -2.84457E1 -2.90323E1 -2.90323E1 -2.8739E1 -2.8739E1 -2.77778E1 -2.7044E1 -2.64151E1 -2.61006E1 -2.57862E1 -2.54717E1 -2.51572E1 -2.48428E1 -2.45283E1 -2.42138E1 -2.38994E1 -2.35849E1 -2.32704E1 -2.32704E1 -2.2956E1 -2.2956E1 -2.2956E1 -2.32704E1 -2.32704E1 -2.35849E1 -2.67296E1 -2.92453E1 -2.98742E1 -3.08176E1 -3.1761E1 -3.22581E1 -3.25513E1 -3.28446E1 -3.22581E1 -3.28446E1 -3.34311E1 -3.34311E1 -3.37243E1 -3.43109E1 -3.48974E1 -3.48974E1 -3.57771E1
-3.31378E1 -3.31378E1 -3.28446E1 -3.31378E1 -3.37243E1 -3.46041E1 -3.54839E1 -3.54839E1 -3.48974E1 -3.37243E1 -3.31378E1 -3.25513E1 -3.25513E1 -3.28446E1 -3.31378E1 -3.37243E1 -3.37243E1 -3.28446E1 -3.19648E1 -3.07918E1 -2.99383E1 -2.96296E1 -2.9321E1 -2.90123E1 -2.87037E1 -2.71605E1 -2.6393E1 -2.55132E1 -2.58065E1 -2.60997E1 -2.60997E1 -2.6393E1 -2.58065E1 -2.48428E1 -2.45283E1 -2.45283E1 -2.42138E1 -2.42138E1 -2.38994E1 -2.35849E1 -2.32704E1 -2.2956E1 -2.26415E1 -2.2327E1 -2.2327E1 -2.20126E1 -2.20126E1 -2.20126E1 -2.16981E1 -2.16981E1 -2.16981E1 -2.20126E1 -2.2327E1 -2.2956E1 -2.51572E1 -2.67296E1 -2.83019E1 -2.95597E1 -2.92453E1 -2.98742E1 -2.98742E1 -2.93255E1 -3.02053E1 -3.1085E1 -3.19648E1 -3.25513E1 -3.34311E1 -3.40176E1 -3.43109E1 -3.48974E1
-3.25513E1 -3.28446E1 -3.25513E1 -3.28446E1 -3.37243E1 -3.46041E1 -3.51906E1 -3.54839E1 -3.51906E1 -3.40176E1 -3.28446E1 -3.16716E1 -3.13783E1 -3.16716E1 -3.22581E1 -3.31378E1 -3.31378E1 -3.16716E1 -2.99383E1 -2.9321E1 -2.87037E1 -2.80864E1 -2.77778E1 -2.71605E1 -2.65432E1 -2.5E1 -2.37537E1 -2.28739E1 -2.28739E1 -2.34604E1 -2.34604E1 -2.28739E1 -2.2327E1 -2.26415E1 -2.2956E1 -2.35849E1 -2.2956E1 -2.2327E1 -2.20126E1 -2.20126E1 -2.16981E1 -2.13836E1 -2.13836E1 -2.13836E1 -2.10692E1 -2.07547E1 -2.07547E1 -2.07547E1 -2.07547E1 -2.04403E1 -2.04403E1 -2.07547E1 -2.10692E1 -2.13836E1 -2.16981E1 -2.26415E1 -2.38994E1 -2.48428E1 -2.42138E1 -2.45283E1 -2.51572E1 -2.67296E1 -2.79874E1 -2.95597E1 -3.08176E1 -3.14465E1 -3.20755E1 -3.28446E1 -3.37243E1 -3.37243E1
-3.28446E1 -3.28446E1 -3.28446E1 -3.28446E1 -3.31378E1 -3.37243E1 -3.48974E1 -3.57771E1 -3.51906E1 -3.40176E1 -3.25513E1 -3.1085E1 -3.04985E1 -3.04985E1 -3.1085E1 -3.22581E1 -3.25513E1 -2.99383E1 -2.80864E1 -2.74691E1 -2.71605E1 -2.68519E1 -2.59259E1 -2.53086E1 -2.40741E1 -2.22222E1 -2.02346E1 -1.90616E1 -1.90616E1 -1.93548E1 -1.97531E1 -2.01258E1 -2.07547E1 -2.10692E1 -2.10692E1 -2.10692E1 -2.07547E1 -2.07547E1 -2.04403E1 -2.01258E1 -2.01258E1 -2.01258E1 -2.01258E1 -2.01258E1 -2.01258E1 -1.98113E1 -1.98113E1 -1.94969E1 -1.94969E1 -1.94969E1 -1.94969E1 -1.94969E1 -1.98113E1 -1.98113E1 -2.04403E1 -2.10692E1 -2.10692E1 -2.13836E1 -2.20126E1 -2.2327E1 -2.45283E1 -2.64151E1 -2.7044E1 -2.89308E1 -2.98742E1 -3.01887E1 -3.08176E1 -3.14465E1 -3.19648E1 -3.22581E1
-3.25513E1 -3.31378E1 -3.28446E1 -3.22581E1 -3.19648E1 -3.25513E1 -3.37243E1 -3.51906E1 -3.48974E1 -3.31378E1 -3.16716E1 -3.04985E1 -2.96188E1 -2.93255E1 -2.90323E1 -2.9912E1 -2.96188E1 -2.83951E1 -2.68519E1 -2.62346E1 -2.62346E1 -2.62346E1 -2.53086E1 -2.37654E1 -2.12963E1 -1.88272E1 -1.75926E1 -1.70088E1 -1.73021E1 -1.79012E1 -1.8239E1 -1.88679E1 -1.94969E1 -1.98113E1 -1.98113E1 -1.98113E1 -1.94969E1 -1.91824E1 -1.88679E1 -1.88679E1 -1.88679E1 -1.88679E1 -1.88679E1 -1.88679E1 -1.88679E1 -1.88679E1 -1.85535E1 -1.85535E1 -1.85535E1 -1.8239E1 -1.8239E1 -1.8239E1 -1.8239E1 -1.85535E1 -1.85535E1 -1.88679E1 -1.91824E1 -1.98113E1 -2.01258E1 -2.04403E1 -2.32704E1 -2.48428E1 -2.57862E1 -2.7673E1 -2.89308E1 -2.92453E1 -2.95597E1 -2.98742E1 -3.05031E1 -3.08176E1
-3.22581E1 -3.28446E1 -3.28446E1 -3.13783E1 -3.04985E1 -3.07918E1 -3.22581E1 -3.28446E1 -3.25513E1 -3.16716E1 -3.07918E1 -2.9912E1 -2.8739E1 -2.78592E1 -2.72727E1 -2.78592E1 -2.74691E1 -2.68519E1 -2.56173E1 -2.53086E1 -2.53086E1 -2.43827E1 -2.28395E1 -2.00617E1 -1.85185E1 -1.79012E1 -1.69753E1 -1.66667E1 -1.69753E1 -1.69811E1 -1.76101E1 -1.8239E1 -1.85535E1 -1.85535E1 -1.85535E1 -1.85535E1 -1.8239E1 -1.76101E1 -1.76101E1 -1.76101E1 -1.88679E1 -1.88679E1 -1.85535E1 -1.8239E1 -1.79245E1 -1.79245E1 -1.76101E1 -1.76101E1 -1.72956E1 -1.72956E1 -1.69811E1 -1.69811E1 -1.69811E1 -1.69811E1 -1.69811E1 -1.72956E1 -1.76101E1 -1.79245E1 -1.85535E1 -1.88679E1 -1.94969E1 -2.10692E1 -2.48428E1 -2.67296E1 -2.73585E1 -2.7673E1 -2.83019E1 -2.89308E1 -2.98742E1 -3.01887E1
-3.13783E1 -3.1085E1 -3.04985E1 -2.93255E1 -2.84457E1 -2.96188E1 -3.1085E1 -3.1085E1 -3.04985E1 -2.9912E1 -2.93255E1 -2.8739E1 -2.78592E1 -2.72727E1 -2.7566E1 -2.78592E1 -2.65432E1 -2.56173E1 -2.43827E1 -2.37654E1 -2.28395E1 -2.12963E1 -1.94444E1 -1.88272E1 -1.82099E1 -1.75926E1 -1.69753E1 -1.66667E1 -1.66667E1 -1.66667E1 -1.72956E1 -1.76101E1 -1.79245E1 -1.79245E1 -1.79245E1 -1.76101E1 -1.69811E1 -1.66667E1 -1.66667E1 -1.76101E1 -1.69811E1 -1.69811E1 -1.69811E1 -1.69811E1 -1.72956E1 -1.69811E1 -1.69811E1 -1.66667E1 -1.63522E1 -1.60377E1 -1.57233E1 -1.57233E1 -1.57233E1 -1.54088E1 -1.54088E1 -1.57233E1 -1.60377E1 -1.63522E1 -1.66667E1 -1.72956E1 -1.79245E1 -1.88679E1 -2.20126E1 -2.51572E1 -2.61006E1 -2.64151E1 -2.73585E1 -2.83019E1 -2.89308E1 -2.89308E1
-3.02053E1 -2.93255E1 -2.78592E1 -2.7566E1 -2.78592E1 -2.90323E1 -3.07918E1 -3.07918E1 -2.96188E1 -2.8739E1 -2.81525E1 -2.7566E1 -2.69795E1 -2.69795E1 -2.69795E1 -2.68519E1 -2.56173E1 -2.40741E1 -2.28395E1 -2.12963E1 -1.94444E1 -1.88272E1 -1.91358E1 -1.85185E1 -1.82099E1 -1.75926E1 -1.69753E1 -1.69753E1 -1.69753E1 -1.66667E1 -1.69811E1 -1.76101E1 -1.76101E1 -1.76101E1 -1.72956E1 -1.69811E1 -1.66667E1 -1.76101E1 -1.66667E1 -1.57233E1 -1.60377E1 -1.60377E1 -1.63522E1 -1.66667E1 -1.66667E1 -1.63522E1 -1.63522E1 -1.57233E1 -1.54088E1 -1.50943E1 -1.47799E1 -1.44654E1 -1.44654E1 -1.41509E1 -1.41509E1 -1.44654E1 -1.44654E1 -1.47799E1 -1.50943E1 -1.57233E1 -1.63522E1 -1.8239E1 -2.2327E1 -2.2956E1 -2.42138E1 -2.54717E1 -2.64151E1 -2.73585E1 -2.7673E1 -2.73585E1
-2.93255E1 -2.81525E1 -2.72727E1 -2.69795E1 -2.7566E1 -2.84457E1 -2.96188E1 -2.96188E1 -2.8739E1 -2.78592E1 -2.72727E1 -2.69795E1 -2.6393E1 -2.62346E1 -2.59259E1 -2.53086E1 -2.43827E1 -2.28395E1 -2.03704E1 -1.88272E1 -1.88272E1 -1.91358E1 -1.94444E1 -1.91358E1 -1.91358E1 -1.79012E1 -1.7284E1 -1.69753E1 -1.66667E1 -1.69811E1 -1.72956E1 -1.72956E1 -1.76101E1 -1.76101E1 -1.72956E1 -1.76101E1 -1.8239E1 -1.79245E1 -1.60377E1 -1.54088E1 -1.57233E1 -1.63522E1 -1.66667E1 -1.63522E1 -1.60377E1 -1.60377E1 -1.57233E1 -1.50943E1 -1.47799E1 -1.41509E1 -1.38365E1 -1.32075E1 -1.32075E1 -1.28931E1 -1.28931E1 -1.32075E1 -1.32075E1 -1.3522E1 -1.38365E1 -1.41509E1 -1.47799E1 -1.60377E1 -1.79245E1 -1.98113E1 -2.32704E1 -2.51572E1 -2.48428E1 -2.61006E1 -2.64151E1 -2.54717E1
-2.84457E1 -2.7566E1 -2.69795E1 -2.66862E1 -2.69795E1 -2.7566E1 -2.81525E1 -2.84457E1 -2.81525E1 -2.72727E1 -2.66862E1 -2.6393E1 -2.60997E1 -2.58065E1 -2.53086E1 -2.43827E1 -2.28395E1 -2.00617E1 -1.94444E1 -1.97531E1 -2.03704E1 -2.0679E1 -2.16049E1 -2.16049E1 -2.00617E1 -1.82099E1 -1.75926E1 -1.7284E1 -1.69811E1 -1.69811E1 -1.8239E1 -2.04403E1 -1.91824E1 -1.91824E1 -1.85535E1 -1.8239E1 -1.85535E1 -1.69811E1 -1.66667E1 -1.69811E1 -1.91824E1 -2.03704E1 -2.00617E1 -1.8239E1 -1.63522E1 -1.57233E1 -1.50943E1 -1.44654E1 -1.38365E1 -1.32075E1 -1.28931E1 -1.25786E1 -1.22642E1 -1.19497E1 -1.16352E1 -1.19497E1 -1.22642E1 -1.25786E1 -1.28931E1 -1.28931E1 -1.32075E1 -1.47799E1 -1.66667E1 -1.85535E1 -2.13836E1 -2.2956E1 -2.35849E1 -2.38994E1 -2.42138E1 -2.38994E1
-2.7566E1 -2.69795E1 -2.69795E1 -2.66862E1 -2.66862E1 -2.69795E1 -2.7566E1 -2.7566E1 -2.7566E1 -2.7566E1 -2.69795E1 -2.6393E1 -2.60997E1 -2.52199E1 -2.43827E1 -2.31672E1 -2.19136E1 -2.16049E1 -2.22222E1 -2.28395E1 -2.28395E1 -2.28395E1 -2.28395E1 -2.16049E1 -2.00617E1 -1.91358E1 -1.85185E1 -1.79012E1 -1.8239E1 -1.94969E1 -2.07547E1 -2.13836E1 -2.13836E1 -2.04403E1 -1.94969E1 -1.85535E1 -1.88679E1 -1.85535E1 -1.91358E1 -2.03704E1 -2.12963E1 -2.12963E1 -2.09877E1 -2.00617E1 -1.88272E1 -1.60377E1 -1.47799E1 -1.38365E1 -1.32075E1 -1.25786E1 -1.19497E1 -1.22642E1 -1.25786E1 -1.28931E1 -1.25786E1 -1.22642E1 -1.22642E1 -1.22642E1 -1.25786E1 -1.22642E1 -1.25786E1 -1.38365E1 -1.60377E1 -1.8239E1 -1.94969E1 -2.04403E1 -2.10692E1 -2.16981E1 -2.2327E1 -2.20126E1
-2.65432E1 -2.60997E1 -2.60997E1 -2.60997E1 -2.6393E1 -2.69795E1 -2.72727E1 -2.7566E1 -2.81525E1 -2.81525E1 -2.72727E1 -2.66862E1 -2.58065E1 -2.52199E1 -2.46334E1 -2.40741E1 -2.40469E1 -2.40741E1 -2.49267E1 -2.52199E1 -2.43827E1 -2.40741E1 -2.34568E1 -2.22222E1 -2.19136E1 -2.09877E1 -2.09877E1 -2.09877E1 -2.12963E1 -2.13836E1 -2.2327E1 -2.2327E1 -2.20126E1 -2.13836E1 -2.04403E1 -2.01258E1 -1.98113E1 -2.00617E1 -2.03704E1 -2.09877E1 -2.16049E1 -2.12963E1 -2.0679E1 -2.00617E1 -1.88272E1 -1.72956E1 -1.50943E1 -1.47799E1 -1.32075E1 -1.25786E1 -1.25786E1 -1.28931E1 -1.25786E1 -1.25786E1 -1.25786E1 -1.22642E1 -1.19497E1 -1.16352E1 -1.16352E1 -1.22642E1 -1.32075E1 -1.41509E1 -1.47799E1 -1.60377E1 -1.69811E1 -1.76101E1 -1.8239E1 -1.8239E1 -1.88679E1 -1.88679E1
-2.56173E1 -2.5E1 -2.5E1 -2.52199E1 -2.55132E1 -2.60997E1 -2.66862E1 -2.72727E1 -2.81525E1 -2.81525E1 -2.72727E1 -2.66862E1 -2.58065E1 -2.52199E1 -2.46334E1 -2.43402E1 -2.43402E1 -2.46334E1 -2.58065E1 -2.66862E1 -2.52199E1 -2.46334E1 -2.43827E1 -2.43827E1 -2.40741E1 -2.37654E1 -2.31481E1 -2.25309E1 -2.25309E1 -2.28395E1 -2.2956E1 -2.2956E1 -2.26415E1 -2.26415E1 -2.20126E1 -2.13836E1 -2.09877E1 -2.03704E1 -2.03704E1 -2.09877E1 -2.12963E1 -2.09877E1 -2.03704E1 -1.91358E1 -1.82099E1 -1.7284E1 -1.60377E1 -1.47799E1 -1.32075E1 -1.25786E1 -1.22642E1 -1.19497E1 -1.19497E1 -1.19497E1 -1.16352E1 -1.13208E1 -1.10063E1 -1.10063E1 -1.10063E1 -1.16352E1 -1.25786E1 -1.28931E1 -1.38365E1 -1.47799E1 -1.54088E1 -1.57233E1 -1.63522E1 -1.57233E1 -1.57233E1 -1.57233E1
-2.43827E1 -2.40741E1 -2.37654E1 -2.37654E1 -2.40741E1 -2.49267E1 -2.58065E1 -2.6393E1 -2.69795E1 -2.69795E1 -2.6393E1 -2.58065E1 -2.55132E1 -2.46334E1 -2.40741E1 -2.34604E1 -2.31672E1 -2.34604E1 -2.43402E1 -2.52199E1 -2.46334E1 -2.43402E1 -2.46334E1 -2.46914E1 -2.43827E1 -2.34568E1 -2.28395E1 -2.22222E1 -2.22222E1 -2.28395E1 -2.31481E1 -2.31481E1 -2.28395E1 -2.28395E1 -2.22222E1 -2.19136E1 -2.12963E1 -2.0679E1 -2.09877E1 -2.09877E1 -2.09877E1 -2.0679E1 -1.94444E1 -1.85185E1 -1.75926E1 -1.6358E1 -1.50943E1 -1.38365E1 -1.22642E1 -1.19497E1 -1.19497E1 -1.13208E1 -1.13208E1 -1.13208E1 -1.10063E1 -1.03774E1 -9.43396E0 -9.1195E0 -9.43396E0 -1.03774E1 -1.10063E1 -1.19497E1 -1.25786E1 -1.3522E1 -1.38365E1 -1.41509E1 -1.41509E1 -1.41509E1 -1.41509E1 -1.3522E1
-2.31481E1 -2.28395E1 -2.25309E1 -2.22222E1 -2.25309E1 -2.34604E1 -2.46914E1 -2.53086E1 -2.55132E1 -2.52199E1 -2.46334E1 -2.43402E1 -2.43402E1 -2.40469E1 -2.31672E1 -2.25806E1 -2.22874E1 -2.22874E1 -2.25806E1 -2.28739E1 -2.31672E1 -2.31672E1 -2.40469E1 -2.46914E1 -2.40741E1 -2.34568E1 -2.25309E1 -2.19136E1 -2.25309E1 -2.28395E1 -2.31481E1 -2.28395E1 -2.28395E1 -2.25309E1 -2.22222E1 -2.19136E1 -2.12963E1 -2.0679E1 -2.0679E1 -2.0679E1 -2.03704E1 -1.97531E1 -1.88272E1 -1.75926E1 -1.66667E1 -1.54321E1 -1.41975E1 -1.2963E1 -1.16352E1 -1.10063E1 -1.06918E1 -1.10063E1 -1.03774E1 -1.00629E1 -9.43396E0 -8.49057E0 -7.86164E0 -7.86164E0 -7.86164E0 -8.49057E0 -9.1195E0 -1.00629E1 -1.06918E1 -1.13208E1 -1.16352E1 -1.22642E1 -1.22642E1 -1.25786E1 -1.25786E1 -1.25786E1
-2.22222E1 -2.19136E1 -2.16049E1 -2.12963E1 -2.12963E1 -2.22222E1 -2.31481E1 -2.34568E1 -2.34568E1 -2.28739E1 -2.25806E1 -2.25806E1 -2.25806E1 -2.28739E1 -2.22874E1 -2.19136E1 -2.12963E1 -2.12963E1 -2.12963E1 -2.17009E1 -2.19941E1 -2.22874E1 -2.28739E1 -2.31672E1 -2.34568E1 -2.28395E1 -2.25309E1 -2.25309E1 -2.31481E1 -2.34568E1 -2.31481E1 -2.25309E1 -2.22222E1 -2.22222E1 -2.19136E1 -2.16049E1 -2.12963E1 -2.0679E1 -2.03704E1 -2.03704E1 -1.97531E1 -1.85185E1 -1.7284E1 -1.66667E1 -1.57407E1 -1.45062E1 -1.32716E1 -1.17284E1 -1.11111E1 -1.00629E1 -9.74843E0 -9.74843E0 -9.1195E0 -8.80503E0 -8.1761E0 -7.54717E0 -6.91824E0 -6.60377E0 -6.91824E0 -7.2327E0 -8.1761E0 -9.1195E0 -9.74843E0 -1.00629E1 -1.03774E1 -1.06918E1 -1.10063E1 -1.10063E1 -1.10063E1 -1.10063E1
-2.16049E1 -2.09877E1 -2.0679E1 -2.03704E1 -2.03704E1 -2.09877E1 -2.12963E1 -2.12963E1 -2.12963E1 -2.09877E1 -2.09877E1 -2.0679E1 -2.0679E1 -2.09877E1 -2.16049E1 -2.16049E1 -2.12963E1 -2.09877E1 -2.0679E1 -2.09877E1 -2.08211E1 -2.16049E1 -2.08211E1 -2.11144E1 -2.19136E1 -2.22222E1 -2.28395E1 -2.31481E1 -2.37654E1 -2.37654E1 -2.28395E1 -2.22222E1 -2.19136E1 -2.16049E1 -2.12963E1 -2.12963E1 -2.09877E1 -2.03704E1 -2.00617E1 -1.97531E1 -1.85185E1 -1.75926E1 -1.6358E1 -1.57407E1 -1.48148E1 -1.35802E1 -1.2037E1 -1.08025E1 -1.01852E1 -9.5679E0 -8.80503E0 -8.49057E0 -8.1761E0 -7.54717E0 -7.2327E0 -6.60377E0 -6.28931E0 -5.97484E0 -5.97484E0 -7.2327E0 -8.1761E0 -8.80503E0 -9.43396E0 -9.43396E0 -1.00629E1 -9.74843E0 -1.00629E1 -1.00629E1 -1.00629E1 -9.74843E0
-2.0679E1 -2.03704E1 -1.97531E1 -1.97531E1 -1.97531E1 -1.97531E1 -1.94444E1 -1.94444E1 -1.94444E1 -1.91358E1 -1.88272E1 -1.88272E1 -1.88272E1 -1.97531E1 -2.09877E1 -2.12963E1 -2.12963E1 -2.03704E1 -2.00617E1 -2.00617E1 -1.97531E1 -1.94444E1 -1.88272E1 -1.91358E1 -2.03704E1 -2.12963E1 -2.19136E1 -2.25309E1 -2.34568E1 -2.28395E1 -2.22222E1 -2.16049E1 -2.16049E1 -2.16049E1 -2.16049E1 -2.09877E1 -2.0679E1 -2.03704E1 -1.97531E1 -1.88272E1 -1.7284E1 -1.6358E1 -1.51235E1 -1.48148E1 -1.38889E1 -1.23457E1 -1.11111E1 -1.01852E1 -9.25926E0 -8.64198E0 -7.86164E0 -7.54717E0 -6.91824E0 -6.60377E0 -6.28931E0 -5.66038E0 -5.34591E0 -5.34591E0 -5.34591E0 -5.97484E0 -7.54717E0 -8.1761E0 -8.80503E0 -9.74843E0 -9.43396E0 -9.74843E0 -1.00629E1 -9.43396E0 -9.1195E0 -8.80503E0
-2.0679E1 -2.00617E1 -1.91358E1 -1.91358E1 -1.91358E1 -1.88272E1 -1.85185E1 -1.82099E1 -1.79012E1 -1.7284E1 -1.69753E1 -1.69753E1 -1.7284E1 -1.85185E1 -1.97531E1 -2.09877E1 -2.09877E1 -2.00617E1 -1.97531E1 -1.91358E1 -1.85185E1 -1.79012E1 -1.75926E1 -1.75926E1 -1.91358E1 -2.0679E1 -2.16049E1 -2.12963E1 -2.16049E1 -2.16049E1 -2.09877E1 -2.0679E1 -2.0679E1 -2.0679E1 -2.09877E1 -2.12963E1 -2.09877E1 -1.97531E1 -1.88272E1 -1.75926E1 -1.6358E1 -1.51235E1 -1.41975E1 -1.35802E1 -1.26543E1 -1.11111E1 -1.01852E1 -9.5679E0 -8.33333E0 -7.2327E0 -6.91824E0 -6.28931E0 -5.97484E0 -5.66038E0 -5.34591E0 -5.03145E0 -5.03145E0 -5.34591E0 -5.66038E0 -6.28931E0 -7.2327E0 -9.43396E0 -1.03774E1 -1.06918E1 -1.03774E1 -1.00629E1 -1.00629E1 -9.43396E0 -8.80503E0 -8.1761E0
-2.0679E1 -2.00617E1 -1.91358E1 -1.88272E1 -1.88272E1 -1.85185E1 -1.79012E1 -1.7284E1 -1.69753E1 -1.6358E1 -1.57407E1 -1.54321E1 -1.6358E1 -1.7284E1 -1.82099E1 -1.91358E1 -1.94444E1 -1.85185E1 -1.79012E1 -1.79012E1 -1.79012E1 -1.7284E1 -1.69753E1 -1.75926E1 -1.94444E1 -2.0679E1 -2.09877E1 -2.03704E1 -2.03704E1 -2.00617E1 -1.97531E1 -1.94444E1 -1.94444E1 -1.97531E1 -2.03704E1 -2.03704E1 -1.94444E1 -1.85185E1 -1.75926E1 -1.6358E1 -1.54321E1 -1.41975E1 -1.32716E1 -1.23457E1 -1.14198E1 -1.01852E1 -9.5679E0 -8.64198E0 -7.71605E0 -6.55738E0 -6.55738E0 -5.34591E0 -5.03145E0 -5.03145E0 -4.40252E0 -4.71698E0 -5.03145E0 -5.03145E0 -6.28931E0 -6.91824E0 -9.1195E0 -1.10063E1 -1.10063E1 -1.16352E1 -1.10063E1 -1.03774E1 -9.43396E0 -8.80503E0 -8.1761E0 -7.2327E0
-2.00617E1 -1.97531E1 -1.94444E1 -1.94444E1 -1.91358E1 -1.85185E1 -1.79012E1 -1.75926E1 -1.69753E1 -1.6358E1 -1.51235E1 -1.45062E1 -1.57407E1 -1.6358E1 -1.7284E1 -1.82099E1 -1.82099E1 -1.7284E1 -1.60494E1 -1.6358E1 -1.69753E1 -1.69753E1 -1.75926E1 -1.82099E1 -1.94444E1 -2.00617E1 -2.0679E1 -2.03704E1 -1.94444E1 -1.91358E1 -1.85185E1 -1.79012E1 -1.75926E1 -1.82099E1 -1.85185E1 -1.85185E1 -1.82099E1 -1.7284E1 -1.66667E1 -1.57407E1 -1.45062E1 -1.32716E1 -1.2037E1 -1.11111E1 -1.01852E1 -9.5679E0 -8.64198E0 -7.71605E0 -6.79012E0 -6.55738E0 -6.55738E0 -4.91803E0 -4.91803E0 -4.08805E0 -4.40252E0 -4.71698E0 -4.71698E0 -5.34591E0 -6.28931E0 -8.49057E0 -1.03774E1 -1.17284E1 -1.2037E1 -1.19497E1 -1.19497E1 -1.03774E1 -9.43396E0 -8.80503E0 -8.1761E0 -6.91824E0
-1.94444E1 -1.94444E1 -1.94444E1 -1.94444E1 -1.91358E1 -1.85185E1 -1.85185E1 -1.82099E1 -1.79012E1 -1.7284E1 -1.6358E1 -1.60494E1 -1.54321E1 -1.57407E1 -1.66667E1 -1.69753E1 -1.69753E1 -1.60494E1 -1.54321E1 -1.57407E1 -1.6358E1 -1.69753E1 -1.82099E1 -1.88272E1 -1.94444E1 -1.91358E1 -1.91358E1 -1.91358E1 -1.88272E1 -1.79012E1 -1.69753E1 -1.6358E1 -1.6358E1 -1.69753E1 -1.69753E1 -1.69753E1 -1.6358E1 -1.57407E1 -1.54321E1 -1.48148E1 -1.38889E1 -1.23457E1 -1.08025E1 -1.01852E1 -9.87654E0 -8.95062E0 -7.71605E0 -6.79012E0 -6.55738E0 -4.91803E0 -4.91803E0 -4.91803E0 -4.91803E0 -3.77358E0 -5.03145E0 -5.34591E0 -5.03145E0 -6.28931E0 -7.54717E0 -9.43396E0 -1.03774E1 -1.17284E1 -1.2037E1 -1.13208E1 -1.16352E1 -1.13208E1 -1.00629E1 -9.1195E0 -8.1761E0 -7.54717E0
-1.79012E1 -1.85185E1 -1.88272E1 -1.85185E1 -1.82099E1 -1.82099E1 -1.82099E1 -1.88272E1 -1.91358E1 -1.85185E1 -1.75926E1 -1.66667E1 -1.60494E1 -1.60494E1 -1.57407E1 -1.60494E1 -1.60494E1 -1.54321E1 -1.54321E1 -1.60494E1 -1.6358E1 -1.7284E1 -1.85185E1 -1.94444E1 -1.94444E1 -1.82099E1 -1.75926E1 -1.75926E1 -1.7284E1 -1.66667E1 -1.60494E1 -1.57407E1 -1.54321E1 -1.57407E1 -1.57407E1 -1.54321E1 -1.51235E1 -1.45062E1 -1.38889E1 -1.35802E1 -1.26543E1 -1.14198E1 -1.04938E1 -1.01852E1 -9.25926E0 -7.71605E0 -6.79012E0 -6.55738E0 -6.55738E0 -4.91803E0 -4.91803E0 -4.91803E0 -4.91803E0 -3.77358E0 -4.71698E0 -5.97484E0 -6.91824E0 -7.86164E0 -8.80503E0 -9.43396E0 -1.03774E1 -1.14198E1 -1.14198E1 -1.17284E1 -1.17284E1 -1.17284E1 -1.08025E1 -9.1195E0 -7.54717E0 -6.60377E0
