_episodes_rmd/output/experiment_small/species_big_extent.asc
ncols         660
nrows         720
xllcorner     -130.0
yllcorner     -60.0
cellsize      0.166666666666667
NODATA_value  -9999
[rows 62 to 92 of 720, columns 207 to 275 of 660]
4.04216E-1 4.03231E-1 3.96847E-1 3.91317E-1 3.90055E-1 3.81735E-1 3.7877E-1 3.72177E-1 3.69285E-1 3.6511E-1 3.61464E-1 3.57603E-1 3.556E-1 3.49712E-1 3.47565E-1 3.47517E-1 3.42904E-1 3.40225E-1 3.37413E-1 3.30929E-1 3.23829E-1 3.23288E-1 3.19739E-1 3.22076E-1 3.22819E-1 3.26432E-1 3.23506E-1 3.18641E-1 3.17332E-1 3.18169E-1 3.16555E-1 3.18132E-1 3.2022E-1 3.22528E-1 3.238E-1 3.26581E-1 3.2737E-1 3.33164E-1 3.33454E-1 3.31677E-1 3.28412E-1 3.224E-1 3.13344E-1 3.03138E-1 2.93902E-1 2.8697E-1 2.87894E-1 2.90172E-1 2.95526E-1 2.97488E-1 3.0051E-1 3.02815E-1 3.09126E-1 3.11341E-1 3.17682E-1 3.22036E-1 3.2985E-1 3.32578E-1 3.34053E-1 3.35901E-1 3.35457E-1 3.37841E-1 3.42054E-1 3.41405E-1 3.38439E-1 3.32315E-1 3.32052E-1 3.26179E-1 3.22176E-1
4.02409E-1 3.97344E-1 3.98368E-1 3.92383E-1 3.89783E-1 3.81115E-1 3.76289E-1 3.71482E-1 3.67318E-1 3.65822E-1 3.60137E-1 3.57953E-1 3.52589E-1 3.49293E-1 3.48371E-1 3.43756E-1 3.41006E-1 3.35038E-1 3.32161E-1 3.28168E-1 3.24286E-1 3.20677E-1 3.18695E-1 3.19048E-1 3.26164E-1 3.31688E-1 3.28003E-1 3.20227E-1 3.19322E-1 3.15892E-1 3.18044E-1 3.19035E-1 3.22317E-1 3.23314E-1 3.24061E-1 3.25612E-1 3.29422E-1 3.30711E-1 3.35502E-1 3.32175E-1 3.27173E-1 3.21392E-1 3.1358E-1 3.05724E-1 2.91859E-1 2.89224E-1 2.85782E-1 2.89998E-1 2.9458E-1 2.96361E-1 3.01607E-1 3.04078E-1 3.06553E-1 3.13074E-1 3.17423E-1 3.25631E-1 3.33361E-1 3.35164E-1 3.37549E-1 3.38646E-1 3.39741E-1 3.43977E-1 3.41448E-1 3.39478E-1 3.36243E-1 3.3289E-1 3.2956E-1 3.24895E-1 3.19501E-1
4.04315E-1 3.99211E-1 3.97399E-1 3.92124E-1 3.90105E-1 3.82402E-1 3.76196E-1 3.67307E-1 3.65864E-1 3.61455E-1 3.6122E-1 3.54814E-1 3.5429E-1 3.48031E-1 3.46118E-1 3.40502E-1 3.34771E-1 3.33567E-1 3.29259E-1 3.28996E-1 3.28249E-1 3.23433E-1 3.20402E-1 3.22221E-1 3.27865E-1 3.37031E-1 3.32744E-1 3.22944E-1 3.18941E-1 3.18768E-1 3.17458E-1 3.19693E-1 3.21023E-1 3.21556E-1 3.25323E-1 3.26638E-1 3.29271E-1 3.32719E-1 3.33262E-1 3.35324E-1 3.31089E-1 3.17924E-1 3.09169E-1 3.03239E-1 2.94498E-1 2.88121E-1 2.88589E-1 2.8825E-1 2.94756E-1 2.98194E-1 3.03135E-1 3.05999E-1 3.09922E-1 3.15467E-1 3.20481E-1 3.2826E-1 3.34212E-1 3.38979E-1 3.3767E-1 3.3642E-1 3.39063E-1 3.384E-1 3.37745E-1 3.34297E-1 3.34497E-1 3.31712E-1 3.24363E-1 3.22354E-1 3.18501E-1
4.05836E-1 4.08654E-1 4.0205E-1 3.94259E-1 3.8734E-1 3.79325E-1 3.74073E-1 3.63174E-1 3.58882E-1 3.60825E-1 3.56156E-1 3.5287E-1 3.52631E-1 3.47849E-1 3.45179E-1 3.39229E-1 3.34084E-1 3.31489E-1 3.30954E-1 3.27543E-1 3.25961E-1 3.2849E-1 3.28872E-1 3.31754E-1 3.34166E-1 3.34736E-1 3.33627E-1 3.29974E-1 3.23501E-1 3.21624E-1 3.21959E-1 3.22576E-1 3.21661E-1 3.25054E-1 3.2579E-1 3.28685E-1 3.29244E-1 3.29615E-1 3.31824E-1 3.3309E-1 3.25408E-1 3.17763E-1 3.11037E-1 3.10914E-1 3.04579E-1 2.93523E-1 2.93769E-1 2.93936E-1 2.98294E-1 2.93354E-1 2.99808E-1 3.03072E-1 3.09488E-1 3.18047E-1 3.24065E-1 3.30236E-1 3.34303E-1 3.36721E-1 3.38168E-1 3.37746E-1 3.35204E-1 3.37338E-1 3.32161E-1 3.3343E-1 3.31734E-1 3.28469E-1 3.23785E-1 3.18402E-1 3.16468E-1
4.13815E-1 4.16014E-1 4.03435E-1 4.00152E-1 3.89411E-1 3.80734E-1 3.68986E-1 3.59491E-1 3.55059E-1 3.54616E-1 3.56167E-1 3.56154E-1 3.51338E-1 3.50593E-1 3.43837E-1 3.40445E-1 3.34056E-1 3.31307E-1 3.30497E-1 3.31106E-1 3.32477E-1 3.33621E-1 3.36177E-1 3.38789E-1 3.41032E-1 3.41882E-1 3.37736E-1 3.32626E-1 3.27657E-1 3.2566E-1 3.25432E-1 3.23832E-1 3.24504E-1 3.25272E-1 3.26767E-1 3.30622E-1 3.29057E-1 3.29343E-1 3.26992E-1 3.27293E-1 3.25779E-1 3.23584E-1 3.18529E-1 3.17653E-1 3.12253E-1 3.06383E-1 3.06746E-1 3.00166E-1 3.50918E-1 3.49113E-1 3.50731E-1 3.5574E-1 3.64004E-1 3.66969E-1 3.79171E-1 3.86426E-1 3.3199E-1 3.33296E-1 3.34E-1 3.36215E-1 3.34296E-1 3.30894E-1 3.30051E-1 3.28203E-1 3.24169E-1 3.2056E-1 3.2006E-1 3.17468E-1 3.12549E-1
4.09281E-1 4.11475E-1 4.03304E-1 3.97782E-1 3.94619E-1 3.82143E-1 3.60288E-1 3.54811E-1 3.52216E-1 3.5387E-1 3.54275E-1 3.55022E-1 3.56719E-1 3.56124E-1 3.48998E-1 3.43097E-1 3.36088E-1 3.30672E-1 3.33304E-1 3.33487E-1 3.40084E-1 3.38302E-1 3.45086E-1 3.47441E-1 3.44519E-1 3.43197E-1 3.3915E-1 3.33645E-1 3.3072E-1 3.28371E-1 3.27196E-1 3.25937E-1 3.26742E-1 3.26667E-1 3.29041E-1 3.32827E-1 3.30309E-1 3.30089E-1 3.27938E-1 3.24879E-1 3.23017E-1 3.26985E-1 3.25503E-1 3.17905E-1 3.13068E-1 3.08384E-1 3.60083E-1 3.62443E-1 3.62444E-1 3.60321E-1 3.5839E-1 3.61041E-1 3.67323E-1 3.7005E-1 3.74763E-1 3.80949E-1 3.81679E-1 3.30843E-1 3.30999E-1 3.31491E-1 3.3048E-1 3.25788E-1 3.24247E-1 3.19291E-1 3.18513E-1 3.15168E-1 3.13705E-1 3.10623E-1 3.1042E-1
4.08266E-1 4.0512E-1 3.97908E-1 3.96658E-1 3.93482E-1 3.77216E-1 3.6074E-1 3.55314E-1 3.5059E-1 3.52585E-1 3.53984E-1 3.55322E-1 3.59223E-1 3.58797E-1 3.47335E-1 3.40892E-1 3.36566E-1 3.33025E-1 3.33607E-1 3.34462E-1 3.40944E-1 3.45354E-1 3.48347E-1 3.49764E-1 3.47268E-1 3.44734E-1 3.39786E-1 3.35154E-1 3.35599E-1 3.30299E-1 3.2943E-1 3.31837E-1 3.29929E-1 3.33094E-1 3.32831E-1 3.33692E-1 3.29856E-1 3.28593E-1 3.29555E-1 3.31883E-1 3.3031E-1 3.30034E-1 3.25245E-1 3.15506E-1 3.15359E-1 3.67289E-1 3.6494E-1 3.63086E-1 3.61257E-1 3.61262E-1 3.63876E-1 3.64826E-1 3.70441E-1 3.73502E-1 3.78492E-1 3.7601E-1 3.74711E-1 3.7501E-1 3.25477E-1 3.23863E-1 3.23996E-1 3.18902E-1 3.1509E-1 3.12616E-1 3.08514E-1 3.07181E-1 3.08099E-1 3.06144E-1 3.02819E-1
4.04753E-1 4.05938E-1 3.98593E-1 4.00341E-1 3.91163E-1 3.78781E-1 3.69951E-1 3.55078E-1 3.51305E-1 3.50951E-1 3.52704E-1 3.55554E-1 3.56749E-1 3.51647E-1 3.45387E-1 3.41753E-1 3.39619E-1 3.3356E-1 3.3562E-1 3.39202E-1 3.42054E-1 3.44932E-1 3.50344E-1 3.51606E-1 3.47717E-1 3.42633E-1 3.38671E-1 3.35161E-1 3.35305E-1 3.33128E-1 3.31845E-1 3.32517E-1 3.31745E-1 3.2982E-1 3.30895E-1 3.38601E-1 3.41342E-1 3.42682E-1 3.44462E-1 3.38883E-1 3.32865E-1 3.27023E-1 3.26082E-1 3.75908E-1 3.68071E-1 3.63363E-1 3.64339E-1 3.62522E-1 3.61929E-1 3.63673E-1 3.65696E-1 3.67298E-1 3.67314E-1 3.71673E-1 3.73514E-1 3.75569E-1 3.66484E-1 3.65074E-1 3.08672E-1 3.07067E-1 3.07642E-1 3.11951E-1 3.07072E-1 3.01611E-1 2.99889E-1 3.00626E-1 3.00035E-1 2.9997E-1 3.01984E-1
4.03029E-1 3.99123E-1 4.02474E-1 3.97097E-1 3.90161E-1 3.78642E-1 3.70155E-1 3.58544E-1 3.54112E-1 3.4693E-1 3.47561E-1 3.5025E-1 3.51545E-1 3.50586E-1 3.44606E-1 3.3737E-1 3.35119E-1 3.34753E-1 3.34751E-1 3.38201E-1 3.4104E-1 3.43287E-1 3.45106E-1 3.44639E-1 3.44303E-1 3.41572E-1 3.4111E-1 3.37868E-1 3.35433E-1 3.37205E-1 3.35109E-1 3.34326E-1 3.3154E-1 3.34507E-1 3.37146E-1 3.35173E-1 3.3769E-1 3.39588E-1 3.42121E-1 3.36875E-1 3.32556E-1 3.29095E-1 3.78146E-1 3.75718E-1 3.68411E-1 3.65736E-1 3.65946E-1 3.62879E-1 3.63189E-1 3.62984E-1 3.66629E-1 3.66418E-1 3.66056E-1 3.68413E-1 3.70643E-1 3.70829E-1 3.61119E-1 3.53407E-1 3.54104E-1 3.52721E-1 2.98062E-1 2.95057E-1 2.93685E-1 2.89216E-1 2.9009E-1 2.89858E-1 2.88705E-1 2.92359E-1 2.93912E-1
4.06821E-1 4.03688E-1 4.03101E-1 3.97111E-1 3.89387E-1 3.82108E-1 3.7095E-1 3.56867E-1 3.54045E-1 3.48848E-1 3.45317E-1 3.48803E-1 3.49155E-1 3.4593E-1 3.4415E-1 3.39354E-1 3.38856E-1 3.35635E-1 3.34528E-1 3.34987E-1 3.38784E-1 3.42576E-1 3.45802E-1 3.46355E-1 3.43987E-1 3.37403E-1 3.36147E-1 3.32075E-1 3.3366E-1 3.3341E-1 3.9122E-1 3.9169E-1 3.3427E-1 3.34913E-1 3.33727E-1 3.37064E-1 3.41682E-1 3.43002E-1 3.38846E-1 3.34451E-1 3.83081E-1 3.79816E-1 3.7747E-1 3.75387E-1 3.71067E-1 3.6801E-1 3.65151E-1 3.65261E-1 3.6686E-1 3.66764E-1 3.66351E-1 3.66873E-1 3.66022E-1 3.66653E-1 3.67115E-1 3.66377E-1 3.65446E-1 3.55449E-1 3.49389E-1 3.44445E-1 3.39708E-1 3.37127E-1 3.30933E-1 2.7619E-1 2.73492E-1 2.74403E-1 2.80148E-1 2.81432E-1 2.88727E-1
3.96604E-1 3.99498E-1 4.08965E-1 3.99131E-1 3.89649E-1 3.78672E-1 3.63475E-1 3.60087E-1 3.50912E-1 3.49373E-1 3.42962E-1 3.44533E-1 3.45458E-1 3.4254E-1 3.40464E-1 3.42485E-1 3.36982E-1 3.36456E-1 3.33698E-1 3.33844E-1 3.38652E-1 3.43864E-1 3.43707E-1 3.40495E-1 3.41048E-1 3.35482E-1 3.33575E-1 3.29465E-1 3.30766E-1 3.87184E-1 3.98043E-1 3.96993E-1 3.88863E-1 3.92092E-1 3.4106E-1 3.42752E-1 3.41625E-1 3.39243E-1 3.32014E-1 3.84313E-1 3.82146E-1 3.80117E-1 3.77349E-1 3.75019E-1 3.71565E-1 3.68435E-1 3.68491E-1 3.6707E-1 3.69324E-1 3.65899E-1 3.6543E-1 3.66447E-1 3.65754E-1 3.64568E-1 3.63036E-1 3.64783E-1 3.60972E-1 3.58294E-1 3.52896E-1 3.4454E-1 3.38974E-1 3.34489E-1 3.27956E-1 3.18212E-1 3.10722E-1 2.62128E-1 2.67293E-1 2.71595E-1 2.81383E-1
3.89747E-1 3.91567E-1 3.90876E-1 3.89741E-1 3.83664E-1 3.68004E-1 3.63234E-1 3.56678E-1 3.52317E-1 3.47393E-1 3.44487E-1 3.43816E-1 3.42271E-1 3.42807E-1 3.44738E-1 3.44936E-1 3.40648E-1 3.35568E-1 3.34934E-1 3.29935E-1 3.34466E-1 3.39334E-1 3.40799E-1 3.36229E-1 3.3428E-1 3.31664E-1 3.32905E-1 3.86706E-1 3.8783E-1 3.99065E-1 4.14427E-1 4.16001E-1 4.16424E-1 4.10143E-1 4.01669E-1 3.98608E-1 3.95529E-1 3.90422E-1 3.85392E-1 3.83482E-1 3.7999E-1 3.76806E-1 3.76982E-1 3.75347E-1 3.75126E-1 3.70937E-1 3.72029E-1 3.69038E-1 3.69023E-1 3.67968E-1 3.6833E-1 3.66756E-1 3.64202E-1 3.6316E-1 3.62024E-1 3.58031E-1 3.57722E-1 3.53436E-1 3.48854E-1 3.46249E-1 3.41171E-1 3.33342E-1 3.22689E-1 3.08679E-1 3.01757E-1 3.02494E-1 3.07098E-1 2.63924E-1 2.70818E-1
3.77135E-1 3.80926E-1 3.80832E-1 3.82525E-1 3.7688E-1 3.6448E-1 3.61914E-1 3.54732E-1 3.46377E-1 3.47018E-1 3.44591E-1 3.46334E-1 3.43225E-1 3.42976E-1 3.45435E-1 3.46303E-1 3.42768E-1 3.38275E-1 3.32471E-1 3.2991E-1 3.34645E-1 3.35044E-1 3.33589E-1 3.28675E-1 3.24107E-1 3.23865E-1 3.81564E-1 3.91607E-1 4.14265E-1 4.23564E-1 4.23166E-1 4.18045E-1 4.15477E-1 4.1166E-1 4.02422E-1 4.00869E-1 3.97216E-1 3.91386E-1 3.89169E-1 3.86665E-1 3.8373E-1 3.81804E-1 3.78741E-1 3.82252E-1 3.79844E-1 3.73665E-1 3.74299E-1 3.72795E-1 3.72985E-1 3.69252E-1 3.67162E-1 3.64016E-1 3.642E-1 3.6173E-1 3.60179E-1 3.57695E-1 3.5523E-1 3.51419E-1 3.49708E-1 3.45082E-1 3.38558E-1 3.31061E-1 3.21634E-1 3.06659E-1 3.00937E-1 2.99675E-1 3.00575E-1 3.05019E-1 2.63608E-1
3.63229E-1 3.62704E-1 3.68351E-1 3.68837E-1 3.63388E-1 3.59035E-1 3.53426E-1 3.53271E-1 3.46837E-1 3.44995E-1 3.39454E-1 3.41456E-1 3.40235E-1 3.42501E-1 3.42074E-1 3.47468E-1 3.49595E-1 3.41705E-1 3.37967E-1 3.35037E-1 3.3156E-1 3.33754E-1 3.83405E-1 3.78371E-1 3.80035E-1 3.81367E-1 4.01708E-1 4.1446E-1 4.12745E-1 4.16623E-1 4.15954E-1 4.15689E-1 4.11559E-1 4.05439E-1 3.98892E-1 4.00418E-1 2.26477E-1 2.2096E-1 2.97671E-1 2.97367E-1 2.95061E-1 2.95806E-1 3.8422E-1 3.72485E-1 3.75102E-1 3.75744E-1 3.77744E-1 3.77638E-1 3.77279E-1 3.71924E-1 3.68155E-1 3.64553E-1 3.62942E-1 3.59763E-1 3.60101E-1 3.55594E-1 3.53455E-1 3.52888E-1 3.48431E-1 3.4423E-1 3.38682E-1 3.31253E-1 3.23983E-1 3.17337E-1 3.06515E-1 2.99238E-1 2.975E-1 3.00789E-1 3.0552E-1
3.55394E-1 3.4637E-1 3.50005E-1 3.55338E-1 3.54403E-1 3.53558E-1 3.58075E-1 3.59886E-1 3.4855E-1 3.42209E-1 3.39587E-1 3.42654E-1 3.44078E-1 3.43286E-1 3.44301E-1 3.50087E-1 3.43206E-1 3.39074E-1 3.34923E-1 3.33808E-1 3.32226E-1 3.85548E-1 3.85027E-1 3.80891E-1 3.893E-1 4.06918E-1 4.08399E-1 4.08597E-1 4.09397E-1 4.09248E-1 4.09896E-1 4.08374E-1 4.06658E-1 4.00414E-1 3.97529E-1 3.96591E-1 1.90495E-1 1.87967E-1 1.8783E-1 1.87667E-1 1.88427E-1 2.16626E-1 3.77702E-1 3.87098E-1 2.99479E-1 3.00674E-1 3.90734E-1 3.88339E-1 3.81701E-1 3.78559E-1 3.7407E-1 3.71074E-1 2.78573E-1 2.7585E-1 2.74108E-1 2.72786E-1 2.70095E-1 2.69384E-1 3.55149E-1 3.51648E-1 3.42041E-1 3.34248E-1 3.28516E-1 3.20796E-1 3.14636E-1 3.04502E-1 2.96581E-1 2.9735E-1 3.03661E-1
3.50679E-1 3.48835E-1 3.48921E-1 3.47347E-1 3.48544E-1 3.55659E-1 3.57622E-1 3.50778E-1 3.45583E-1 3.37124E-1 3.36865E-1 3.37371E-1 3.39107E-1 3.43891E-1 3.44418E-1 3.41996E-1 3.37637E-1 3.32316E-1 3.31158E-1 3.31847E-1 3.85912E-1 3.83266E-1 3.88645E-1 4.01856E-1 4.06705E-1 4.07063E-1 4.02308E-1 4.00436E-1 3.97346E-1 3.99926E-1 3.99754E-1 4.00562E-1 3.99898E-1 3.96782E-1 3.94126E-1 3.94388E-1 3.97048E-1 1.9093E-1 1.90695E-1 1.89063E-1 2.91154E-1 1.84519E-1 1.89932E-1 1.94482E-1 1.96182E-1 1.93269E-1 2.25051E-1 2.22288E-1 2.97481E-1 2.93427E-1 2.11125E-1 2.09361E-1 2.06531E-1 1.72104E-1 1.72197E-1 1.72178E-1 1.71781E-1 1.70255E-1 1.68918E-1 1.98549E-1 2.68108E-1 3.45583E-1 3.36207E-1 3.27229E-1 3.18434E-1 3.06918E-1 3.03918E-1 2.96526E-1 2.97172E-1
3.50812E-1 3.48578E-1 3.51128E-1 3.50828E-1 3.54365E-1 3.50431E-1 3.55304E-1 3.48545E-1 3.39515E-1 3.36272E-1 3.33628E-1 3.38524E-1 3.44172E-1 3.41582E-1 3.40568E-1 3.33345E-1 3.28173E-1 3.27382E-1 3.25614E-1 3.28145E-1 3.84874E-1 3.99932E-1 4.09156E-1 4.07255E-1 4.02004E-1 4.01702E-1 3.96685E-1 3.81167E-1 3.86573E-1 3.91168E-1 3.93725E-1 3.93737E-1 3.9212E-1 3.89491E-1 3.90573E-1 3.91495E-1 3.9367E-1 3.94633E-1 1.89074E-1 2.15545E-1 2.93623E-1 1.96221E-1 2.00273E-1 1.99708E-1 1.98223E-1 4.08463E-1 4.09907E-1 4.05271E-1 3.99549E-1 1.88621E-1 1.8315E-1 1.79122E-1 1.75676E-1 1.75367E-1 1.74875E-1 1.74741E-1 1.76471E-1 1.76914E-1 1.76329E-1 1.74736E-1 1.71105E-1 1.67253E-1 2.62469E-1 3.435E-1 3.34981E-1 3.25157E-1 3.13097E-1 2.98297E-1 2.95403E-1
3.54786E-1 3.53612E-1 3.53205E-1 3.55906E-1 3.59165E-1 3.57602E-1 3.57052E-1 3.49754E-1 3.46867E-1 3.39202E-1 3.36969E-1 3.39636E-1 3.41196E-1 3.40593E-1 3.35864E-1 3.28552E-1 3.22812E-1 3.20343E-1 3.19014E-1 3.31592E-1 4.14702E-1 4.1653E-1 4.11774E-1 4.01907E-1 3.41632E-1 3.25942E-1 3.12198E-1 3.21753E-1 3.85495E-1 3.89678E-1 3.92802E-1 3.92132E-1 3.9041E-1 3.80888E-1 3.54352E-1 3.67007E-1 3.7301E-1 3.84514E-1 3.86608E-1 3.87737E-1 4.02444E-1 4.08398E-1 4.03755E-1 3.81199E-1 3.77258E-1 3.8077E-1 3.91658E-1 4.04118E-1 4.03158E-1 3.97362E-1 3.93624E-1 1.82026E-1 1.79994E-1 1.78715E-1 1.79505E-1 1.8061E-1 1.82154E-1 1.8256E-1 1.82462E-1 1.81388E-1 1.78004E-1 1.75058E-1 1.71474E-1 1.96994E-1 2.67242E-1 3.43053E-1 3.27914E-1 3.11909E-1 3.0142E-1
3.64789E-1 3.566E-1 3.56295E-1 3.61781E-1 3.59515E-1 3.5618E-1 3.60573E-1 3.61034E-1 3.53254E-1 3.43894E-1 3.42923E-1 3.41283E-1 3.35625E-1 3.35795E-1 3.33014E-1 3.26831E-1 3.20253E-1 3.2479E-1 3.31018E-1 3.45576E-1 3.50778E-1 3.46235E-1 3.36484E-1 3.28732E-1 3.2366E-1 3.15814E-1 3.16832E-1 3.27433E-1 3.28469E-1 3.27794E-1 3.8471E-1 3.73038E-1 3.605E-1 3.53389E-1 3.45995E-1 2.94315E-1 3.05537E-1 3.7504E-1 3.8367E-1 3.89043E-1 3.91351E-1 3.84004E-1 3.70016E-1 3.68096E-1 3.70388E-1 3.70209E-1 3.78288E-1 3.79056E-1 4.02477E-1 4.01126E-1 3.96051E-1 1.84864E-1 1.8201E-1 1.80317E-1 1.81205E-1 1.78524E-1 1.79541E-1 1.81472E-1 1.83866E-1 1.86563E-1 1.84371E-1 1.79909E-1 1.79489E-1 1.76486E-1 1.71753E-1 3.57511E-1 3.43119E-1 3.34344E-1 3.28598E-1
3.71821E-1 3.66749E-1 3.64289E-1 3.65608E-1 3.7119E-1 3.66797E-1 3.67255E-1 3.66837E-1 3.53892E-1 3.46058E-1 3.39375E-1 3.352E-1 3.33848E-1 3.26571E-1 3.27242E-1 3.28574E-1 3.28159E-1 3.26221E-1 3.27792E-1 3.26097E-1 3.31548E-1 3.41794E-1 3.39885E-1 3.29939E-1 3.19449E-1 3.15269E-1 3.18631E-1 3.16062E-1 3.179E-1 3.10573E-1 3.0277E-1 3.50472E-1 3.50136E-1 3.43832E-1 2.91592E-1 2.95299E-1 3.00653E-1 3.12076E-1 3.16574E-1 3.81399E-1 3.80257E-1 3.77691E-1 3.69007E-1 3.70932E-1 3.72227E-1 3.72891E-1 3.76091E-1 3.82841E-1 3.98118E-1 4.00822E-1 3.90768E-1 3.88434E-1 1.80767E-1 1.80578E-1 1.81593E-1 1.85464E-1 1.88668E-1 1.9084E-1 1.92543E-1 1.95588E-1 1.97233E-1 1.91767E-1 1.85411E-1 1.82533E-1 1.78437E-1 1.78138E-1 3.79108E-1 3.7393E-1 3.65006E-1
3.76901E-1 3.71515E-1 3.70649E-1 3.69185E-1 3.74268E-1 3.75308E-1 3.75775E-1 3.73647E-1 3.60486E-1 3.50663E-1 3.41025E-1 3.38051E-1 3.27106E-1 3.28486E-1 3.27246E-1 3.27548E-1 3.28568E-1 3.25829E-1 3.27374E-1 3.34982E-1 3.43914E-1 3.60411E-1 3.67637E-1 3.45596E-1 3.22534E-1 3.06157E-1 2.99739E-1 2.98104E-1 2.97658E-1 2.96869E-1 2.97715E-1 2.96665E-1 2.97992E-1 2.99116E-1 2.98631E-1 2.978E-1 2.98657E-1 3.03678E-1 3.0942E-1 3.17182E-1 3.17756E-1 3.19972E-1 3.18604E-1 3.22671E-1 3.20921E-1 3.77717E-1 3.84055E-1 3.92096E-1 3.95648E-1 3.94208E-1 3.95389E-1 3.95979E-1 3.94945E-1 3.98197E-1 4.02938E-1 4.06273E-1 4.13902E-1 4.14613E-1 4.162E-1 4.17337E-1 4.15336E-1 4.12434E-1 4.0731E-1 3.96152E-1 3.94082E-1 3.91541E-1 3.8991E-1 3.92206E-1 3.89335E-1
3.88436E-1 3.8186E-1 3.79659E-1 3.78943E-1 3.81558E-1 3.85229E-1 3.91249E-1 3.82477E-1 3.67892E-1 3.52253E-1 3.41908E-1 3.34931E-1 3.3458E-1 3.32392E-1 3.32735E-1 3.30621E-1 3.31353E-1 3.3554E-1 3.38478E-1 3.45341E-1 3.50903E-1 3.58991E-1 3.58368E-1 3.43232E-1 3.22577E-1 3.06923E-1 3.00172E-1 2.98784E-1 3.01733E-1 3.04028E-1 3.0608E-1 3.05557E-1 3.07615E-1 3.08136E-1 3.07189E-1 3.05064E-1 3.06168E-1 3.10995E-1 3.08431E-1 3.12449E-1 3.13933E-1 3.1521E-1 3.21573E-1 3.30494E-1 3.27884E-1 3.89091E-1 3.93511E-1 3.95501E-1 4.00856E-1 4.06789E-1 4.06858E-1 4.17221E-1 4.15989E-1 4.13391E-1 4.18347E-1 4.21284E-1 4.25198E-1 4.26164E-1 4.25224E-1 4.32823E-1 4.32069E-1 4.24577E-1 4.18937E-1 4.13789E-1 4.08389E-1 4.08222E-1 4.08989E-1 4.10078E-1 4.13714E-1
4.09731E-1 4.01125E-1 3.94339E-1 3.85995E-1 3.89633E-1 3.92851E-1 3.98572E-1 3.87769E-1 3.72206E-1 3.55482E-1 3.4476E-1 3.40725E-1 3.43352E-1 3.44263E-1 3.40701E-1 3.40438E-1 3.3852E-1 3.4497E-1 3.47288E-1 3.46589E-1 3.51886E-1 3.55342E-1 3.52309E-1 3.36906E-1 3.21341E-1 3.09738E-1 3.01456E-1 3.0206E-1 3.0266E-1 3.10437E-1 3.18415E-1 3.13755E-1 3.12339E-1 3.10584E-1 3.11689E-1 3.11046E-1 3.13533E-1 3.12917E-1 3.10292E-1 3.14083E-1 3.1331E-1 3.20307E-1 3.31884E-1 3.33186E-1 3.38242E-1 3.42387E-1 4.01436E-1 4.01844E-1 4.08416E-1 4.19215E-1 4.30644E-1 4.34138E-1 4.33444E-1 4.36229E-1 4.28894E-1 4.32705E-1 4.34666E-1 4.39521E-1 4.39867E-1 4.43828E-1 4.41621E-1 4.41218E-1 4.35604E-1 4.31601E-1 4.25547E-1 4.27658E-1 4.28363E-1 4.25606E-1 4.26532E-1
4.24978E-1 4.14917E-1 4.07945E-1 4.03262E-1 3.96551E-1 4.0194E-1 4.01326E-1 3.93212E-1 3.81789E-1 3.63683E-1 3.57743E-1 3.56257E-1 3.57294E-1 3.5786E-1 3.55788E-1 3.5152E-1 3.48821E-1 3.48165E-1 3.47178E-1 3.50385E-1 3.47927E-1 3.4638E-1 3.38593E-1 3.33016E-1 3.17956E-1 3.16636E-1 3.11253E-1 3.08199E-1 3.09908E-1 3.14406E-1 3.17228E-1 3.16626E-1 3.08909E-1 3.16717E-1 3.20071E-1 3.19856E-1 3.20461E-1 3.2013E-1 3.16964E-1 3.15798E-1 3.23462E-1 3.26275E-1 3.28778E-1 3.37741E-1 3.44574E-1 3.49681E-1 4.09739E-1 4.10128E-1 4.20029E-1 4.31158E-1 4.4647E-1 4.4873E-1 4.51295E-1 4.50409E-1 4.43181E-1 4.44927E-1 4.42361E-1 4.43024E-1 4.45424E-1 4.47271E-1 4.47035E-1 4.45541E-1 4.43632E-1 4.39297E-1 4.3339E-1 4.36713E-1 4.35705E-1 4.36375E-1 4.34822E-1
4.53943E-1 4.28625E-1 4.14642E-1 4.08393E-1 4.05505E-1 4.03411E-1 4.00611E-1 3.96163E-1 3.8725E-1 3.73553E-1 3.66502E-1 3.66831E-1 3.69667E-1 3.71263E-1 3.66046E-1 3.641E-1 3.61754E-1 3.53663E-1 3.45004E-1 3.44874E-1 3.37991E-1 3.40625E-1 3.4268E-1 3.35523E-1 3.15022E-1 3.24101E-1 3.22138E-1 3.16361E-1 3.16311E-1 3.15353E-1 3.16835E-1 3.15498E-1 3.13271E-1 3.18836E-1 3.24133E-1 3.23321E-1 3.24577E-1 3.23518E-1 3.16727E-1 3.17521E-1 3.24613E-1 3.29368E-1 3.33702E-1 3.48112E-1 3.55565E-1 3.61963E-1 4.20267E-1 4.19402E-1 4.31991E-1 4.45078E-1 4.53396E-1 4.59813E-1 4.59143E-1 4.56781E-1 4.56792E-1 4.47665E-1 4.48794E-1 4.48783E-1 4.5001E-1 4.46222E-1 4.47181E-1 4.49336E-1 4.41061E-1 4.28944E-1 4.30938E-1 4.36995E-1 4.38971E-1 4.37946E-1 4.4368E-1
4.70383E-1 4.46083E-1 4.18884E-1 4.09024E-1 4.04145E-1 4.07406E-1 4.00676E-1 3.95659E-1 3.95845E-1 3.88862E-1 3.78931E-1 3.78626E-1 3.78024E-1 3.80543E-1 3.82088E-1 3.80373E-1 3.67764E-1 3.59066E-1 3.52766E-1 3.4524E-1 3.44649E-1 3.46699E-1 3.4531E-1 3.36932E-1 3.34717E-1 3.42291E-1 3.34679E-1 3.32118E-1 3.2723E-1 3.23293E-1 3.20843E-1 3.14192E-1 3.14207E-1 3.21734E-1 3.25415E-1 3.22117E-1 3.16691E-1 3.12957E-1 3.19468E-1 3.23481E-1 3.24944E-1 3.32483E-1 3.43369E-1 3.59644E-1 3.65227E-1 3.72487E-1 4.27705E-1 4.3118E-1 4.42066E-1 4.52539E-1 4.59382E-1 4.63198E-1 4.63685E-1 4.63062E-1 4.59734E-1 4.53994E-1 4.49811E-1 4.4889E-1 4.46983E-1 4.47612E-1 4.49209E-1 4.45267E-1 4.38889E-1 4.32876E-1 4.29941E-1 4.35495E-1 4.33026E-1 4.39699E-1 4.40255E-1
4.78534E-1 4.45483E-1 4.1654E-1 4.07232E-1 4.06798E-1 4.07576E-1 4.04522E-1 4.03648E-1 3.95149E-1 3.91899E-1 3.89528E-1 3.87917E-1 3.89645E-1 3.92229E-1 3.90543E-1 3.895E-1 3.81385E-1 3.69539E-1 3.57484E-1 3.53123E-1 3.46608E-1 3.48266E-1 3.51157E-1 3.48409E-1 3.51114E-1 3.53559E-1 3.54748E-1 3.41457E-1 3.3255E-1 3.26881E-1 3.24922E-1 3.22004E-1 3.23165E-1 3.27391E-1 3.33151E-1 3.32126E-1 3.25871E-1 3.18416E-1 3.17252E-1 3.19355E-1 3.30418E-1 3.43315E-1 3.54216E-1 3.66203E-1 3.75785E-1 4.39691E-1 4.40747E-1 4.4387E-1 4.52854E-1 4.56545E-1 4.6083E-1 4.66458E-1 4.65808E-1 4.65168E-1 4.56896E-1 4.55392E-1 4.51281E-1 4.49738E-1 4.49862E-1 4.45716E-1 4.43787E-1 4.32898E-1 4.26415E-1 4.21169E-1 4.18995E-1 4.2065E-1 4.25186E-1 4.31695E-1 4.38837E-1
4.6222E-1 4.42655E-1 4.16391E-1 4.09275E-1 4.05111E-1 4.07005E-1 4.05728E-1 4.0588E-1 4.02137E-1 4.01061E-1 3.93008E-1 3.87517E-1 3.95876E-1 4.00802E-1 3.97331E-1 3.88915E-1 3.86459E-1 3.77848E-1 3.65396E-1 3.58209E-1 3.61608E-1 3.63989E-1 3.60424E-1 3.56167E-1 3.63675E-1 3.63515E-1 3.51664E-1 3.46225E-1 3.34095E-1 3.31654E-1 3.33119E-1 3.29531E-1 3.31369E-1 3.35916E-1 3.38063E-1 3.39289E-1 3.3173E-1 3.26808E-1 3.28029E-1 3.33911E-1 3.44161E-1 3.51387E-1 3.63323E-1 3.7036E-1 3.82505E-1 4.47241E-1 4.52193E-1 4.57084E-1 4.60029E-1 4.57496E-1 4.62622E-1 4.70898E-1 4.66687E-1 4.67208E-1 4.60707E-1 4.57021E-1 4.50867E-1 4.50912E-1 4.493E-1 4.44976E-1 4.41097E-1 4.27055E-1 4.19761E-1 4.15541E-1 4.11889E-1 4.13512E-1 4.19004E-1 4.29894E-1 4.39042E-1
4.48764E-1 4.35207E-1 4.1902E-1 4.14028E-1 4.0462E-1 4.04903E-1 4.03999E-1 4.02946E-1 4.09371E-1 3.9894E-1 3.88035E-1 3.90542E-1 3.95125E-1 4.09166E-1 4.05287E-1 3.97744E-1 3.98433E-1 3.85793E-1 3.71286E-1 3.65824E-1 3.69565E-1 3.77181E-1 3.71671E-1 3.68431E-1 3.70438E-1 3.62299E-1 3.58115E-1 3.45361E-1 3.41227E-1 3.35152E-1 3.32575E-1 3.36179E-1 3.3746E-1 3.43265E-1 3.50349E-1 3.54879E-1 3.46003E-1 3.40157E-1 3.42533E-1 3.46862E-1 3.55344E-1 3.62916E-1 3.71175E-1 3.78992E-1 4.48863E-1 4.56275E-1 4.61528E-1 4.63102E-1 4.62671E-1 4.62337E-1 4.67807E-1 4.71356E-1 4.71454E-1 4.64716E-1 4.61303E-1 4.57645E-1 4.54565E-1 4.47123E-1 4.42968E-1 4.4681E-1 4.4163E-1 4.29839E-1 4.15182E-1 4.18964E-1 4.193E-1 4.22061E-1 4.20972E-1 4.26853E-1 4.41011E-1
4.4739E-1 4.40598E-1 4.2489E-1 4.14789E-1 4.08311E-1 4.08072E-1 4.03381E-1 4.01932E-1 3.95824E-1 3.93345E-1 3.89379E-1 3.91688E-1 3.93168E-1 3.96796E-1 3.96038E-1 4.07685E-1 4.05811E-1 3.85325E-1 3.77216E-1 3.73954E-1 3.82161E-1 3.85697E-1 3.85643E-1 3.76413E-1 3.71647E-1 3.62379E-1 3.5655E-1 3.52509E-1 3.50119E-1 3.4659E-1 3.41504E-1 3.41455E-1 3.46359E-1 3.5428E-1 3.59253E-1 3.59926E-1 3.57797E-1 3.5091E-1 3.53741E-1 3.62084E-1 3.6731E-1 3.72876E-1 3.8094E-1 4.49521E-1 4.59562E-1 4.68021E-1 4.68766E-1 4.62432E-1 4.64792E-1 4.71473E-1 4.72939E-1 4.76046E-1 4.74462E-1 4.63582E-1 4.61355E-1 4.60341E-1 4.51011E-1 4.37696E-1 4.37764E-1 4.46771E-1 4.33031E-1 4.23751E-1 4.17163E-1 4.2393E-1 4.25705E-1 4.26251E-1 4.33118E-1 4.3401E-1 4.37653E-1
4.42011E-1 4.44185E-1 4.34533E-1 4.25113E-1 4.16222E-1 4.0609E-1 4.05976E-1 3.9779E-1 3.98198E-1 3.91655E-1 3.9106E-1 3.9024E-1 3.86071E-1 3.87413E-1 3.92792E-1 3.97627E-1 3.94361E-1 3.89539E-1 3.8481E-1 3.77823E-1 3.84074E-1 3.81945E-1 3.78671E-1 3.76462E-1 3.6667E-1 3.55684E-1 3.50627E-1 3.48934E-1 3.52572E-1 3.57023E-1 3.48206E-1 3.48794E-1 3.5498E-1 3.55129E-1 3.65084E-1 3.66127E-1 3.64115E-1 3.61123E-1 3.68269E-1 3.75723E-1 3.81295E-1 4.48115E-1 4.53485E-1 4.58526E-1 4.70674E-1 4.74487E-1 4.66674E-1 4.66646E-1 4.74801E-1 4.76208E-1 4.7688E-1 4.78913E-1 4.7273E-1 4.68278E-1 4.64587E-1 4.55704E-1 4.45769E-1 4.37951E-1 4.30285E-1 4.26331E-1 4.2205E-1 4.20381E-1 4.18638E-1 4.27228E-1 4.2858E-1 4.30586E-1 4.31621E-1 4.33011E-1 4.3302E-1
