_episodes_rmd/output/experiment_small/species_big_extent_clamping.asc
ncols         660
nrows         720
xllcorner     -130.0
yllcorner     -60.0
cellsize      0.166666666666667
NODATA_value  -9999
[rows 99 to 131 of 720, columns 150 to 224 of 660]
5.76872E-1 6.15713E-1 6.12762E-1 6.16488E-1 6.15435E-1 5.91201E-1 4.58432E-1 4.65443E-1 2.60086E-4 2.81138E-4 1.42352E-4 2.01163E-1 4.57742E-1 5.72657E-1 6.24552E-1 6.35527E-1 5.86953E-1 5.56397E-1 5.04463E-1 4.24063E-1 5.40153E-1 5.27367E-1 4.37794E-1 4.32588E-1 4.34022E-1 4.52896E-1 4.76077E-1 4.6439E-1 4.65754E-1 4.69634E-1 4.61063E-1 4.79888E-1 4.9819E-1 5.04971E-1 5.0249E-1 5.01832E-1 4.98272E-1 5.04616E-1 4.99683E-1 4.98426E-1 5.00448E-1 4.96413E-1 4.97934E-1 4.97234E-1 5.07483E-1 5.23098E-1 5.31397E-1 5.30846E-1 5.37407E-1 5.3612E-1 5.40675E-1 5.46173E-1 5.55601E-1 5.612E-1 5.66724E-1 5.77347E-1 5.76038E-1 5.81018E-1 5.8048E-1 5.79092E-1 5.80508E-1 5.79659E-1 5.82336E-1 5.84782E-1 5.84522E-1 5.87504E-1 5.98121E-1 6.05113E-1 6.1361E-1 6.18145E-1 6.14973E-1 6.13024E-1 6.13177E-1 6.17823E-1 6.24455E-1
3.90896E-1 3.90951E-1 5.3457E-1 6.17548E-1 6.51093E-1 6.61811E-1 6.31333E-1 5.5556E-1 4.5987E-1 2.59135E-4 2.0121E-1 2.99837E-1 4.52889E-1 5.72861E-1 5.95772E-1 6.15283E-1 5.94206E-1 5.86674E-1 5.63776E-1 5.21089E-1 5.17171E-1 4.45464E-1 4.84064E-1 4.6055E-1 4.55205E-1 4.76516E-1 4.80719E-1 4.81288E-1 4.78529E-1 4.89597E-1 4.80116E-1 4.99665E-1 5.09694E-1 5.29403E-1 5.23718E-1 5.13867E-1 4.98015E-1 5.02171E-1 4.94299E-1 4.9545E-1 4.96396E-1 5.04014E-1 4.95623E-1 4.94591E-1 5.07453E-1 5.24305E-1 5.29832E-1 5.27215E-1 5.35439E-1 5.35986E-1 5.36531E-1 5.41925E-1 5.45659E-1 5.57242E-1 5.59281E-1 5.69135E-1 5.70636E-1 5.67992E-1 5.73315E-1 5.79669E-1 5.80012E-1 5.80798E-1 5.87895E-1 5.85212E-1 5.84725E-1 5.90341E-1 5.95234E-1 6.01797E-1 6.07766E-1 6.10119E-1 6.1371E-1 6.10063E-1 6.08171E-1 6.12462E-1 6.19483E-1
9.44096E-2 1.94528E-1 3.90284E-1 5.40821E-1 6.32563E-1 6.62607E-1 6.86248E-1 5.7767E-4 6.03788E-4 3.44756E-4 3.88393E-1 3.00072E-1 3.86272E-1 5.49442E-1 5.97737E-1 5.9362E-1 5.93689E-1 5.88253E-1 5.56105E-1 5.23659E-1 4.14549E-1 4.60496E-1 4.65159E-1 4.68118E-1 4.71226E-1 4.74967E-1 4.85326E-1 4.77642E-1 4.76225E-1 4.74645E-1 4.75539E-1 4.90556E-1 5.11185E-1 5.16586E-1 5.23899E-1 5.23958E-1 5.14927E-1 4.95887E-1 4.9264E-1 4.9519E-1 4.95383E-1 4.96299E-1 4.89391E-1 4.92673E-1 4.97055E-1 5.10833E-1 5.24917E-1 5.27984E-1 5.34845E-1 5.41606E-1 5.35552E-1 5.34488E-1 5.42703E-1 5.47732E-1 5.51837E-1 5.58589E-1 5.66025E-1 5.68376E-1 5.74473E-1 5.73646E-1 5.83025E-1 5.81551E-1 5.82649E-1 5.87228E-1 5.86988E-1 5.90719E-1 5.92151E-1 5.98287E-1 6.08203E-1 6.14833E-1 6.11116E-1 6.11374E-1 6.10164E-1 6.13507E-1 6.191E-1
2.99557E-1 2.99176E-1 4.69062E-1 5.29396E-1 6.00567E-1 6.38666E-1 6.61063E-1 7.22449E-1 5.56153E-4 5.59E-1 3.84236E-1 2.99536E-1 2.99721E-1 4.62126E-1 5.7386E-1 4.79648E-1 6.1145E-1 5.93988E-1 5.71409E-1 1.98399E-4 3.72967E-1 4.35048E-1 4.63776E-1 4.6802E-1 4.61907E-1 4.62733E-1 4.96814E-1 4.773E-1 4.68711E-1 4.78471E-1 4.86891E-1 4.82148E-1 4.94794E-1 5.04384E-1 5.09546E-1 5.08717E-1 5.03597E-1 4.92829E-1 4.92407E-1 4.8972E-1 4.80355E-1 4.75825E-1 4.69725E-1 4.64993E-1 4.7933E-1 4.96119E-1 5.04493E-1 5.20452E-1 5.24411E-1 5.33729E-1 5.35974E-1 5.3658E-1 5.43646E-1 5.43469E-1 5.52258E-1 5.58277E-1 5.64633E-1 5.70653E-1 5.79245E-1 5.80995E-1 5.82759E-1 5.84863E-1 5.82919E-1 5.83518E-1 5.86493E-1 5.88066E-1 5.93029E-1 5.98342E-1 6.07559E-1 6.16265E-1 6.15162E-1 6.10386E-1 6.07476E-1 6.10702E-1 6.17292E-1
9.6505E-2 3.907E-1 5.05517E-1 3.90708E-1 5.36081E-1 5.67934E-1 5.76344E-1 6.22593E-1 4.06165E-4 3.84949E-1 2.02972E-1 2.0202E-1 2.99882E-1 3.49651E-1 4.39676E-1 4.69689E-1 5.95815E-1 5.90168E-1 5.61032E-1 4.03752E-1 3.74351E-1 4.14564E-1 4.30011E-1 4.32197E-1 4.29484E-1 4.19138E-1 4.37425E-1 4.62776E-1 4.66403E-1 4.44728E-1 4.53195E-1 4.80207E-1 4.9338E-1 4.98473E-1 5.06109E-1 5.06251E-1 5.08597E-1 4.90348E-1 4.89829E-1 4.88588E-1 4.8256E-1 4.69782E-1 4.55054E-1 5.20235E-1 5.21027E-1 4.8234E-1 5.0488E-1 5.16739E-1 5.2296E-1 5.27123E-1 5.31032E-1 5.36949E-1 5.40625E-1 5.43527E-1 5.51805E-1 5.61678E-1 5.67408E-1 5.80979E-1 5.81532E-1 5.81124E-1 5.84338E-1 5.89004E-1 5.87274E-1 5.82899E-1 5.89288E-1 5.92903E-1 5.96369E-1 6.08E-1 6.11648E-1 6.18673E-1 6.21435E-1 6.16419E-1 6.06082E-1 6.07149E-1 6.16366E-1
2.92727E-6 1.46703E-4 2.97079E-1 9.63078E-2 2.98783E-1 4.68157E-1 6.43317E-1 6.19933E-1 5.61606E-1 4.62365E-1 2.94397E-1 2.03187E-1 9.97536E-2 1.00003E-1 4.01128E-1 5.74152E-1 6.21957E-1 6.02412E-1 4.61032E-1 4.51458E-1 4.41555E-1 4.4633E-1 4.48813E-1 4.16369E-1 3.76629E-1 2.44578E-1 3.80909E-1 4.52855E-1 4.61525E-1 4.60905E-1 4.42641E-1 4.64306E-1 4.97455E-1 5.08908E-1 5.11111E-1 5.12353E-1 5.13916E-1 5.07464E-1 5.06751E-1 5.04923E-1 4.92317E-1 4.76255E-1 4.64479E-1 5.11797E-1 5.09968E-1 4.81438E-1 5.13912E-1 5.267E-1 5.34257E-1 5.28636E-1 5.2845E-1 5.37515E-1 5.39599E-1 5.42556E-1 5.51096E-1 5.60287E-1 5.73724E-1 5.80234E-1 5.8843E-1 5.84606E-1 5.82736E-1 5.86897E-1 5.86234E-1 5.89948E-1 5.93114E-1 5.95669E-1 5.97676E-1 6.0652E-1 6.11934E-1 6.14866E-1 6.16954E-1 6.18204E-1 6.15128E-1 6.13567E-1 6.15665E-1
0E0 0E0 0E0 6.38064E-5 1.84634E-4 2.98915E-1 5.50733E-1 5.95572E-1 4.609E-1 2.03675E-1 1.71335E-4 9.28178E-6 6.78399E-5 2.20021E-4 3.86981E-1 5.77465E-1 6.54751E-1 6.617E-1 4.37203E-1 4.28575E-1 3.99417E-1 4.18659E-1 4.58936E-1 4.26437E-1 3.3924E-1 3.88554E-1 4.50734E-1 4.71263E-1 4.92397E-1 4.90743E-1 4.92382E-1 4.97664E-1 5.12059E-1 5.10628E-1 5.11148E-1 5.11165E-1 5.12826E-1 5.13199E-1 5.08293E-1 5.05522E-1 5.00507E-1 4.88079E-1 4.83864E-1 4.73212E-1 5.04105E-1 4.96117E-1 5.19876E-1 5.30881E-1 5.46556E-1 5.449E-1 5.36692E-1 5.25358E-1 5.29157E-1 5.42353E-1 5.46237E-1 5.59016E-1 5.73952E-1 5.81396E-1 5.89913E-1 5.91088E-1 5.91613E-1 5.85659E-1 5.85093E-1 5.86221E-1 5.92919E-1 5.9344E-1 5.94139E-1 6.01876E-1 6.09515E-1 6.13196E-1 6.12523E-1 6.13027E-1 6.19186E-1 6.16861E-1 5.59157E-1
0E0 0E0 0E0 0E0 4.92764E-5 1.32313E-4 1.98926E-1 3.77429E-1 2.97223E-1 2.21069E-4 2.95269E-5 0E0 0E0 1.79604E-4 2.99743E-1 5.63486E-1 1.07692E-4 6.48248E-1 5.66057E-1 4.1696E-1 4.01876E-1 4.30945E-1 4.14764E-1 3.58296E-1 3.42723E-1 4.27442E-1 4.91424E-1 4.83145E-1 4.92854E-1 5.22112E-1 5.18848E-1 5.20385E-1 5.13659E-1 5.25687E-1 5.17645E-1 5.13191E-1 5.12186E-1 5.15003E-1 5.10657E-1 5.07466E-1 5.08636E-1 5.14162E-1 5.06245E-1 5.00819E-1 5.0544E-1 5.18794E-1 5.28102E-1 5.34766E-1 5.46622E-1 5.53172E-1 5.44881E-1 5.36176E-1 5.27711E-1 5.29534E-1 5.37992E-1 5.53936E-1 5.63601E-1 5.75842E-1 5.78003E-1 5.85047E-1 5.87496E-1 5.84418E-1 5.82474E-1 5.82037E-1 5.88843E-1 5.94659E-1 5.98016E-1 6.04183E-1 6.06075E-1 6.10865E-1 6.11848E-1 6.1158E-1 5.58077E-1 5.57293E-1 5.58432E-1
0E0 0E0 0E0 0E0 0E0 2.51371E-5 9.10284E-5 1.21016E-4 1.06072E-4 2.40375E-5 0E0 0E0 0E0 1.72454E-4 2.99716E-1 5.56233E-1 6.07555E-1 5.72793E-1 4.98389E-1 2.74725E-1 3.72846E-1 3.8967E-1 3.15544E-1 1.84427E-1 2.75462E-1 4.30631E-1 4.61485E-1 4.66798E-1 4.75147E-1 5.26225E-1 5.3145E-1 5.24945E-1 5.1431E-1 5.09134E-1 5.15461E-1 5.15545E-1 5.16306E-1 5.11506E-1 5.16895E-1 5.13378E-1 5.14281E-1 5.17727E-1 5.22815E-1 5.25967E-1 5.26109E-1 5.21283E-1 5.41982E-1 5.47355E-1 5.51457E-1 5.47921E-1 5.49548E-1 5.43713E-1 5.32104E-1 5.295E-1 4.74242E-1 4.83111E-1 4.93004E-1 5.04334E-1 5.08431E-1 5.86131E-1 5.89339E-1 5.88828E-1 5.81513E-1 5.74822E-1 5.80742E-1 5.93513E-1 6.00151E-1 5.4042E-1 5.41909E-1 5.4708E-1 5.54494E-1 5.49406E-1 5.48278E-1 5.54572E-1 5.54698E-1
0E0 0E0 0E0 0E0 0E0 0E0 0E0 0E0 0E0 0E0 0E0 0E0 1.87467E-5 1.00958E-4 2.0287E-1 5.16973E-1 5.93848E-1 5.2985E-1 4.49963E-1 2.99573E-1 3.43613E-1 4.00109E-1 3.11963E-1 2.74683E-1 3.40165E-1 3.92907E-1 4.63546E-1 4.69949E-1 4.91938E-1 5.07741E-1 5.16631E-1 5.21846E-1 5.08524E-1 4.99199E-1 5.04977E-1 5.06545E-1 5.08906E-1 5.18487E-1 5.23134E-1 5.30836E-1 5.30551E-1 5.37221E-1 5.39172E-1 5.40453E-1 5.376E-1 5.3348E-1 5.42351E-1 5.42577E-1 5.46341E-1 5.43373E-1 5.46458E-1 5.4861E-1 5.33852E-1 4.69116E-1 4.83662E-1 4.86009E-1 4.90524E-1 4.99255E-1 5.09185E-1 5.18491E-1 5.25163E-1 5.86403E-1 5.81555E-1 5.76499E-1 5.76917E-1 5.84065E-1 5.94113E-1 5.34698E-1 5.33592E-1 5.41671E-1 5.45899E-1 5.46655E-1 5.46671E-1 5.48906E-1 5.45418E-1
0E0 0E0 0E0 0E0 0E0 0E0 0E0 0E0 0E0 0E0 0E0 0E0 2.60865E-5 1.74269E-4 1.01832E-1 4.99567E-1 5.19903E-1 4.98645E-1 5.06488E-1 5.08825E-1 4.34279E-1 4.35154E-1 3.74583E-1 3.89546E-1 4.2689E-1 4.29093E-1 4.61059E-1 4.62817E-1 4.92347E-1 5.0276E-1 5.16981E-1 5.17044E-1 5.03488E-1 4.83423E-1 4.60893E-1 4.58353E-1 5.0914E-1 5.17414E-1 5.27776E-1 5.32964E-1 5.36512E-1 5.39986E-1 5.44818E-1 5.43151E-1 5.46742E-1 5.4024E-1 5.43143E-1 5.44736E-1 5.45365E-1 5.41532E-1 5.42171E-1 4.79098E-1 4.68809E-1 4.59446E-1 4.82345E-1 4.85542E-1 4.94792E-1 4.99131E-1 5.02107E-1 5.11562E-1 5.1966E-1 5.25151E-1 5.86172E-1 5.83968E-1 5.76828E-1 5.22889E-1 5.24732E-1 5.24286E-1 5.2416E-1 5.31557E-1 5.30608E-1 5.33202E-1 5.39743E-1 5.46729E-1 5.45513E-1
0E0 0E0 0E0 0E0 0E0 0E0 0E0 0E0 0E0 0E0 0E0 0E0 1.30292E-5 1.64515E-4 1.13292E-4 2.03765E-1 3.00037E-1 4.50038E-1 5.02585E-1 5.44586E-1 5.46481E-1 4.26993E-1 4.22525E-1 4.19711E-1 4.43411E-1 4.47403E-1 4.26473E-1 4.35432E-1 4.66086E-1 4.89468E-1 4.93668E-1 4.93165E-1 4.70774E-1 4.43563E-1 3.99905E-1 4.02087E-1 4.38857E-1 5.00874E-1 5.33667E-1 5.30136E-1 5.29971E-1 5.32032E-1 5.34838E-1 4.77468E-1 5.22371E-1 5.29211E-1 5.2507E-1 5.24896E-1 5.2973E-1 5.30221E-1 4.62826E-1 4.53842E-1 4.60715E-1 4.48257E-1 4.53288E-1 4.89488E-1 4.93723E-1 5.01697E-1 5.03793E-1 5.06906E-1 5.11289E-1 5.20686E-1 5.24176E-1 5.15663E-1 5.17433E-1 5.14492E-1 5.12467E-1 5.08961E-1 5.13761E-1 5.26331E-1 5.3011E-1 5.26644E-1 5.28139E-1 5.31154E-1 5.27289E-1
0E0 0E0 0E0 0E0 0E0 0E0 0E0 0E0 0E0 0E0 0E0 0E0 0E0 3.84155E-5 2.64154E-4 1.48393E-4 2.652E-4 9.72035E-2 2.98795E-1 4.49993E-1 4.4943E-1 4.19085E-1 3.4538E-1 3.25932E-1 3.73547E-1 3.79738E-1 3.86349E-1 3.88848E-1 3.92739E-1 3.98431E-1 3.96529E-1 3.67507E-1 3.22454E-1 3.23305E-1 2.65901E-1 2.84001E-1 3.55376E-1 4.8885E-1 5.1962E-1 5.23753E-1 5.17704E-1 4.8788E-1 4.26131E-1 4.07036E-1 4.42539E-1 4.65531E-1 4.63197E-1 4.1522E-1 4.3799E-1 4.94247E-1 4.03114E-1 3.65503E-1 4.1856E-1 4.1859E-1 3.98756E-1 4.7179E-1 4.97128E-1 5.05223E-1 5.07078E-1 5.02899E-1 5.07022E-1 5.12643E-1 5.15463E-1 5.12231E-1 5.1423E-1 5.12928E-1 5.0616E-1 4.97518E-1 4.97641E-1 5.15205E-1 5.18115E-1 5.14988E-1 5.19437E-1 5.14529E-1 5.12738E-1
0E0 0E0 0E0 0E0 0E0 0E0 0E0 0E0 0E0 0E0 0E0 0E0 0E0 0E0 0E0 5.09378E-5 1.11106E-4 1.58393E-4 1.64409E-4 9.92402E-5 1.14124E-4 9.75111E-2 1.89985E-1 1.89316E-1 1.90937E-1 1.90932E-1 2.69671E-1 2.74661E-1 3.14487E-1 3.15056E-1 1.85848E-1 9.90352E-2 9.94141E-2 1.00096E-1 1.90177E-1 2.85562E-1 3.55914E-1 4.95414E-1 5.11546E-1 5.08502E-1 4.72803E-1 2.59445E-1 1.87976E-1 2.63883E-1 2.61651E-1 3.20454E-1 3.19365E-1 3.63834E-1 3.9757E-1 4.2545E-1 4.04885E-1 3.22E-1 3.22693E-1 2.63208E-1 2.65085E-1 4.57992E-1 4.94271E-1 5.05339E-1 5.077E-1 5.06438E-1 5.0726E-1 5.1059E-1 5.01709E-1 5.03177E-1 5.066E-1 5.06215E-1 5.04474E-1 5.10317E-1 5.09343E-1 5.2151E-1 5.09493E-1 4.89983E-1 4.81076E-1 4.74845E-1 4.68149E-1
0E0 0E0 0E0 0E0 0E0 0E0 0E0 0E0 0E0 0E0 0E0 0E0 2.99986E-4 3.82689E-5 0E0 1.6578E-4 4.76367E-4 1.34481E-4 7.62277E-5 1.95852E-5 1.94E-5 7.37745E-5 9.84772E-2 1.89194E-1 1.00244E-1 6.6274E-4 6.18456E-4 1.27822E-4 9.71825E-2 9.853E-2 9.88987E-2 3.76273E-5 2.45173E-5 8.88401E-5 9.97317E-2 2.83902E-1 4.7701E-1 4.89695E-1 4.91234E-1 4.71298E-1 3.10501E-1 3.99561E-4 5.14355E-4 6.48942E-4 9.0504E-4 9.81437E-2 9.74367E-2 1.86339E-1 2.58913E-1 3.20456E-1 3.23142E-1 1.88228E-1 1.8854E-1 1.92156E-1 2.65902E-1 4.5028E-1 4.86018E-1 4.94179E-1 5.0106E-1 5.04707E-1 5.08621E-1 5.06866E-1 4.99436E-1 4.93821E-1 4.97964E-1 5.06478E-1 5.14892E-1 5.17668E-1 5.19583E-1 5.23089E-1 5.17639E-1 4.83955E-1 3.97527E-1 2.80795E-1 1.97836E-1
0E0 0E0 0E0 0E0 0E0 1.05753E-5 4.23887E-5 1.71539E-5 3.41999E-4 2.83179E-4 6.97945E-5 4.94491E-4 4.32984E-4 6.45998E-4 5.32515E-4 3.86373E-4 4.90535E-4 2.79376E-4 4.26954E-4 1.18279E-4 6.64603E-5 3.47044E-4 1.88482E-1 3.22348E-1 1.0029E-1 2.33486E-4 2.93921E-4 3.80197E-4 3.03438E-4 1.0436E-4 2.56542E-5 0E0 0E0 0E0 8.89964E-5 2.82779E-1 4.41918E-1 4.43113E-1 3.46335E-1 1.85708E-1 2.24485E-4 9.78933E-2 6.25732E-4 5.96296E-4 4.78851E-4 4.80459E-4 4.83471E-4 7.03183E-4 8.78344E-4 9.70559E-2 9.79611E-2 9.91665E-2 1.0007E-1 1.92097E-1 3.29089E-1 4.38907E-1 4.61137E-1 4.67932E-1 4.5604E-1 4.89808E-1 4.86048E-1 4.95812E-1 4.73538E-1 4.55841E-1 4.73062E-1 4.96835E-1 5.07853E-1 5.17173E-1 5.16281E-1 5.19795E-1 5.14122E-1 4.64498E-1 3.46591E-1 1.06233E-1 4.6869E-3
0E0 0E0 0E0 0E0 3.1672E-5 4.97407E-5 4.22893E-5 3.35326E-4 4.20073E-4 7.32664E-4 8.41878E-4 8.66809E-4 1.02416E-3 7.44007E-4 3.47481E-4 4.44869E-4 5.90351E-4 6.04689E-4 6.8695E-4 4.02642E-4 4.26348E-4 5.08063E-4 4.66713E-4 9.94878E-2 1.63933E-4 3.2201E-5 4.64156E-4 5.13468E-4 4.56615E-4 2.82981E-4 9.94241E-5 1.60361E-4 1.28687E-4 0E0 0E0 5.34186E-5 1.02432E-1 1.02463E-1 9.72371E-5 0E0 1.36553E-4 3.92478E-4 5.27062E-4 4.29988E-4 2.55906E-4 2.31319E-4 1.10827E-4 2.14794E-4 4.60739E-4 9.72299E-4 9.08921E-4 8.26914E-4 6.28117E-4 6.9342E-4 1.91302E-1 2.69278E-1 3.81071E-1 4.20637E-1 4.23137E-1 4.28908E-1 3.9075E-1 3.89795E-1 3.39794E-1 2.76214E-1 3.42873E-1 4.5195E-1 4.69524E-1 4.98693E-1 5.06659E-1 5.10687E-1 4.82216E-1 3.49197E-1 1.06452E-1 4.70158E-3 4.52774E-3
0E0 0E0 0E0 1.09142E-5 5.5631E-5 5.23003E-5 2.24509E-6 2.67036E-4 4.0079E-4 5.42517E-4 7.73506E-4 5.03003E-4 3.82209E-4 4.21784E-4 4.97103E-4 1.65874E-4 2.56067E-4 9.87558E-4 1.34128E-3 9.31986E-4 7.73499E-4 1.82636E-4 1.19475E-4 7.34864E-5 2.26347E-5 1.44254E-4 4.41234E-4 5.46494E-4 3.62182E-4 2.26576E-4 5.03251E-5 0E0 0E0 0E0 0E0 0E0 0E0 2.56208E-5 0E0 0E0 0E0 2.36449E-4 3.5339E-4 1.57947E-4 0E0 0E0 0E0 0E0 0E0 1.87324E-4 2.95981E-4 2.72963E-4 3.32603E-4 5.034E-4 8.08551E-4 1.29914E-3 9.94033E-2 2.7043E-1 2.72931E-1 2.7289E-1 2.75451E-1 1.01584E-1 0E0 0E0 4.74347E-3 1.992E-1 2.79277E-1 3.41903E-1 3.94858E-1 4.3665E-1 2.81081E-1 2.71025E-5 0E0 0E0 0E0
0E0 0E0 0E0 0E0 2.46094E-5 3.11681E-5 5.94598E-5 3.2648E-4 6.46662E-4 5.67595E-4 8.18656E-4 5.98169E-4 3.45147E-4 5.35247E-4 1.681E-4 2.14088E-4 6.41978E-5 8.25612E-4 6.74328E-4 8.21559E-4 1.60507E-4 0E0 1.54419E-4 1.08188E-4 1.25538E-4 3.95725E-4 1.79658E-4 4.92858E-4 4.26725E-4 2.78908E-4 2.90311E-5 0E0 0E0 0E0 0E0 0E0 0E0 0E0 0E0 0E0 0E0 8.9641E-5 4.50152E-6 0E0 0E0 0E0 0E0 0E0 0E0 0E0 0E0 0E0 0E0 1.59284E-4 3.5295E-4 5.09727E-4 7.20321E-4 9.86362E-4 1.00018E-1 1.93168E-1 1.96096E-1 0E0 0E0 0E0 1.33336E-6 1.01638E-1 1.01593E-1 2.10306E-5 2.05893E-5 1.50344E-4 7.4085E-4 2.72443E-4 0E0 0E0 0E0
0E0 0E0 0E0 0E0 0E0 0E0 4.26969E-5 5.60783E-4 2.38412E-4 5.2461E-4 3.44097E-4 3.20838E-4 2.76248E-4 4.11251E-4 2.1999E-4 0E0 0E0 0E0 1.14076E-4 1.10773E-4 0E0 0E0 0E0 1.62773E-4 0E0 0E0 0E0 0E0 6.45515E-6 3.97313E-5 5.30344E-5 0E0 0E0 0E0 0E0 0E0 0E0 0E0 0E0 0E0 0E0 0E0 0E0 0E0 0E0 0E0 0E0 0E0 0E0 0E0 0E0 0E0 0E0 0E0 5.44095E-5 1.65136E-4 3.3964E-4 4.94275E-4 3.77632E-4 3.74699E-4 0E0 0E0 0E0 5.16514E-7 2.58765E-5 1.10157E-4 2.907E-5 0E0 0E0 3.40127E-5 1.87936E-3 2.50165E-3 2.86285E-4 0E0 0E0
0E0 0E0 0E0 0E0 0E0 0E0 0E0 0E0 3.63399E-5 2.57111E-4 1.26414E-5 4.2384E-4 1.38991E-5 1.60424E-4 0E0 0E0 0E0 0E0 0E0 0E0 0E0 0E0 0E0 0E0 0E0 0E0 0E0 0E0 0E0 0E0 1.23161E-5 0E0 0E0 0E0 1.97309E-5 6.18823E-6 0E0 0E0 0E0 0E0 0E0 0E0 0E0 0E0 0E0 0E0 0E0 0E0 0E0 0E0 5.67182E-5 0E0 0E0 0E0 0E0 0E0 9.07758E-5 1.69884E-4 1.07474E-4 0E0 0E0 0E0 0E0 1.23548E-5 6.26141E-5 8.73235E-5 2.33262E-5 0E0 0E0 0E0 2.08775E-4 6.3148E-4 4.88635E-6 0E0 0E0
0E0 0E0 0E0 0E0 0E0 0E0 0E0 0E0 0E0 8.01443E-6 0E0 0E0 0E0 0E0 0E0 0E0 0E0 0E0 0E0 0E0 0E0 0E0 0E0 0E0 0E0 0E0 0E0 0E0 0E0 0E0 0E0 0E0 0E0 0E0 0E0 0E0 0E0 0E0 0E0 0E0 0E0 0E0 0E0 0E0 0E0 0E0 0E0 0E0 0E0 2.23195E-4 3.49132E-4 0E0 0E0 0E0 0E0 0E0 0E0 0E0 0E0 0E0 0E0 0E0 0E0 0E0 0E0 0E0 0E0 0E0 0E0 0E0 0E0 0E0 0E0 0E0 0E0
0E0 0E0 0E0 0E0 0E0 0E0 0E0 0E0 0E0 0E0 0E0 0E0 0E0 0E0 0E0 0E0 0E0 0E0 0E0 0E0 0E0 0E0 0E0 0E0 0E0 0E0 0E0 0E0 0E0 0E0 0E0 0E0 0E0 0E0 0E0 0E0 0E0 0E0 0E0 0E0 5.03936E-5 0E0 0E0 0E0 0E0 0E0 0E0 0E0 0E0 2.67662E-4 1.84828E-4 0E0 0E0 0E0 0E0 0E0 4.09154E-3 4.27899E-3 1.77297E-3 1.45496E-3 0E0 0E0 0E0 0E0 0E0 0E0 0E0 0E0 0E0 0E0 0E0 0E0 0E0 0E0 0E0
0E0 0E0 0E0 0E0 0E0 0E0 0E0 0E0 0E0 0E0 0E0 0E0 0E0 0E0 0E0 0E0 0E0 0E0 0E0 0E0 0E0 0E0 0E0 0E0 0E0 0E0 0E0 0E0 0E0 0E0 0E0 0E0 0E0 0E0 0E0 0E0 6.81668E-5 1.56954E-4 1.37001E-4 9.1868E-5 5.07986E-5 0E0 0E0 0E0 0E0 0E0 0E0 0E0 0E0 0E0 7.43227E-4 3.64833E-3 3.68854E-3 2.91774E-3 1.41493E-3 1.24327E-3 4.08059E-3 4.63633E-3 3.96094E-3 3.59858E-3 3.33476E-3 1.20537E-3 1.14991E-3 0E0 0E0 0E0 0E0 0E0 0E0 0E0 0E0 0E0 0E0 0E0 0E0
0E0 0E0 0E0 0E0 0E0 0E0 0E0 0E0 0E0 0E0 0E0 0E0 0E0 0E0 0E0 0E0 0E0 0E0 0E0 0E0 0E0 0E0 0E0 0E0 0E0 0E0 0E0 0E0 0E0 0E0 0E0 0E0 0E0 0E0 0E0 0E0 6.34159E-5 1.47009E-4 1.11021E-4 2.98062E-5 0E0 0E0 0E0 0E0 0E0 0E0 0E0 0E0 0E0 0E0 6.46414E-3 7.00241E-3 3.26769E-3 2.61671E-3 0E0 1.77742E-4 3.42446E-3 6.63488E-3 8.37419E-3 5.9336E-3 1.40584E-3 2.95174E-3 2.82179E-3 0E0 0E0 0E0 0E0 0E0 0E0 0E0 0E0 0E0 0E0 0E0 0E0
3.61868E-5 0E0 0E0 0E0 0E0 0E0 0E0 0E0 0E0 0E0 0E0 0E0 0E0 0E0 0E0 0E0 0E0 0E0 0E0 0E0 0E0 0E0 0E0 0E0 0E0 0E0 0E0 0E0 0E0 0E0 0E0 0E0 0E0 0E0 0E0 0E0 0E0 0E0 0E0 0E0 0E0 0E0 0E0 0E0 0E0 0E0 0E0 0E0 0E0 1.5409E-3 3.59153E-3 1.36881E-4 0E0 0E0 0E0 0E0 5.81225E-4 7.32181E-3 1.02683E-2 4.20383E-3 5.3186E-4 4.32169E-3 4.64476E-3 0E0 0E0 0E0 0E0 0E0 0E0 0E0 0E0 0E0 0E0 0E0 0E0
5.83646E-1 1.63351E-4 7.80371E-5 0E0 0E0 1.38808E-5 2.69976E-5 0E0 0E0 0E0 0E0 0E0 0E0 0E0 0E0 0E0 0E0 0E0 0E0 0E0 0E0 0E0 0E0 0E0 0E0 0E0 0E0 0E0 0E0 0E0 0E0 0E0 0E0 0E0 0E0 0E0 0E0 0E0 0E0 0E0 0E0 0E0 0E0 0E0 0E0 0E0 0E0 0E0 0E0 0E0 0E0 0E0 0E0 0E0 0E0 0E0 0E0 2.67553E-3 6.64523E-3 0E0 0E0 4.67113E-3 4.67661E-3 0E0 0E0 0E0 0E0 0E0 0E0 0E0 0E0 0E0 0E0 0E0 0E0
5.03353E-1 0E0 0E0 0E0 0E0 4.90711E-5 4.18816E-5 1.69163E-5 6.08847E-6 2.39613E-5 8.12587E-5 7.07811E-6 1.18715E-5 9.68884E-5 2.1302E-5 0E0 0E0 0E0 0E0 0E0 0E0 0E0 0E0 0E0 0E0 0E0 0E0 0E0 0E0 0E0 0E0 0E0 0E0 0E0 0E0 0E0 0E0 0E0 0E0 0E0 0E0 0E0 0E0 1.87921E-4 3.90412E-4 2.79746E-4 0E0 0E0 0E0 0E0 0E0 0E0 0E0 0E0 0E0 0E0 0E0 0E0 0E0 0E0 0E0 0E0 4.65459E-3 0E0 0E0 0E0 0E0 0E0 0E0 0E0 0E0 0E0 0E0 0E0 0E0
5.81205E-1 0E0 0E0 0E0 0E0 1.45957E-5 3.12112E-5 3.00857E-6 5.97632E-5 5.13203E-5 5.95421E-6 2.58363E-5 1.75215E-6 2.60777E-4 1.69482E-4 1.50516E-4 0E0 0E0 0E0 0E0 0E0 0E0 0E0 0E0 0E0 0E0 0E0 0E0 0E0 0E0 0E0 0E0 0E0 0E0 0E0 0E0 0E0 0E0 0E0 0E0 0E0 0E0 0E0 0E0 1.88516E-4 0E0 0E0 0E0 0E0 0E0 0E0 0E0 0E0 0E0 0E0 0E0 0E0 0E0 0E0 2.90688E-4 4.60841E-4 0E0 0E0 0E0 0E0 0E0 0E0 0E0 0E0 0E0 0E0 0E0 0E0 0E0 0E0
0E0 0E0 0E0 0E0 0E0 8.03911E-5 3.28951E-4 1.86924E-4 5.88233E-5 5.9287E-5 3.96766E-5 2.65492E-5 1.28607E-5 3.60524E-5 2.49757E-4 2.70926E-4 2.61318E-4 0E0 0E0 0E0 0E0 0E0 0E0 0E0 0E0 0E0 0E0 0E0 0E0 0E0 0E0 0E0 0E0 0E0 0E0 0E0 0E0 0E0 0E0 0E0 0E0 0E0 0E0 0E0 0E0 0E0 0E0 0E0 0E0 0E0 0E0 0E0 0E0 0E0 0E0 0E0 0E0 0E0 0E0 8.20033E-4 2.18958E-3 1.57377E-3 0E0 0E0 0E0 0E0 0E0 0E0 0E0 0E0 0E0 0E0 0E0 0E0 0E0
0E0 0E0 0E0 0E0 0E0 0E0 8.23961E-5 6.12657E-4 4.70822E-5 0E0 0E0 0E0 0E0 0E0 7.9277E-6 3.41303E-4 7.25539E-5 4.72976E-5 0E0 4.10966E-5 0E0 0E0 0E0 0E0 0E0 0E0 0E0 0E0 0E0 0E0 0E0 0E0 0E0 0E0 0E0 0E0 0E0 0E0 0E0 0E0 0E0 0E0 0E0 0E0 0E0 0E0 0E0 0E0 0E0 0E0 0E0 0E0 0E0 1.91188E-3 4.14361E-3 1.95749E-3 0E0 0E0 0E0 6.39842E-4 1.43308E-3 1.0064E-3 0E0 0E0 0E0 0E0 0E0 0E0 0E0 0E0 0E0 0E0 0E0 0E0 0E0
0E0 0E0 0E0 0E0 0E0 0E0 4.82291E-4 5.41683E-4 0E0 0E0 0E0 0E0 0E0 0E0 0E0 2.85235E-5 1.39271E-4 7.79936E-5 0E0 0E0 0E0 0E0 0E0 0E0 0E0 0E0 0E0 0E0 0E0 0E0 0E0 0E0 0E0 0E0 0E0 0E0 0E0 0E0 0E0 0E0 0E0 0E0 0E0 0E0 0E0 0E0 0E0 0E0 0E0 0E0 0E0 0E0 0E0 1.89131E-3 2.91477E-3 1.79103E-3 5.82347E-4 0E0 0E0 0E0 1.20097E-4 0E0 0E0 0E0 0E0 0E0 0E0 0E0 0E0 0E0 0E0 0E0 0E0 0E0 0E0
0E0 0E0 0E0 0E0 0E0 8.22513E-4 7.80335E-4 8.07079E-4 0E0 0E0 0E0 0E0 1.88025E-5 1.74475E-5 0E0 0E0 0E0 0E0 0E0 0E0 0E0 0E0 0E0 0E0 0E0 0E0 0E0 0E0 0E0 0E0 0E0 0E0 0E0 0E0 0E0 0E0 0E0 0E0 0E0 0E0 0E0 0E0 0E0 0E0 0E0 0E0 0E0 0E0 0E0 0E0 0E0 0E0 0E0 0E0 0E0 3.16078E-4 0E0 0E0 0E0 0E0 0E0 0E0 0E0 0E0 0E0 0E0 0E0 0E0 0E0 0E0 0E0 0E0 0E0 0E0 0E0
