_episodes_rmd/output/experiment_small/species_big_extent.asc
ncols         660
nrows         720
xllcorner     -130.0
yllcorner     -60.0
cellsize      0.166666666666667
NODATA_value  -9999
[rows 341 to 371 of 720, columns 414 to 482 of 660]
4.11554E-1 4.0875E-1 4.18002E-1 4.03785E-1 3.79886E-1 3.75375E-1 3.85516E-1 4.04001E-1 4.41629E-1 4.71507E-1 4.64568E-1 4.61826E-1 4.33366E-1 4.25343E-1 4.26051E-1 4.34921E-1 4.38991E-1 4.35298E-1 4.6673E-1 4.67543E-1 4.59519E-1 4.54611E-1 4.50877E-1 4.46577E-1 4.41597E-1 4.4509E-1 4.3248E-1 4.32273E-1 4.1806E-1 4.0623E-1 4.10429E-1 4.02236E-1 4.02003E-1 4.08958E-1 4.12067E-1 4.13545E-1 4.21297E-1 4.15576E-1 4.16343E-1 4.14192E-1 4.29045E-1 4.37075E-1 4.48679E-1 4.63363E-1 4.66652E-1 4.76359E-1 4.78329E-1 4.83183E-1 4.91954E-1 4.85339E-1 4.9546E-1 4.90209E-1 4.87871E-1 4.9173E-1 4.96107E-1 5.04518E-1 5.10429E-1 5.1251E-1 3.02096E-1 2.95381E-1 2.91053E-1 -9999 -9999 -9999 -9999 -9999 -9999 -9999 -9999
4.37866E-1 4.50399E-1 4.4792E-1 4.0475E-1 3.76312E-1 3.85247E-1 3.77039E-1 3.94205E-1 4.03492E-1 4.12118E-1 4.5419E-1 4.50128E-1 4.35112E-1 4.34896E-1 4.23733E-1 4.54493E-1 4.45551E-1 4.41314E-1 4.75352E-1 4.68501E-1 4.64315E-1 4.55719E-1 4.4713E-1 4.50689E-1 4.50804E-1 4.49639E-1 4.42538E-1 4.32707E-1 4.35296E-1 4.05192E-1 4.05033E-1 4.15707E-1 4.17641E-1 4.16506E-1 4.20266E-1 4.19703E-1 4.22489E-1 4.19978E-1 4.22099E-1 4.19785E-1 4.36862E-1 4.37381E-1 4.54131E-1 4.56133E-1 4.65268E-1 4.67145E-1 4.70484E-1 4.74664E-1 4.82796E-1 4.83915E-1 4.82384E-1 4.87252E-1 4.81233E-1 4.88766E-1 4.9478E-1 5.01148E-1 5.02483E-1 5.17735E-1 3.00529E-1 2.95289E-1 2.88371E-1 -9999 -9999 -9999 -9999 -9999 -9999 -9999 -9999
4.44201E-1 4.53033E-1 4.44046E-1 4.09293E-1 3.87856E-1 3.87548E-1 3.97812E-1 3.94707E-1 4.17609E-1 4.3567E-1 4.49159E-1 4.3859E-1 4.36134E-1 4.3416E-1 4.29165E-1 4.52605E-1 4.55323E-1 4.43471E-1 4.41754E-1 4.73618E-1 4.57357E-1 4.48024E-1 4.51721E-1 4.47796E-1 4.45315E-1 4.46279E-1 4.43775E-1 4.45924E-1 4.26983E-1 4.2048E-1 4.15664E-1 3.94919E-1 4.18931E-1 4.30272E-1 4.32103E-1 4.30765E-1 4.29763E-1 4.30355E-1 4.21157E-1 4.33535E-1 4.33492E-1 4.43447E-1 4.46255E-1 4.57167E-1 4.58715E-1 4.65237E-1 4.64302E-1 4.70549E-1 4.73992E-1 4.74652E-1 4.74199E-1 4.78257E-1 4.83085E-1 4.79174E-1 4.88005E-1 4.97894E-1 5.06232E-1 5.07643E-1 3.00622E-1 2.92861E-1 2.86045E-1 2.57797E-1 -9999 -9999 -9999 -9999 -9999 -9999 -9999
4.50888E-1 4.56513E-1 4.52623E-1 4.23014E-1 3.98082E-1 4.0968E-1 3.99855E-1 4.05255E-1 4.11019E-1 4.359E-1 4.56697E-1 4.63662E-1 4.4601E-1 4.39356E-1 4.44391E-1 4.4932E-1 4.4047E-1 4.39291E-1 4.35589E-1 4.37168E-1 4.52325E-1 4.55257E-1 4.57498E-1 4.54995E-1 4.51655E-1 4.49461E-1 4.57801E-1 4.50299E-1 4.48629E-1 4.38842E-1 4.0437E-1 4.11409E-1 4.31932E-1 4.31855E-1 4.39955E-1 4.35207E-1 4.3893E-1 4.32087E-1 4.4104E-1 4.3694E-1 4.32558E-1 4.43471E-1 4.43245E-1 4.5418E-1 4.56022E-1 4.64102E-1 4.64912E-1 4.66544E-1 4.67245E-1 4.80051E-1 4.74951E-1 4.79038E-1 4.81865E-1 4.82246E-1 4.86147E-1 4.91354E-1 5.01954E-1 5.05866E-1 2.98681E-1 2.84006E-1 2.69733E-1 2.54487E-1 -9999 -9999 -9999 -9999 -9999 -9999 -9999
4.54617E-1 4.63024E-1 4.36369E-1 4.23752E-1 4.14238E-1 3.95911E-1 3.95805E-1 4.06772E-1 4.11296E-1 4.27646E-1 4.51388E-1 4.57979E-1 4.46917E-1 4.52486E-1 4.47003E-1 4.3778E-1 4.46144E-1 4.39672E-1 4.35284E-1 4.31013E-1 4.60455E-1 4.54763E-1 4.60358E-1 4.55377E-1 4.641E-1 4.54608E-1 4.58795E-1 4.61716E-1 4.54574E-1 4.4876E-1 4.26086E-1 4.27869E-1 4.25433E-1 4.43682E-1 4.44346E-1 4.34466E-1 4.29807E-1 4.28006E-1 4.28817E-1 4.43717E-1 4.39673E-1 4.34793E-1 4.44057E-1 4.47846E-1 4.49408E-1 4.51748E-1 4.61298E-1 4.64411E-1 4.68406E-1 4.6725E-1 4.71175E-1 4.79403E-1 4.78879E-1 4.78838E-1 4.91203E-1 4.95898E-1 4.95651E-1 4.96649E-1 2.91518E-1 2.66309E-1 2.5138E-1 2.28031E-1 -9999 -9999 -9999 -9999 -9999 -9999 -9999
4.533E-1 4.3802E-1 4.32217E-1 4.32674E-1 4.20842E-1 4.07702E-1 4.10043E-1 4.18261E-1 4.29486E-1 4.3832E-1 4.64479E-1 4.56035E-1 4.53251E-1 4.52189E-1 4.48364E-1 4.54242E-1 4.44769E-1 4.42567E-1 4.31695E-1 4.31038E-1 4.63906E-1 4.59869E-1 4.56392E-1 4.67001E-1 4.63199E-1 4.54448E-1 4.52918E-1 4.62494E-1 4.5739E-1 4.54508E-1 4.56643E-1 4.46202E-1 4.29938E-1 4.49115E-1 4.43511E-1 4.3946E-1 4.4086E-1 4.39065E-1 4.22111E-1 4.32058E-1 4.42198E-1 4.35709E-1 4.41785E-1 4.44023E-1 4.47272E-1 4.47711E-1 4.5672E-1 4.59089E-1 4.7182E-1 4.72701E-1 4.73096E-1 4.79009E-1 4.8603E-1 4.87203E-1 4.91686E-1 4.86721E-1 4.7899E-1 4.80054E-1 2.5712E-1 2.53746E-1 2.28527E-1 2.21715E-1 1.47387E-1 1.41613E-1 -9999 -9999 -9999 -9999 -9999
4.33109E-1 4.45828E-1 4.26057E-1 4.21929E-1 4.24204E-1 4.13193E-1 4.11843E-1 4.22509E-1 4.36268E-1 4.50778E-1 4.66765E-1 4.56476E-1 4.50093E-1 4.54556E-1 4.57589E-1 4.45838E-1 4.43328E-1 4.3766E-1 4.41663E-1 4.68972E-1 4.63665E-1 4.61085E-1 4.67582E-1 4.73172E-1 4.62889E-1 4.66685E-1 4.68329E-1 4.57013E-1 4.56625E-1 4.62445E-1 4.59929E-1 4.60355E-1 4.52303E-1 4.38117E-1 4.44582E-1 4.43884E-1 4.43509E-1 4.36641E-1 4.3768E-1 4.42992E-1 4.42908E-1 4.36521E-1 4.31047E-1 4.44261E-1 4.35722E-1 4.43553E-1 4.5341E-1 4.5541E-1 4.59848E-1 4.70959E-1 4.67814E-1 4.74281E-1 4.74855E-1 4.79087E-1 4.72971E-1 4.75209E-1 4.60126E-1 4.51779E-1 4.47593E-1 2.34758E-1 2.1987E-1 2.11993E-1 1.34667E-1 1.24885E-1 1.17125E-1 -9999 -9999 -9999 -9999
4.1588E-1 4.16363E-1 4.12636E-1 4.13484E-1 4.16697E-1 4.10456E-1 4.19919E-1 4.22798E-1 4.42784E-1 4.41767E-1 4.65733E-1 4.60165E-1 4.61106E-1 4.54255E-1 4.57401E-1 4.50434E-1 4.53009E-1 4.42416E-1 4.38647E-1 4.64402E-1 4.60878E-1 4.80658E-1 4.71679E-1 4.6908E-1 4.65482E-1 4.67089E-1 4.75711E-1 4.67703E-1 4.67815E-1 4.6502E-1 4.60742E-1 4.59993E-1 4.49214E-1 4.49906E-1 4.42639E-1 4.47134E-1 4.40844E-1 4.38115E-1 3.97237E-1 4.37124E-1 4.32028E-1 4.38949E-1 4.14435E-1 4.23799E-1 4.43093E-1 4.37942E-1 4.47865E-1 4.58572E-1 4.63346E-1 4.68126E-1 4.74695E-1 4.74453E-1 4.71297E-1 4.64635E-1 4.60693E-1 4.53112E-1 4.44675E-1 4.38938E-1 4.07635E-1 2.10012E-1 1.56158E-1 1.36429E-1 1.26265E-1 1.17345E-1 1.03805E-1 -9999 -9999 -9999 -9999
4.10478E-1 4.13718E-1 4.17559E-1 4.13505E-1 4.00846E-1 4.17096E-1 4.17663E-1 4.26834E-1 4.47119E-1 4.45826E-1 4.64035E-1 4.58702E-1 4.54656E-1 4.50519E-1 4.48141E-1 4.5801E-1 4.55614E-1 4.46045E-1 4.42572E-1 4.48757E-1 4.76766E-1 4.76435E-1 4.68867E-1 4.71216E-1 4.67644E-1 4.68786E-1 4.7278E-1 4.75977E-1 4.69897E-1 4.66078E-1 4.63701E-1 4.60741E-1 4.50422E-1 4.51402E-1 4.47736E-1 4.39749E-1 4.41509E-1 4.43279E-1 4.31726E-1 4.40963E-1 4.41466E-1 4.33393E-1 4.29721E-1 4.16178E-1 4.25639E-1 4.43253E-1 4.48824E-1 4.58722E-1 4.58378E-1 4.60661E-1 4.71177E-1 4.6144E-1 4.69867E-1 4.5223E-1 4.58441E-1 4.29162E-1 4.21537E-1 3.95721E-1 3.71873E-1 2.74476E-1 2.73456E-1 1.15376E-1 1.09807E-1 1.0035E-1 8.75693E-2 7.82763E-2 7.5927E-2 -9999 -9999
3.90325E-1 4.03312E-1 4.06503E-1 3.97013E-1 4.01012E-1 4.0132E-1 4.20383E-1 4.22327E-1 4.34675E-1 4.55321E-1 4.50069E-1 4.59991E-1 4.6465E-1 4.54173E-1 4.64562E-1 4.67189E-1 4.73731E-1 4.63941E-1 4.62977E-1 4.55983E-1 4.50694E-1 4.71789E-1 4.74795E-1 4.76418E-1 4.72087E-1 4.63537E-1 4.75894E-1 4.78948E-1 4.73179E-1 4.67587E-1 4.6373E-1 4.56295E-1 4.60843E-1 4.52206E-1 4.51929E-1 4.41584E-1 4.44399E-1 4.40788E-1 3.98928E-1 4.05842E-1 4.34659E-1 4.21765E-1 4.11676E-1 4.10802E-1 4.19901E-1 4.25563E-1 4.35066E-1 4.41572E-1 4.46974E-1 4.5337E-1 4.59776E-1 4.59645E-1 4.54821E-1 4.51149E-1 4.39639E-1 4.06465E-1 3.83169E-1 3.04764E-1 2.82201E-1 2.54172E-1 2.30645E-1 2.03377E-1 1.98667E-1 8.42043E-2 8.34435E-2 7.1783E-2 7.16907E-2 -9999 -9999
3.91585E-1 3.91506E-1 3.90519E-1 3.90279E-1 3.94713E-1 4.11025E-1 4.13646E-1 4.22216E-1 4.3724E-1 4.57517E-1 4.6969E-1 4.6614E-1 4.56839E-1 4.62401E-1 4.6586E-1 4.6947E-1 4.68508E-1 4.6996E-1 4.92389E-1 4.87607E-1 4.79372E-1 4.722E-1 4.74353E-1 4.70858E-1 4.7206E-1 4.74636E-1 4.75196E-1 4.75782E-1 4.70219E-1 4.70949E-1 4.6583E-1 4.56337E-1 4.59676E-1 4.52999E-1 4.48564E-1 4.41081E-1 4.38308E-1 4.34315E-1 3.96878E-1 3.96125E-1 4.23719E-1 3.97839E-1 4.06748E-1 4.04871E-1 4.16205E-1 4.2008E-1 4.31961E-1 4.41311E-1 4.48877E-1 4.48083E-1 4.41268E-1 4.56384E-1 4.5343E-1 4.43141E-1 4.23823E-1 3.92874E-1 3.09456E-1 2.70336E-1 2.40238E-1 2.09828E-1 1.94074E-1 1.84708E-1 1.75928E-1 1.67139E-1 6.96229E-2 6.75753E-2 6.78716E-2 -9999 -9999
3.73463E-1 3.79806E-1 3.89184E-1 3.74643E-1 3.77336E-1 3.90875E-1 4.06638E-1 4.22751E-1 4.36957E-1 4.4891E-1 4.42167E-1 4.71776E-1 4.71905E-1 4.8002E-1 4.66334E-1 4.71834E-1 4.79498E-1 4.81461E-1 5.01836E-1 4.89926E-1 4.90599E-1 4.72465E-1 4.82736E-1 4.78716E-1 4.74068E-1 4.84044E-1 4.78403E-1 4.84771E-1 4.79691E-1 4.63754E-1 4.64608E-1 4.55207E-1 4.50334E-1 4.47517E-1 4.49822E-1 4.15073E-1 4.38733E-1 3.99645E-1 3.97596E-1 4.198E-1 4.17874E-1 4.0221E-1 4.05347E-1 4.07134E-1 4.04517E-1 4.18747E-1 4.23575E-1 4.29653E-1 4.31093E-1 4.38494E-1 4.3544E-1 4.49331E-1 4.40778E-1 4.26197E-1 4.11379E-1 3.14413E-1 2.62795E-1 2.47324E-1 2.09136E-1 1.80376E-1 1.65273E-1 1.59736E-1 1.64198E-1 1.54222E-1 1.47295E-1 6.62296E-2 6.10474E-2 -9999 -9999
3.71555E-1 3.71584E-1 3.76088E-1 3.7634E-1 3.85155E-1 3.98758E-1 4.08107E-1 4.34673E-1 4.40311E-1 4.44956E-1 4.57251E-1 4.60106E-1 4.79107E-1 4.74923E-1 4.70221E-1 4.87595E-1 4.86464E-1 4.87588E-1 4.86294E-1 5.01472E-1 4.96816E-1 4.93746E-1 4.88006E-1 4.8569E-1 4.83235E-1 4.79356E-1 4.86768E-1 4.86591E-1 4.76747E-1 4.77669E-1 4.68292E-1 4.47877E-1 4.49367E-1 4.46524E-1 4.24282E-1 4.36756E-1 4.33203E-1 4.05611E-1 4.23205E-1 4.19633E-1 3.96673E-1 3.96507E-1 3.99938E-1 4.00742E-1 4.02472E-1 4.04292E-1 4.11353E-1 4.16481E-1 4.26302E-1 4.23603E-1 4.30294E-1 4.42412E-1 4.31586E-1 3.53301E-1 3.11686E-1 2.93027E-1 2.37114E-1 2.00223E-1 1.82488E-1 1.64342E-1 1.42613E-1 1.40441E-1 1.38264E-1 1.34964E-1 1.31352E-1 1.36047E-1 6.08534E-2 -9999 -9999
3.78043E-1 3.62496E-1 3.60399E-1 3.8068E-1 3.96243E-1 3.95792E-1 4.07882E-1 4.22502E-1 4.32711E-1 4.55696E-1 4.7114E-1 4.67449E-1 4.89241E-1 4.84345E-1 4.84393E-1 4.91216E-1 4.79816E-1 4.95257E-1 5.10651E-1 5.14439E-1 5.0054E-1 5.04246E-1 5.01539E-1 4.87448E-1 4.91972E-1 4.89857E-1 4.93402E-1 4.89309E-1 4.82126E-1 4.70935E-1 4.63022E-1 4.60177E-1 4.5022E-1 4.4595E-1 4.29117E-1 4.29692E-1 4.11188E-1 4.07538E-1 4.0517E-1 3.94228E-1 3.94219E-1 3.93236E-1 3.79528E-1 4.03915E-1 3.96012E-1 3.95617E-1 4.06591E-1 4.08559E-1 4.21431E-1 4.24767E-1 4.25434E-1 3.57676E-1 3.55841E-1 3.25791E-1 3.04964E-1 2.6037E-1 2.069E-1 1.85629E-1 1.57125E-1 1.41796E-1 1.3596E-1 1.25979E-1 1.26748E-1 1.31912E-1 1.33503E-1 1.31654E-1 5.73212E-2 -9999 -9999
2.94902E-1 3.64452E-1 3.65528E-1 3.92276E-1 3.80474E-1 4.07479E-1 4.2567E-1 4.27451E-1 4.32189E-1 4.49733E-1 4.64819E-1 4.82457E-1 4.85725E-1 4.92064E-1 4.84056E-1 4.79867E-1 4.92816E-1 5.02359E-1 5.16093E-1 5.16498E-1 5.17646E-1 5.15014E-1 5.04007E-1 5.01736E-1 4.95563E-1 4.90151E-1 4.97412E-1 4.97577E-1 4.94358E-1 4.83543E-1 4.74745E-1 4.6702E-1 4.56906E-1 4.43574E-1 4.36562E-1 4.30023E-1 4.27459E-1 4.13305E-1 4.09033E-1 4.00626E-1 3.99798E-1 4.03035E-1 3.85239E-1 3.87841E-1 3.98198E-1 3.95821E-1 3.93017E-1 3.95189E-1 3.93229E-1 4.12196E-1 3.48503E-1 3.47659E-1 3.34003E-1 3.05148E-1 2.71242E-1 2.31033E-1 1.98498E-1 1.66084E-1 1.31538E-1 1.24491E-1 1.28153E-1 1.25945E-1 1.28898E-1 1.31508E-1 1.29295E-1 1.27831E-1 -9999 -9999 -9999
3.05659E-1 3.05667E-1 3.76521E-1 3.77916E-1 3.84902E-1 4.05136E-1 4.3445E-1 4.38861E-1 4.38021E-1 4.47492E-1 4.61806E-1 4.66297E-1 4.79423E-1 4.74093E-1 4.78999E-1 4.79196E-1 4.74437E-1 4.86747E-1 5.07027E-1 5.25997E-1 5.03204E-1 5.23125E-1 5.16686E-1 5.24429E-1 5.07216E-1 5.05232E-1 5.07063E-1 5.08958E-1 5.02598E-1 4.90156E-1 4.83389E-1 4.70255E-1 4.59136E-1 4.45591E-1 4.33863E-1 4.33093E-1 4.21349E-1 4.17027E-1 4.02643E-1 3.88428E-1 3.9942E-1 3.91087E-1 4.00301E-1 3.87397E-1 3.8446E-1 3.86946E-1 3.84629E-1 3.94027E-1 3.96991E-1 3.36448E-1 3.48069E-1 3.3005E-1 3.10535E-1 2.7343E-1 2.50847E-1 2.14941E-1 1.81853E-1 1.42391E-1 1.38266E-1 1.25726E-1 1.29667E-1 1.27939E-1 1.2127E-1 1.28691E-1 1.28024E-1 1.23066E-1 -9999 -9999 -9999
3.10372E-1 3.04635E-1 3.09963E-1 3.94069E-1 4.05006E-1 4.33207E-1 4.28656E-1 4.30546E-1 4.43931E-1 4.34759E-1 4.65086E-1 4.75737E-1 4.71166E-1 4.77032E-1 4.69851E-1 4.75378E-1 4.79882E-1 4.70738E-1 5.03786E-1 5.14915E-1 5.19182E-1 5.36189E-1 5.21585E-1 5.23449E-1 5.16502E-1 5.2044E-1 5.09905E-1 5.07892E-1 5.03491E-1 4.90566E-1 4.98101E-1 4.77723E-1 4.63683E-1 4.54803E-1 4.42482E-1 4.31176E-1 4.26219E-1 4.1991E-1 4.05043E-1 3.9475E-1 3.9221E-1 3.88806E-1 3.93305E-1 3.86728E-1 3.95931E-1 3.75049E-1 3.75984E-1 3.75402E-1 3.23852E-1 3.23756E-1 3.29994E-1 3.07206E-1 3.05528E-1 2.69539E-1 2.48842E-1 1.96063E-1 1.61965E-1 1.43303E-1 1.30986E-1 1.32276E-1 1.29917E-1 1.21753E-1 1.21884E-1 1.26954E-1 1.25525E-1 1.2205E-1 5.41656E-2 5.20337E-2 5.43793E-2
2.96975E-1 3.05816E-1 3.08536E-1 3.2878E-1 3.49004E-1 4.44263E-1 3.56453E-1 4.28191E-1 4.45307E-1 4.46196E-1 4.55354E-1 4.70401E-1 4.72647E-1 4.62242E-1 4.70053E-1 4.72756E-1 4.71788E-1 4.85212E-1 4.96048E-1 5.09052E-1 5.14562E-1 5.25986E-1 5.38389E-1 5.371E-1 5.33391E-1 5.3465E-1 5.22473E-1 5.22404E-1 5.14009E-1 5.09358E-1 5.01665E-1 4.88397E-1 4.69973E-1 4.55409E-1 4.52961E-1 4.31495E-1 4.31685E-1 4.13918E-1 4.08188E-1 4.05378E-1 3.82939E-1 3.87274E-1 3.89483E-1 3.92352E-1 3.88659E-1 3.83573E-1 3.74783E-1 3.05631E-1 2.95851E-1 3.13913E-1 3.05188E-1 2.95926E-1 2.77836E-1 2.53018E-1 2.31331E-1 1.98618E-1 1.67989E-1 1.50553E-1 1.37971E-1 1.33473E-1 1.20762E-1 1.17155E-1 1.32984E-1 1.27858E-1 1.27541E-1 1.23784E-1 5.57992E-2 5.368E-2 5.36731E-2
3.05226E-1 2.983E-1 3.1046E-1 3.26195E-1 3.6811E-1 3.5752E-1 3.57551E-1 4.23631E-1 4.23631E-1 4.35724E-1 4.39902E-1 4.63964E-1 4.74329E-1 4.77467E-1 4.70812E-1 4.90832E-1 4.89891E-1 5.08851E-1 5.18313E-1 5.1736E-1 5.27624E-1 5.26532E-1 5.24855E-1 5.40842E-1 5.47227E-1 5.392E-1 5.37915E-1 5.52607E-1 5.45144E-1 5.24676E-1 5.14667E-1 5.02835E-1 4.9199E-1 4.72494E-1 4.50854E-1 4.46024E-1 4.27364E-1 4.18645E-1 4.02805E-1 3.92525E-1 3.90654E-1 3.88744E-1 3.92175E-1 3.92158E-1 3.7734E-1 3.78895E-1 2.96319E-1 2.93245E-1 2.87064E-1 2.89611E-1 2.89106E-1 2.86346E-1 2.76708E-1 2.35658E-1 2.10689E-1 1.87921E-1 1.65834E-1 1.51085E-1 1.36642E-1 1.20615E-1 1.20062E-1 1.20292E-1 5.75306E-2 5.84288E-2 5.54518E-2 1.18621E-1 5.45978E-2 5.56944E-2 5.60036E-2
3.17319E-1 3.27222E-1 3.38385E-1 3.49972E-1 3.45281E-1 3.43257E-1 3.70749E-1 3.61294E-1 3.51266E-1 3.51921E-1 3.48465E-1 4.32587E-1 4.63767E-1 4.87682E-1 4.80386E-1 5.03031E-1 4.83421E-1 4.92807E-1 5.12666E-1 5.21373E-1 5.35751E-1 5.22219E-1 5.24227E-1 5.39303E-1 5.35066E-1 5.43277E-1 5.45955E-1 5.56E-1 5.54156E-1 5.41598E-1 5.25799E-1 5.09244E-1 4.8936E-1 4.73118E-1 4.61003E-1 4.35685E-1 4.271E-1 4.07881E-1 3.98948E-1 3.91957E-1 3.85324E-1 3.80651E-1 3.79823E-1 3.8477E-1 3.6272E-1 3.73392E-1 3.02822E-1 2.93875E-1 2.61984E-1 2.71921E-1 2.6172E-1 2.68953E-1 2.62291E-1 2.33515E-1 1.9925E-1 1.88552E-1 1.62128E-1 1.50788E-1 1.38058E-1 1.33063E-1 1.28554E-1 5.84322E-2 5.80436E-2 6.82108E-2 6.44217E-2 6.08626E-2 5.65027E-2 5.79489E-2 5.79115E-2
3.63071E-1 3.43085E-1 3.31706E-1 3.45013E-1 3.48932E-1 3.47392E-1 3.48465E-1 3.65513E-1 3.64139E-1 3.42921E-1 3.56315E-1 4.30259E-1 4.67911E-1 4.85122E-1 4.76636E-1 4.714E-1 5.00642E-1 5.00582E-1 5.38629E-1 5.22951E-1 5.55346E-1 5.41062E-1 5.34851E-1 5.43073E-1 5.44902E-1 5.48049E-1 5.52607E-1 5.50285E-1 5.80572E-1 5.68187E-1 5.47771E-1 5.31784E-1 5.01107E-1 4.81262E-1 4.59119E-1 4.43605E-1 4.30374E-1 4.02022E-1 3.81988E-1 3.8403E-1 3.72835E-1 3.63186E-1 3.53321E-1 3.58631E-1 3.00149E-1 3.53742E-1 2.74197E-1 2.8684E-1 2.85102E-1 2.76763E-1 2.63016E-1 2.73392E-1 2.78948E-1 2.43248E-1 2.16657E-1 1.81333E-1 1.69929E-1 1.60976E-1 1.48589E-1 1.52768E-1 1.52027E-1 6.63035E-2 7.37472E-2 7.74309E-2 7.42757E-2 6.58415E-2 6.4535E-2 6.45303E-2 6.06757E-2
3.53368E-1 3.33867E-1 3.42122E-1 3.36662E-1 3.35329E-1 3.3862E-1 3.61828E-1 3.60919E-1 3.56332E-1 3.64773E-1 3.44577E-1 4.41784E-1 4.76668E-1 4.69763E-1 4.51096E-1 4.83126E-1 4.80353E-1 4.75701E-1 5.02929E-1 5.53745E-1 5.27739E-1 5.29027E-1 5.19596E-1 4.66498E-1 4.5941E-1 4.69402E-1 4.78213E-1 4.91558E-1 4.96551E-1 5.5577E-1 5.50573E-1 5.32504E-1 5.15509E-1 4.78128E-1 4.54197E-1 4.34894E-1 4.04978E-1 3.85341E-1 3.69915E-1 3.57454E-1 3.55698E-1 3.67961E-1 3.64009E-1 3.45363E-1 2.9208E-1 3.0207E-1 3.02749E-1 2.88545E-1 2.91856E-1 2.90688E-1 3.05339E-1 3.10699E-1 2.72685E-1 2.28493E-1 2.21759E-1 1.89847E-1 1.85298E-1 1.77857E-1 1.74617E-1 1.86512E-1 1.92317E-1 8.34309E-2 8.37898E-2 9.24027E-2 8.82202E-2 7.63221E-2 6.99826E-2 6.53028E-2 6.51486E-2
2.88014E-1 3.35932E-1 3.35466E-1 3.42287E-1 3.49424E-1 3.64612E-1 3.6593E-1 3.44975E-1 3.64735E-1 3.68976E-1 3.5908E-1 3.64183E-1 3.85417E-1 3.79058E-1 4.49379E-1 4.49452E-1 4.78742E-1 4.76017E-1 4.67673E-1 4.8201E-1 4.95803E-1 5.14533E-1 4.40287E-1 4.51433E-1 4.584E-1 4.71135E-1 4.66604E-1 4.84995E-1 4.66334E-1 5.02945E-1 5.58538E-1 5.37943E-1 5.04083E-1 4.84001E-1 4.50758E-1 4.33601E-1 4.08536E-1 3.72692E-1 3.63289E-1 3.51032E-1 3.43885E-1 3.53298E-1 3.54554E-1 2.85336E-1 2.68926E-1 2.82713E-1 3.04048E-1 3.65306E-1 3.01123E-1 3.14373E-1 2.70989E-1 2.77633E-1 2.53364E-1 2.29396E-1 2.2779E-1 2.2138E-1 2.20974E-1 2.20631E-1 2.19101E-1 2.19885E-1 2.26221E-1 2.47166E-1 1.13598E-1 1.04729E-1 1.03764E-1 9.6463E-2 7.73922E-2 7.27222E-2 6.60549E-2
2.76314E-1 3.43725E-1 3.39057E-1 3.34795E-1 3.39157E-1 3.55563E-1 3.55823E-1 3.44759E-1 3.67867E-1 3.64914E-1 3.49518E-1 3.41811E-1 3.64313E-1 3.91934E-1 3.71106E-1 3.77421E-1 4.6648E-1 4.74674E-1 4.70745E-1 4.65877E-1 4.73303E-1 4.86494E-1 5.00155E-1 4.42532E-1 4.37284E-1 4.50221E-1 4.50629E-1 4.53142E-1 4.6169E-1 4.74003E-1 4.91805E-1 5.38454E-1 5.15158E-1 4.79784E-1 4.57265E-1 4.30164E-1 3.95257E-1 3.69041E-1 3.51794E-1 3.2374E-1 3.28905E-1 3.39248E-1 2.75356E-1 2.62037E-1 2.69682E-1 2.92421E-1 2.94562E-1 2.98381E-1 2.80227E-1 2.75694E-1 2.58391E-1 2.64523E-1 2.64908E-1 2.55052E-1 2.53421E-1 2.49517E-1 2.56652E-1 2.71397E-1 2.70247E-1 2.8307E-1 3.00503E-1 3.01598E-1 2.99614E-1 1.40688E-1 1.33158E-1 1.11438E-1 9.67129E-2 8.49644E-2 7.10824E-2
2.83341E-1 2.7965E-1 3.33406E-1 3.35327E-1 3.51948E-1 3.73186E-1 3.68927E-1 3.81168E-1 3.78379E-1 3.51745E-1 3.49133E-1 3.56073E-1 3.51496E-1 3.81582E-1 3.75386E-1 3.59065E-1 3.84877E-1 4.54688E-1 4.71535E-1 4.81196E-1 4.62945E-1 4.92699E-1 4.73864E-1 4.08714E-1 4.2667E-1 4.53377E-1 4.48691E-1 4.59145E-1 4.5562E-1 4.59669E-1 4.67397E-1 5.36041E-1 5.17625E-1 4.93658E-1 4.62336E-1 4.38589E-1 3.9675E-1 3.7311E-1 3.33704E-1 3.16386E-1 3.21555E-1 3.28258E-1 3.39221E-1 3.38065E-1 3.4551E-1 2.85622E-1 2.82901E-1 2.70435E-1 2.46564E-1 2.46864E-1 2.71417E-1 2.61413E-1 2.84463E-1 2.67373E-1 2.7131E-1 2.78316E-1 2.89418E-1 3.04074E-1 3.05076E-1 3.20332E-1 3.35535E-1 3.4121E-1 3.06862E-1 3.48891E-1 3.36902E-1 1.41397E-1 1.22122E-1 1.02768E-1 8.74208E-2
2.8826E-1 2.9741E-1 3.45368E-1 3.66834E-1 3.63511E-1 3.76065E-1 3.86818E-1 3.72985E-1 3.66032E-1 3.6328E-1 3.61378E-1 3.68823E-1 3.55449E-1 3.55909E-1 3.53989E-1 3.56742E-1 3.63573E-1 3.61305E-1 3.7714E-1 3.86136E-1 4.56452E-1 4.48599E-1 4.46109E-1 4.53032E-1 4.06087E-1 4.7331E-1 4.36156E-1 4.31915E-1 4.27544E-1 4.37956E-1 4.49835E-1 5.37298E-1 5.07E-1 5.00253E-1 4.73911E-1 4.45001E-1 4.06997E-1 3.66684E-1 3.44943E-1 3.26716E-1 2.66629E-1 2.70358E-1 3.45853E-1 3.38923E-1 2.71474E-1 2.56165E-1 2.36952E-1 2.2807E-1 2.41357E-1 2.71533E-1 2.48864E-1 2.643E-1 2.7213E-1 2.85874E-1 2.91969E-1 3.0307E-1 3.01875E-1 3.39367E-1 3.54394E-1 2.99955E-1 3.05788E-1 3.10553E-1 3.08125E-1 3.22305E-1 3.7159E-1 3.20897E-1 2.76849E-1 1.11349E-1 2.13139E-1
3.04468E-1 3.02637E-1 3.12115E-1 2.97319E-1 3.21816E-1 3.25242E-1 3.38231E-1 3.78111E-1 3.68516E-1 3.84776E-1 3.51449E-1 3.37656E-1 3.3816E-1 3.46833E-1 3.43363E-1 3.46729E-1 3.48505E-1 3.32226E-1 3.5097E-1 3.30474E-1 3.45725E-1 3.56218E-1 3.41459E-1 3.66369E-1 3.79199E-1 3.80477E-1 4.5224E-1 4.67927E-1 4.70443E-1 4.78704E-1 4.83671E-1 4.76358E-1 4.44708E-1 4.63316E-1 4.60516E-1 4.43523E-1 4.20581E-1 4.05208E-1 3.61888E-1 2.70433E-1 2.80403E-1 2.65776E-1 2.66579E-1 2.57392E-1 2.43341E-1 2.45821E-1 2.32369E-1 2.21548E-1 2.22312E-1 2.63725E-1 2.70194E-1 2.65888E-1 2.8128E-1 2.96637E-1 3.05943E-1 3.15917E-1 3.2783E-1 3.47419E-1 3.87389E-1 3.07571E-1 4.50018E-1 3.87058E-1 4.0855E-1 4.17947E-1 3.91115E-1 3.38796E-1 3.07934E-1 2.58069E-1 2.20714E-1
3.11014E-1 3.0004E-1 3.23137E-1 3.14482E-1 3.3883E-1 3.343E-1 3.16737E-1 3.13801E-1 3.60393E-1 3.88171E-1 3.56083E-1 3.32427E-1 3.35852E-1 3.43773E-1 3.39665E-1 3.53391E-1 3.4613E-1 3.20544E-1 3.0422E-1 3.00134E-1 3.11525E-1 3.33074E-1 3.22093E-1 3.26113E-1 3.24629E-1 3.47962E-1 3.5522E-1 4.22653E-1 4.44945E-1 4.56665E-1 4.46515E-1 4.34736E-1 4.3347E-1 4.25495E-1 4.05861E-1 4.03797E-1 4.16191E-1 4.13365E-1 3.77527E-1 2.8748E-1 2.78655E-1 2.43669E-1 2.27617E-1 2.21385E-1 2.29401E-1 2.24878E-1 2.27307E-1 2.17645E-1 2.28967E-1 2.28818E-1 2.43294E-1 2.75305E-1 2.86509E-1 2.9214E-1 3.66448E-1 3.82232E-1 3.94895E-1 4.24164E-1 4.3614E-1 4.4678E-1 4.34392E-1 4.55803E-1 4.86834E-1 4.83057E-1 4.75769E-1 4.22407E-1 3.29358E-1 2.83618E-1 2.46636E-1
3.0731E-1 2.95958E-1 3.25649E-1 3.20387E-1 3.24811E-1 3.28166E-1 3.18082E-1 3.06211E-1 3.00715E-1 3.43392E-1 3.42271E-1 3.54934E-1 3.38372E-1 3.19782E-1 3.10699E-1 3.25443E-1 3.24295E-1 3.127E-1 3.00934E-1 2.87995E-1 2.77691E-1 2.70553E-1 2.7971E-1 2.83195E-1 3.02001E-1 3.04624E-1 3.29573E-1 3.32723E-1 4.10562E-1 4.14677E-1 4.1877E-1 4.26047E-1 4.1601E-1 3.97583E-1 3.89186E-1 3.81246E-1 3.7177E-1 2.94319E-1 3.02797E-1 2.42698E-1 2.30151E-1 2.45326E-1 2.51941E-1 2.46752E-1 2.3556E-1 2.30217E-1 2.43685E-1 2.21007E-1 2.18108E-1 2.34388E-1 2.49391E-1 2.65307E-1 2.75176E-1 3.52631E-1 3.64679E-1 3.66279E-1 3.83354E-1 3.94631E-1 4.08568E-1 4.26949E-1 4.33155E-1 4.50516E-1 4.71717E-1 4.78264E-1 4.61231E-1 4.39043E-1 4.08082E-1 3.0055E-1 2.59756E-1
2.87297E-1 2.8022E-1 3.00982E-1 3.15512E-1 3.33824E-1 3.3378E-1 3.21196E-1 2.90351E-1 2.94761E-1 3.34111E-1 3.36266E-1 3.63451E-1 3.3673E-1 3.21374E-1 3.02571E-1 3.17326E-1 2.95747E-1 3.07344E-1 2.98563E-1 2.81589E-1 2.66721E-1 2.41784E-1 2.33089E-1 2.40485E-1 2.49455E-1 2.84098E-1 2.9E-1 3.15621E-1 3.69191E-1 3.94037E-1 3.99268E-1 3.99967E-1 3.93408E-1 3.87674E-1 3.71598E-1 3.61048E-1 3.41362E-1 2.78787E-1 2.37101E-1 2.3903E-1 2.32985E-1 2.31686E-1 2.29652E-1 2.28492E-1 2.03031E-1 2.23101E-1 2.43553E-1 2.32273E-1 2.24412E-1 2.29094E-1 2.4269E-1 2.57051E-1 3.55413E-1 3.53406E-1 3.63909E-1 3.63685E-1 3.66423E-1 3.7947E-1 4.04349E-1 4.18868E-1 4.40436E-1 4.47991E-1 4.51856E-1 4.68124E-1 4.49194E-1 4.48672E-1 4.09239E-1 3.78847E-1 2.77684E-1
2.91245E-1 2.95961E-1 2.84741E-1 2.96586E-1 3.26979E-1 3.19567E-1 3.34867E-1 3.15548E-1 2.95134E-1 3.29859E-1 3.27846E-1 3.17836E-1 3.19661E-1 3.16107E-1 3.0857E-1 2.98864E-1 2.88263E-1 2.8106E-1 2.78024E-1 2.55549E-1 2.42264E-1 2.313E-1 2.25946E-1 2.22249E-1 2.24598E-1 2.36606E-1 2.49051E-1 2.78448E-1 2.71859E-1 3.46517E-1 3.51546E-1 3.72635E-1 3.82175E-1 3.8561E-1 3.81733E-1 3.46879E-1 3.23631E-1 2.54337E-1 2.49346E-1 2.27074E-1 2.21187E-1 2.40737E-1 2.20378E-1 2.21214E-1 2.35109E-1 2.32159E-1 2.24447E-1 2.40069E-1 2.32498E-1 2.44426E-1 2.52406E-1 2.72189E-1 2.75114E-1 3.61113E-1 3.66348E-1 3.71846E-1 3.80043E-1 3.86382E-1 4.14233E-1 4.33486E-1 4.51178E-1 4.51437E-1 4.55695E-1 4.54372E-1 4.53606E-1 4.50624E-1 4.50117E-1 4.02354E-1 3.83874E-1
