_episodes_rmd/output/experiment_small/species_big_extent.asc
ncols         660
nrows         720
xllcorner     -130.0
yllcorner     -60.0
cellsize      0.166666666666667
NODATA_value  -9999
[rows 31 to 61 of 720, columns 69 to 137 of 660]
3.59753E-1 3.87313E-1 4.13511E-1 4.0858E-1 4.10514E-1 4.05893E-1 4.10958E-1 4.18076E-1 4.18929E-1 4.24672E-1 4.26151E-1 4.25921E-1 4.2567E-1 4.27036E-1 4.20909E-1 4.29233E-1 4.20613E-1 4.26182E-1 3.7745E-1 3.75064E-1 3.88672E-1 4.01186E-1 4.01615E-1 4.05812E-1 4.14541E-1 4.08289E-1 4.1239E-1 4.04284E-1 4.12959E-1 4.22598E-1 4.31413E-1 4.32721E-1 4.41702E-1 3.15958E-1 3.16705E-1 3.16533E-1 3.1531E-1 3.17962E-1 3.14748E-1 3.1832E-1 4.46925E-1 4.3402E-1 4.4197E-1 4.4111E-1 3.17625E-1 3.15731E-1 3.15803E-1 3.15836E-1 3.12168E-1 3.1628E-1 3.119E-1 3.18718E-1 3.16459E-1 3.22773E-1 3.13039E-1 3.13226E-1 4.41324E-1 4.31234E-1 4.311E-1 4.36985E-1 3.13015E-1 3.15189E-1 3.16935E-1 3.16837E-1 3.15324E-1 3.15785E-1 3.11915E-1 3.12753E-1 3.12881E-1
3.94225E-1 4.14539E-1 4.11526E-1 4.03069E-1 2.22678E-1 4.00571E-1 2.34628E-1 2.36936E-1 2.3856E-1 3.21578E-1 4.22616E-1 4.23051E-1 4.23637E-1 4.17782E-1 4.24573E-1 4.2402E-1 4.31756E-1 3.76018E-1 3.84362E-1 3.90424E-1 3.99255E-1 4.04096E-1 4.13278E-1 4.19131E-1 4.15328E-1 4.14482E-1 4.12056E-1 4.13182E-1 4.16393E-1 4.78377E-1 4.87446E-1 4.3372E-1 4.43688E-1 4.40748E-1 4.42963E-1 4.42651E-1 3.20834E-1 3.28354E-1 3.19755E-1 3.18226E-1 3.19134E-1 4.43511E-1 4.43958E-1 3.15483E-1 3.26785E-1 3.25611E-1 3.23872E-1 3.23536E-1 3.24177E-1 3.23166E-1 3.21703E-1 3.22266E-1 3.21047E-1 3.21407E-1 3.17283E-1 3.17934E-1 3.16236E-1 3.15248E-1 3.13224E-1 3.18053E-1 3.16586E-1 3.17697E-1 3.15419E-1 3.13922E-1 3.15304E-1 3.15035E-1 3.15204E-1 3.1118E-1 3.12651E-1
2.46871E-1 4.19587E-1 4.12268E-1 4.03205E-1 1.89569E-1 1.90277E-1 1.93378E-1 2.00112E-1 2.03309E-1 2.03049E-1 2.05365E-1 3.24588E-1 4.21047E-1 4.27275E-1 4.25607E-1 4.31753E-1 4.3049E-1 4.30169E-1 3.85743E-1 3.9498E-1 3.97345E-1 4.13796E-1 4.20145E-1 4.21439E-1 4.18624E-1 4.13979E-1 4.21836E-1 4.26673E-1 4.78916E-1 4.84876E-1 4.88665E-1 4.33765E-1 4.36539E-1 4.44701E-1 4.47693E-1 3.23396E-1 4.49675E-1 3.24095E-1 3.21626E-1 3.24111E-1 4.50386E-1 4.46424E-1 4.45237E-1 3.23293E-1 3.33651E-1 3.30522E-1 3.32202E-1 3.31127E-1 3.30015E-1 3.3038E-1 3.24945E-1 3.24265E-1 3.30983E-1 2.99287E-1 3.01463E-1 3.01288E-1 2.99907E-1 2.98005E-1 3.00758E-1 3.29351E-1 3.21691E-1 3.17476E-1 3.22247E-1 3.19822E-1 3.14272E-1 2.91911E-1 2.851E-1 2.84062E-1 3.12058E-1
4.31254E-1 4.22897E-1 4.195E-1 4.11288E-1 3.13076E-1 2.28587E-1 1.93261E-1 1.99518E-1 2.05795E-1 2.02738E-1 2.06056E-1 2.06197E-1 2.11437E-1 3.3112E-1 4.372E-1 4.31181E-1 3.79565E-1 3.83819E-1 3.89046E-1 3.94783E-1 4.09234E-1 4.15359E-1 4.24124E-1 4.31715E-1 4.28525E-1 4.22513E-1 4.23625E-1 4.21785E-1 4.85823E-1 4.93745E-1 4.98364E-1 4.36907E-1 4.4506E-1 3.18311E-1 3.18822E-1 3.30674E-1 3.34399E-1 3.94E-1 3.80483E-1 3.78314E-1 3.21269E-1 4.38784E-1 4.37767E-1 3.18387E-1 3.33493E-1 3.35152E-1 3.35059E-1 3.35557E-1 3.33737E-1 3.30935E-1 3.29396E-1 3.30973E-1 3.02742E-1 3.03555E-1 3.02153E-1 2.72341E-1 2.73732E-1 3.00538E-1 3.01761E-1 3.00436E-1 3.28119E-1 3.24821E-1 3.21939E-1 2.92363E-1 2.9129E-1 2.9156E-1 2.9157E-1 2.85874E-1 2.83481E-1
4.28891E-1 4.2607E-1 4.22074E-1 3.22361E-1 2.36939E-1 1.98032E-1 1.99718E-1 2.00331E-1 2.02042E-1 2.01379E-1 2.06504E-1 2.06641E-1 4.23155E-1 4.27835E-1 4.3129E-1 4.28463E-1 3.73593E-1 3.82388E-1 3.85298E-1 3.95784E-1 4.02168E-1 4.12238E-1 4.29136E-1 4.29435E-1 4.27589E-1 4.22843E-1 4.74607E-1 4.83618E-1 4.87905E-1 4.96892E-1 5.0214E-1 4.44529E-1 3.19752E-1 3.18804E-1 3.28335E-1 3.32544E-1 3.41723E-1 4.06188E-1 3.95043E-1 3.91259E-1 3.3203E-1 3.2435E-1 3.20915E-1 3.26636E-1 3.25442E-1 3.33786E-1 3.34424E-1 3.27383E-1 3.27068E-1 3.26267E-1 3.26873E-1 3.23654E-1 3.02739E-1 3.024E-1 3.00926E-1 2.73588E-1 2.73876E-1 2.74334E-1 3.0194E-1 3.0087E-1 3.23124E-1 3.24573E-1 3.14145E-1 3.19469E-1 2.93508E-1 2.92155E-1 2.91322E-1 2.92234E-1 2.6178E-1
4.29911E-1 4.24459E-1 4.27599E-1 2.10066E-1 2.08346E-1 2.02833E-1 2.04313E-1 2.04808E-1 2.057E-1 2.04617E-1 4.15896E-1 4.25263E-1 4.28073E-1 4.24938E-1 4.3403E-1 4.29167E-1 4.31501E-1 3.77502E-1 3.79487E-1 3.9291E-1 3.99306E-1 4.13987E-1 4.16615E-1 4.18717E-1 4.20407E-1 4.73265E-1 4.77316E-1 4.82534E-1 4.88596E-1 4.98817E-1 5.06543E-1 3.22542E-1 3.28524E-1 3.2745E-1 3.27202E-1 3.40977E-1 3.46048E-1 4.06856E-1 4.05577E-1 3.4472E-1 3.40782E-1 3.29692E-1 3.30983E-1 3.30816E-1 3.28717E-1 3.3423E-1 3.06354E-1 3.0557E-1 3.33932E-1 3.23389E-1 3.24915E-1 3.23946E-1 3.2384E-1 2.97085E-1 2.99844E-1 2.72335E-1 2.72882E-1 2.70581E-1 2.9163E-1 3.17429E-1 3.17493E-1 3.15638E-1 3.21992E-1 3.19272E-1 2.89365E-1 2.90603E-1 2.90704E-1 2.64974E-1 2.63798E-1
4.24061E-1 4.278E-1 4.28156E-1 4.33126E-1 2.47623E-1 2.08247E-1 2.11428E-1 2.10301E-1 2.09023E-1 3.26366E-1 2.47502E-1 3.31318E-1 2.16371E-1 2.16447E-1 2.51279E-1 2.16605E-1 4.2969E-1 3.72442E-1 3.74155E-1 3.84186E-1 3.91492E-1 4.09974E-1 4.05944E-1 4.19314E-1 4.1796E-1 4.80485E-1 4.78812E-1 4.85528E-1 4.96658E-1 5.04287E-1 3.79299E-1 3.86519E-1 3.30418E-1 3.28486E-1 3.29505E-1 3.40678E-1 3.46394E-1 3.48799E-1 3.5762E-1 3.53272E-1 3.38135E-1 3.39667E-1 3.33409E-1 3.06303E-1 3.05E-1 3.04302E-1 3.06788E-1 3.07227E-1 3.03903E-1 3.05107E-1 3.37821E-1 2.97395E-1 2.97067E-1 2.99822E-1 2.93324E-1 2.92409E-1 2.93915E-1 2.90689E-1 2.89504E-1 3.16944E-1 3.17651E-1 3.12942E-1 3.19181E-1 2.92137E-1 2.93713E-1 2.93735E-1 2.91296E-1 2.6677E-1 2.69564E-1
4.11328E-1 4.20902E-1 4.29826E-1 4.37781E-1 4.41649E-1 4.33682E-1 3.3652E-1 2.1021E-1 2.12377E-1 2.08489E-1 2.16304E-1 2.19992E-1 2.17755E-1 2.19579E-1 2.50951E-1 4.30719E-1 4.29833E-1 4.3016E-1 3.7756E-1 3.86658E-1 3.90438E-1 3.98418E-1 4.06208E-1 4.06727E-1 4.10318E-1 4.75096E-1 4.78994E-1 3.8724E-1 3.97745E-1 4.083E-1 3.87107E-1 3.88527E-1 3.88259E-1 3.89831E-1 3.34798E-1 3.43017E-1 3.45916E-1 3.52055E-1 3.54807E-1 3.53036E-1 3.15787E-1 3.06843E-1 3.07983E-1 3.08038E-1 3.07749E-1 2.85629E-1 2.84469E-1 2.84031E-1 2.85578E-1 3.03634E-1 3.03705E-1 2.73469E-1 2.70954E-1 2.71226E-1 2.71873E-1 2.70691E-1 2.68527E-1 2.6922E-1 2.9642E-1 2.93641E-1 3.15611E-1 3.11737E-1 3.12834E-1 2.91905E-1 2.7017E-1 2.70591E-1 2.64895E-1 2.67333E-1 2.69974E-1
3.45864E-1 4.17969E-1 4.23474E-1 4.35614E-1 2.23876E-1 2.22961E-1 2.56058E-1 2.48094E-1 2.06987E-1 2.06092E-1 2.13932E-1 2.20865E-1 2.18433E-1 2.56687E-1 4.37921E-1 4.34737E-1 4.34393E-1 4.30004E-1 4.35514E-1 3.82624E-1 3.92498E-1 4.0225E-1 3.12536E-1 3.16917E-1 2.35262E-1 3.16069E-1 3.76017E-1 3.88095E-1 5.03197E-1 5.13902E-1 3.80892E-1 3.80386E-1 3.77883E-1 3.85793E-1 3.82916E-1 3.41758E-1 3.50272E-1 3.51214E-1 3.52521E-1 3.19761E-1 3.1583E-1 2.7453E-1 2.77089E-1 2.82778E-1 2.82601E-1 2.83771E-1 2.81079E-1 2.85536E-1 2.83761E-1 2.73869E-1 2.75291E-1 2.81226E-1 2.7754E-1 2.71193E-1 2.69115E-1 2.75287E-1 2.748E-1 2.7147E-1 2.71925E-1 2.65323E-1 2.87291E-1 2.87674E-1 2.89316E-1 2.9039E-1 2.71295E-1 2.6948E-1 2.70873E-1 2.68833E-1 2.75753E-1
4.0618E-1 3.52251E-1 3.59563E-1 2.83121E-1 4.41078E-1 4.45556E-1 4.43346E-1 4.32344E-1 3.31095E-1 2.08469E-1 2.11938E-1 2.14858E-1 4.34413E-1 4.36454E-1 4.39126E-1 4.34832E-1 4.32801E-1 4.42135E-1 4.40728E-1 4.45562E-1 3.96712E-1 4.00746E-1 2.29263E-1 3.13699E-1 3.11801E-1 3.20755E-1 3.26703E-1 4.27987E-1 4.98381E-1 5.10726E-1 3.7974E-1 3.7839E-1 3.74727E-1 3.81676E-1 3.85492E-1 3.95656E-1 3.43166E-1 3.20208E-1 3.18615E-1 3.14477E-1 2.87428E-1 2.80413E-1 2.81891E-1 2.80097E-1 2.77659E-1 2.81598E-1 2.79463E-1 2.78594E-1 2.79416E-1 2.75255E-1 2.75159E-1 2.81316E-1 2.78415E-1 2.71591E-1 2.67561E-1 2.75629E-1 2.7859E-1 2.78811E-1 2.79463E-1 2.75331E-1 2.68669E-1 2.65614E-1 2.68545E-1 2.67529E-1 2.67558E-1 2.68776E-1 2.7072E-1 2.77802E-1 2.75746E-1
3.38857E-1 3.76834E-1 3.69094E-1 3.67196E-1 4.31944E-1 4.32512E-1 4.35074E-1 4.43572E-1 4.34833E-1 4.37069E-1 4.28046E-1 4.34527E-1 4.38265E-1 4.38828E-1 4.38802E-1 4.36544E-1 4.42684E-1 4.35868E-1 4.36518E-1 4.44344E-1 3.9339E-1 4.015E-1 4.0083E-1 4.07899E-1 4.05025E-1 4.07898E-1 4.16211E-1 4.25923E-1 4.94618E-1 5.12289E-1 3.77642E-1 3.83409E-1 3.81514E-1 3.79529E-1 3.81395E-1 3.92625E-1 3.70521E-1 3.74318E-1 3.16061E-1 2.84486E-1 2.83603E-1 2.78528E-1 2.79613E-1 2.78509E-1 2.8002E-1 2.76216E-1 2.75925E-1 2.82494E-1 2.7824E-1 2.79184E-1 2.81411E-1 2.80112E-1 2.75908E-1 2.76343E-1 2.71879E-1 2.80629E-1 2.78844E-1 2.86372E-1 2.83414E-1 2.84329E-1 2.92522E-1 2.82861E-1 2.75278E-1 2.73773E-1 2.77105E-1 2.67813E-1 2.6981E-1 2.71055E-1 2.74571E-1
3.35782E-1 3.43211E-1 1.73531E-1 3.85045E-1 4.21833E-1 4.26674E-1 4.26606E-1 4.30374E-1 4.32859E-1 4.3333E-1 4.32046E-1 4.32484E-1 4.38487E-1 4.3852E-1 4.39889E-1 4.40591E-1 4.41068E-1 4.39057E-1 4.45168E-1 4.49905E-1 4.52175E-1 4.54E-1 4.62693E-1 3.986E-1 3.98463E-1 4.00908E-1 4.12477E-1 4.2267E-1 4.96974E-1 5.03748E-1 3.83028E-1 3.78658E-1 3.77078E-1 3.85138E-1 3.53569E-1 3.57352E-1 3.39375E-1 3.38842E-1 3.35887E-1 2.83124E-1 2.7995E-1 2.77781E-1 2.78235E-1 2.74586E-1 2.75849E-1 2.72548E-1 2.79708E-1 2.80634E-1 2.82124E-1 2.84312E-1 2.82202E-1 2.82719E-1 2.77623E-1 2.73013E-1 2.81218E-1 2.80727E-1 2.84932E-1 2.92492E-1 2.26573E-1 2.25066E-1 2.30143E-1 2.25823E-1 2.23584E-1 2.92239E-1 2.83354E-1 2.78136E-1 2.79451E-1 2.75579E-1 2.81816E-1
3.3378E-1 3.35133E-1 3.44396E-1 3.56215E-1 4.14593E-1 4.14461E-1 4.20561E-1 4.16938E-1 4.19823E-1 4.29329E-1 4.28709E-1 4.30115E-1 4.35258E-1 3.3851E-1 4.38972E-1 4.42235E-1 4.43034E-1 4.41202E-1 4.49099E-1 4.50424E-1 4.55772E-1 4.58453E-1 4.57251E-1 4.62581E-1 4.05131E-1 4.02364E-1 4.11495E-1 4.83589E-1 4.98585E-1 3.72078E-1 3.81679E-1 3.7738E-1 3.79304E-1 3.5271E-1 3.54565E-1 2.47964E-1 2.52168E-1 2.51593E-1 2.49536E-1 2.81839E-1 2.73628E-1 2.736E-1 2.79591E-1 2.7807E-1 2.79889E-1 2.78349E-1 2.81282E-1 2.80028E-1 2.90823E-1 2.87178E-1 2.89239E-1 2.90672E-1 2.88344E-1 2.79073E-1 2.80101E-1 2.84815E-1 2.86019E-1 2.254E-1 2.27504E-1 2.32333E-1 2.33819E-1 2.30987E-1 2.31755E-1 2.30401E-1 2.23491E-1 2.23182E-1 2.23669E-1 2.23056E-1 2.24122E-1
3.3093E-1 3.31916E-1 3.36446E-1 3.3898E-1 3.42587E-1 3.78708E-1 4.09299E-1 4.12271E-1 4.14856E-1 4.18744E-1 4.2164E-1 4.25884E-1 4.27785E-1 4.3607E-1 4.35771E-1 4.38087E-1 4.41747E-1 4.42337E-1 4.41242E-1 4.49506E-1 4.58435E-1 4.63465E-1 4.63051E-1 4.60621E-1 4.6516E-1 4.71549E-1 4.80894E-1 4.92611E-1 3.70737E-1 3.76705E-1 3.80518E-1 3.44681E-1 3.53175E-1 2.36974E-1 2.46551E-1 2.47568E-1 1.80493E-1 1.57059E-1 1.57769E-1 1.47954E-1 1.97214E-1 2.74046E-1 2.69985E-1 2.78809E-1 2.7783E-1 2.79514E-1 2.84604E-1 2.85859E-1 2.8834E-1 2.88445E-1 2.88683E-1 2.86668E-1 2.8772E-1 2.93184E-1 2.26233E-1 2.94744E-1 2.92858E-1 2.24549E-1 2.30643E-1 2.30651E-1 2.31858E-1 2.3185E-1 2.3107E-1 2.37659E-1 2.28419E-1 2.31276E-1 2.31014E-1 2.27975E-1 2.27921E-1
1.46635E-1 1.4926E-1 3.30425E-1 3.31922E-1 3.33825E-1 3.36703E-1 3.73976E-1 4.05224E-1 4.08198E-1 4.10676E-1 4.15954E-1 4.16591E-1 4.24409E-1 4.3047E-1 4.36135E-1 4.37539E-1 4.30677E-1 4.35015E-1 4.32889E-1 4.44616E-1 4.60104E-1 4.68272E-1 4.67185E-1 4.71802E-1 4.71061E-1 4.76608E-1 4.82968E-1 4.9496E-1 3.74481E-1 3.766E-1 3.50193E-1 3.2288E-1 1.74581E-1 1.4255E-1 1.43155E-1 1.4362E-1 1.82E-1 1.8627E-1 1.55707E-1 1.21956E-1 1.95833E-1 2.69618E-1 2.76737E-1 2.7685E-1 2.78136E-1 2.85309E-1 2.84115E-1 2.90042E-1 2.24947E-1 2.92498E-1 2.95339E-1 2.27015E-1 2.26648E-1 2.27255E-1 2.33292E-1 2.29819E-1 2.30546E-1 2.31702E-1 2.3248E-1 2.31711E-1 2.29544E-1 2.3036E-1 2.28892E-1 2.29952E-1 2.31034E-1 2.34127E-1 2.33019E-1 2.35004E-1 2.35534E-1
1.5898E-1 1.35642E-1 1.45798E-1 3.27678E-1 3.30618E-1 3.30127E-1 3.68146E-1 4.04933E-1 4.02189E-1 4.05589E-1 4.09009E-1 4.11474E-1 4.17801E-1 4.24464E-1 4.28731E-1 4.27107E-1 4.299E-1 4.27778E-1 4.29962E-1 4.36152E-1 4.51498E-1 4.65069E-1 4.7662E-1 4.7446E-1 4.69786E-1 4.75053E-1 4.89755E-1 5.05111E-1 3.47791E-1 3.11514E-1 3.15466E-1 2.41198E-1 1.98363E-1 1.41619E-1 1.41142E-1 2.05756E-1 2.82915E-1 2.84167E-1 2.82077E-1 2.80707E-1 2.73161E-1 2.8142E-1 2.80429E-1 2.81444E-1 2.87383E-1 2.88319E-1 2.22637E-1 2.30246E-1 2.29263E-1 2.28585E-1 2.31692E-1 2.31138E-1 2.32209E-1 2.31789E-1 2.30932E-1 2.3716E-1 2.38197E-1 2.37343E-1 2.38134E-1 2.3634E-1 2.37161E-1 2.36923E-1 2.38075E-1 2.28625E-1 2.29035E-1 2.33654E-1 2.34564E-1 2.36257E-1 2.36079E-1
1.42504E-1 1.46927E-1 1.55244E-1 1.63094E-1 1.41777E-1 3.24016E-1 3.21815E-1 3.64506E-1 3.60888E-1 3.64319E-1 4.00776E-1 4.03981E-1 4.06968E-1 4.17283E-1 4.19292E-1 4.29206E-1 4.2794E-1 4.22787E-1 4.30299E-1 4.3148E-1 4.44335E-1 4.55598E-1 4.67786E-1 4.72957E-1 4.74162E-1 4.85686E-1 4.92472E-1 3.77949E-1 3.42783E-1 3.14465E-1 3.1759E-1 3.20412E-1 1.99433E-1 2.00282E-1 2.03671E-1 2.0937E-1 2.8731E-1 2.89015E-1 2.88763E-1 2.82458E-1 2.79832E-1 2.85554E-1 2.20406E-1 2.22016E-1 2.27854E-1 2.25966E-1 2.27241E-1 2.28398E-1 2.3661E-1 2.34377E-1 2.36395E-1 2.35993E-1 2.3493E-1 2.3597E-1 2.34729E-1 2.38576E-1 2.42404E-1 2.43805E-1 2.43263E-1 2.42889E-1 2.4127E-1 2.37873E-1 2.3759E-1 2.36306E-1 2.34628E-1 2.34344E-1 2.34352E-1 2.35797E-1 2.43405E-1
1.35037E-1 1.44763E-1 1.36156E-1 1.30523E-1 1.4085E-1 1.61668E-1 1.58545E-1 3.13842E-1 3.29346E-1 3.6252E-1 3.25343E-1 4.01515E-1 4.07203E-1 4.13401E-1 4.17945E-1 4.20268E-1 4.24467E-1 4.23128E-1 4.22224E-1 4.27866E-1 4.38097E-1 4.48029E-1 4.56971E-1 4.73648E-1 4.82817E-1 3.91827E-1 4.95882E-1 3.7532E-1 3.45539E-1 3.2008E-1 2.65394E-1 1.40551E-1 1.22318E-1 1.23257E-1 1.47072E-1 2.90544E-1 2.89809E-1 2.2537E-1 2.25871E-1 2.30333E-1 2.28014E-1 2.28384E-1 2.34565E-1 2.33028E-1 2.30933E-1 2.33032E-1 2.34292E-1 2.31787E-1 2.41573E-1 2.34744E-1 2.39692E-1 2.36308E-1 2.41647E-1 2.4203E-1 2.40618E-1 2.40694E-1 2.4149E-1 2.42448E-1 2.42767E-1 2.43023E-1 2.42275E-1 2.34799E-1 2.35427E-1 2.34905E-1 2.36978E-1 2.33895E-1 2.33642E-1 2.39397E-1 2.42153E-1
1.24461E-1 1.26784E-1 1.28703E-1 1.4418E-1 1.10757E-1 1.12363E-1 1.24458E-1 1.47666E-1 3.04629E-1 3.60852E-1 3.29423E-1 4.00113E-1 4.04948E-1 4.13458E-1 4.16267E-1 4.19284E-1 4.17987E-1 4.21525E-1 4.24511E-1 4.26567E-1 4.29152E-1 4.41138E-1 4.56979E-1 4.66521E-1 2.88321E-1 2.94621E-1 2.00996E-1 1.78805E-1 1.72231E-1 1.92989E-1 1.95633E-1 1.39247E-1 1.2156E-1 9.10997E-2 2.20708E-1 2.22928E-1 2.26019E-1 2.27096E-1 2.30897E-1 2.34541E-1 2.34691E-1 2.44403E-1 2.49691E-1 2.51979E-1 2.36859E-1 2.38103E-1 2.37231E-1 2.37758E-1 2.44337E-1 2.45936E-1 2.48034E-1 2.47509E-1 2.48179E-1 2.49449E-1 2.49217E-1 2.49048E-1 2.48077E-1 2.49108E-1 2.48489E-1 2.49772E-1 2.49633E-1 2.41334E-1 2.42099E-1 2.43733E-1 2.38598E-1 2.32719E-1 2.40111E-1 2.40238E-1 2.41578E-1
1.12883E-1 1.04976E-1 1.02999E-1 1.29892E-1 1.12383E-1 1.07607E-1 8.89253E-2 1.12204E-1 1.40098E-1 3.22343E-1 3.24454E-1 4.02516E-1 4.08652E-1 4.07466E-1 4.12734E-1 4.1688E-1 4.18027E-1 4.17962E-1 4.21447E-1 4.25192E-1 4.24735E-1 4.30534E-1 4.38149E-1 2.74695E-1 2.46387E-1 2.58182E-1 1.73406E-1 1.59879E-1 1.44558E-1 1.16952E-1 1.17182E-1 1.45158E-1 9.10408E-2 2.24551E-1 2.27446E-1 1.14447E-1 2.25842E-1 2.26012E-1 2.33294E-1 2.40884E-1 2.40678E-1 2.51103E-1 2.63069E-1 2.58542E-1 2.44616E-1 2.44094E-1 2.43809E-1 2.43604E-1 2.44926E-1 2.45476E-1 2.53021E-1 2.55584E-1 2.58158E-1 2.4832E-1 2.48455E-1 2.49467E-1 2.48088E-1 2.4875E-1 2.5085E-1 2.41582E-1 2.50383E-1 2.51639E-1 2.51837E-1 2.42423E-1 2.41109E-1 2.39523E-1 2.37908E-1 2.41578E-1 2.49204E-1
9.77437E-2 1.02235E-1 9.75218E-2 1.09031E-1 1.01185E-1 8.82339E-2 8.3225E-2 1.19839E-1 1.25013E-1 1.51884E-1 3.11399E-1 3.23391E-1 3.35361E-1 3.73405E-1 3.79046E-1 4.15833E-1 4.19769E-1 4.14588E-1 4.12663E-1 4.14988E-1 4.20269E-1 4.28582E-1 4.38922E-1 2.65116E-1 2.41666E-1 2.5268E-1 1.73659E-1 1.63798E-1 1.46729E-1 1.50346E-1 1.18318E-1 8.77299E-2 9.24597E-2 2.21058E-1 2.2708E-1 2.37176E-1 2.29993E-1 2.30196E-1 2.31639E-1 1.73494E-1 2.48306E-1 2.58279E-1 2.69526E-1 2.56531E-1 2.57572E-1 2.52128E-1 2.45247E-1 2.50295E-1 2.51969E-1 2.53188E-1 2.53094E-1 2.63613E-1 2.55877E-1 2.53069E-1 2.54836E-1 2.47054E-1 2.47358E-1 2.47084E-1 2.50513E-1 2.50497E-1 2.50044E-1 2.52347E-1 2.4997E-1 2.49562E-1 2.48404E-1 2.42971E-1 2.41155E-1 2.42332E-1 2.47352E-1
1.158E-1 8.25774E-2 9.0795E-2 9.75708E-2 7.61822E-2 8.63016E-2 9.06123E-2 1.18897E-1 1.26935E-1 1.42213E-1 1.59136E-1 3.08547E-1 3.37615E-1 3.72752E-1 3.75103E-1 3.8115E-1 4.16865E-1 4.22147E-1 4.21744E-1 4.13405E-1 4.13801E-1 2.435E-1 2.13812E-1 2.25891E-1 2.37893E-1 2.51352E-1 3.80758E-1 3.91545E-1 1.46245E-1 1.48793E-1 1.24339E-1 8.78946E-2 9.00531E-2 9.37648E-2 2.24872E-1 2.26558E-1 2.31293E-1 1.01522E-1 1.04578E-1 1.05634E-1 1.09557E-1 1.37516E-1 2.6305E-1 2.65057E-1 2.52912E-1 2.53829E-1 2.50772E-1 2.52421E-1 2.50714E-1 2.53795E-1 2.53725E-1 1.91603E-1 1.36072E-1 2.52677E-1 2.4623E-1 2.54091E-1 2.54932E-1 2.53686E-1 2.57269E-1 2.56665E-1 2.52705E-1 2.50405E-1 2.51098E-1 2.52516E-1 2.49858E-1 2.48424E-1 2.41566E-1 2.41928E-1 2.43136E-1
1.15117E-1 8.15063E-2 8.85693E-2 7.5715E-2 9.23937E-2 7.78836E-2 1.22306E-1 1.04414E-1 1.2527E-1 1.31936E-1 1.4878E-1 1.29577E-1 3.14159E-1 3.36915E-1 3.42918E-1 3.79065E-1 3.7998E-1 4.1841E-1 4.19853E-1 4.13339E-1 4.11279E-1 2.3815E-1 2.08645E-1 2.20476E-1 2.36959E-1 2.52986E-1 3.831E-1 3.58585E-1 3.29103E-1 1.48868E-1 1.4978E-1 8.97734E-2 9.14159E-2 2.21649E-1 2.27425E-1 2.26494E-1 2.33828E-1 1.0131E-1 1.07009E-1 1.07287E-1 1.13589E-1 1.12961E-1 1.13894E-1 1.12057E-1 1.1274E-1 1.11005E-1 1.28462E-1 1.81912E-1 1.81055E-1 1.12239E-1 1.11679E-1 1.08287E-1 1.1214E-1 1.06764E-1 1.05963E-1 1.06688E-1 1.83588E-1 1.85239E-1 2.55218E-1 1.87091E-1 1.33744E-1 2.53298E-1 1.88238E-1 2.48915E-1 2.47858E-1 2.44317E-1 2.44472E-1 2.50924E-1 2.5056E-1
1.11445E-1 9.97927E-2 8.09711E-2 8.22588E-2 8.57077E-2 7.41696E-2 1.09008E-1 1.05219E-1 1.37189E-1 1.36907E-1 1.6125E-1 1.57411E-1 1.36421E-1 3.26932E-1 3.43108E-1 3.44143E-1 3.83023E-1 4.18063E-1 4.1242E-1 4.10695E-1 4.03661E-1 4.03803E-1 4.12243E-1 2.10618E-1 2.28006E-1 2.48829E-1 1.75291E-1 3.48626E-1 1.47856E-1 1.49193E-1 1.46838E-1 8.80755E-2 9.11744E-2 9.22227E-2 9.36893E-2 9.88173E-2 9.89319E-2 2.44201E-1 1.05741E-1 1.10248E-1 1.12306E-1 1.12389E-1 1.12161E-1 1.1242E-1 1.14738E-1 1.12331E-1 1.12179E-1 1.09984E-1 1.11263E-1 1.12594E-1 1.09896E-1 1.1074E-1 1.06681E-1 1.07099E-1 1.06365E-1 1.03719E-1 1.03983E-1 1.0806E-1 1.10467E-1 1.11785E-1 1.11728E-1 1.10363E-1 1.097E-1 1.81892E-1 2.41478E-1 2.50947E-1 1.82589E-1 1.80663E-1 1.79127E-1
1.31031E-1 1.25886E-1 8.59852E-2 7.97539E-2 7.70755E-2 9.15567E-2 9.80621E-2 1.05464E-1 1.17606E-1 1.4711E-1 1.57229E-1 3.70009E-1 3.04066E-1 1.43128E-1 3.33298E-1 3.44601E-1 3.48259E-1 3.82614E-1 2.0693E-1 4.08778E-1 4.0607E-1 4.07798E-1 4.09236E-1 2.0561E-1 2.22416E-1 2.37197E-1 1.67399E-1 1.54442E-1 1.41672E-1 1.44643E-1 1.49873E-1 1.11208E-1 1.14635E-1 9.79597E-2 9.71138E-2 9.8918E-2 1.02685E-1 1.04925E-1 1.07026E-1 1.06106E-1 1.10141E-1 1.11526E-1 2.55799E-1 2.61462E-1 2.58909E-1 1.09518E-1 1.0657E-1 1.10358E-1 1.11646E-1 1.06631E-1 1.06507E-1 1.0592E-1 1.01979E-1 1.02629E-1 1.0285E-1 1.01979E-1 1.02366E-1 1.03332E-1 1.09094E-1 1.09812E-1 1.10875E-1 1.04343E-1 1.05508E-1 1.059E-1 1.05865E-1 1.06044E-1 1.07425E-1 1.09525E-1 1.0572E-1
1.32584E-1 1.36259E-1 1.20056E-1 8.56685E-2 1.01278E-1 9.87401E-2 9.81979E-2 1.12921E-1 1.22576E-1 1.35466E-1 1.47535E-1 3.69133E-1 3.71015E-1 3.09284E-1 1.54624E-1 3.36084E-1 3.48092E-1 3.42971E-1 2.03066E-1 1.99288E-1 1.99156E-1 4.03434E-1 4.03085E-1 2.00222E-1 2.10219E-1 2.26702E-1 2.44742E-1 1.49006E-1 1.41012E-1 1.43248E-1 1.46011E-1 1.46674E-1 1.46542E-1 1.15441E-1 9.23535E-2 9.60293E-2 9.93654E-2 1.03585E-1 1.06277E-1 1.07778E-1 1.07254E-1 1.09831E-1 1.09796E-1 1.08177E-1 1.09354E-1 1.06668E-1 1.06293E-1 1.13333E-1 1.12553E-1 1.07774E-1 1.04417E-1 1.04166E-1 1.01516E-1 9.9996E-2 1.00765E-1 1.00902E-1 1.0138E-1 1.03232E-1 1.03241E-1 1.03483E-1 1.05155E-1 1.04527E-1 1.05055E-1 1.05557E-1 1.07319E-1 1.05416E-1 1.06033E-1 1.0185E-1 1.00614E-1
1.52584E-1 1.4992E-1 1.24882E-1 1.13077E-1 1.15239E-1 1.16322E-1 1.19124E-1 1.16596E-1 1.19731E-1 1.28378E-1 1.81511E-1 3.64403E-1 3.77207E-1 3.45408E-1 3.21802E-1 1.57771E-1 3.41386E-1 1.89272E-1 1.99512E-1 1.9781E-1 1.97624E-1 1.99372E-1 4.00614E-1 4.0508E-1 2.06285E-1 2.21404E-1 2.38889E-1 1.451E-1 1.35718E-1 1.39702E-1 1.43331E-1 1.41178E-1 1.5262E-1 1.1763E-1 1.17763E-1 1.00183E-1 1.02212E-1 1.07093E-1 1.05579E-1 1.09488E-1 1.1099E-1 1.10337E-1 1.09372E-1 1.07922E-1 1.08108E-1 1.10173E-1 1.14792E-1 1.14682E-1 1.08015E-1 1.03894E-1 1.01502E-1 1.01312E-1 1.01315E-1 1.01874E-1 1.01369E-1 1.01558E-1 9.99206E-2 9.99208E-2 9.81793E-2 9.91343E-2 1.02707E-1 1.02582E-1 1.04351E-1 1.05682E-1 1.01639E-1 1.02748E-1 1.01992E-1 1.04442E-1 1.0052E-1
1.7192E-1 1.68063E-1 1.39558E-1 1.33863E-1 1.26204E-1 1.42138E-1 1.43867E-1 1.56701E-1 1.49661E-1 1.30198E-1 1.75101E-1 1.8677E-1 1.90419E-1 1.99492E-1 3.13774E-1 1.55006E-1 1.5423E-1 3.3329E-1 1.69809E-1 1.88244E-1 1.95139E-1 1.94925E-1 4.00332E-1 3.99396E-1 1.98377E-1 2.12511E-1 2.24447E-1 2.10766E-1 1.27532E-1 1.40468E-1 1.43435E-1 1.47643E-1 1.52988E-1 1.15736E-1 1.20883E-1 1.2501E-1 1.05587E-1 1.08946E-1 1.08312E-1 1.06989E-1 1.11172E-1 1.12262E-1 1.11327E-1 1.12373E-1 1.1297E-1 1.12363E-1 1.13855E-1 1.14913E-1 1.08441E-1 1.05833E-1 1.03226E-1 1.03766E-1 1.03191E-1 9.9332E-2 9.98329E-2 9.97097E-2 9.75645E-2 9.6285E-2 9.82874E-2 9.72133E-2 9.86701E-2 9.89362E-2 1.00438E-1 1.01246E-1 1.01283E-1 9.91229E-2 9.91693E-2 9.84183E-2 9.82554E-2
1.67669E-1 1.76102E-1 1.59877E-1 1.54676E-1 1.61441E-1 1.56497E-1 1.41298E-1 1.52236E-1 1.52157E-1 1.5104E-1 1.64344E-1 1.73603E-1 1.83674E-1 1.90147E-1 1.6094E-1 1.47733E-1 1.63643E-1 1.67151E-1 1.62292E-1 2.06363E-1 2.04527E-1 2.0487E-1 1.94823E-1 3.968E-1 4.02193E-1 2.06791E-1 2.17325E-1 2.08427E-1 1.28037E-1 1.34891E-1 1.45526E-1 1.50437E-1 1.57786E-1 1.54176E-1 1.20778E-1 1.27749E-1 1.3316E-1 1.07544E-1 1.09852E-1 1.08633E-1 1.09924E-1 1.12121E-1 1.13223E-1 1.14083E-1 1.13669E-1 1.12849E-1 1.1528E-1 1.1609E-1 1.11633E-1 1.08838E-1 1.10373E-1 1.04444E-1 1.03093E-1 1.01711E-1 9.8775E-2 9.54114E-2 9.55976E-2 9.27524E-2 9.20064E-2 9.34838E-2 9.28061E-2 9.47111E-2 9.49672E-2 9.82393E-2 9.67379E-2 9.6158E-2 9.40034E-2 9.61652E-2 9.62977E-2
3.54426E-1 1.80411E-1 2.06115E-1 1.88835E-1 1.80035E-1 1.73256E-1 1.54449E-1 1.53072E-1 1.54477E-1 1.57251E-1 1.58622E-1 1.68076E-1 1.748E-1 1.80193E-1 1.88652E-1 1.45391E-1 1.86514E-1 1.6672E-1 1.78207E-1 2.03717E-1 2.07128E-1 2.01092E-1 1.94378E-1 1.97469E-1 1.91486E-1 2.02079E-1 1.92108E-1 1.80148E-1 1.2753E-1 1.38007E-1 1.45741E-1 1.51366E-1 1.58061E-1 1.59326E-1 1.21917E-1 1.29129E-1 1.31798E-1 1.3437E-1 1.35601E-1 1.10833E-1 1.12402E-1 1.11713E-1 1.11934E-1 1.08792E-1 1.09465E-1 1.15062E-1 1.15729E-1 1.08166E-1 1.06187E-1 1.01927E-1 1.02967E-1 1.02181E-1 1.00653E-1 9.9262E-2 9.54569E-2 9.37805E-2 8.92749E-2 8.80274E-2 8.52401E-2 8.69525E-2 9.0565E-2 9.30554E-2 9.44697E-2 9.56257E-2 9.79351E-2 9.77959E-2 1.01427E-1 1.02033E-1 9.99845E-2
1.70784E-1 1.54232E-1 2.1684E-1 3.71373E-1 1.87448E-1 1.651E-1 1.52919E-1 1.57385E-1 1.5448E-1 1.66156E-1 1.5721E-1 1.60675E-1 1.72297E-1 1.73288E-1 1.78901E-1 1.62281E-1 2.04268E-1 1.62642E-1 1.82669E-1 1.75177E-1 1.84924E-1 1.64369E-1 2.01619E-1 1.95578E-1 1.89159E-1 1.82074E-1 1.73871E-1 1.79306E-1 1.95192E-1 1.42335E-1 1.49627E-1 1.56148E-1 1.61537E-1 1.68797E-1 1.25366E-1 1.29187E-1 1.31949E-1 1.31365E-1 1.33572E-1 1.31998E-1 1.32939E-1 1.38979E-1 1.37593E-1 1.34755E-1 1.13329E-1 1.11098E-1 1.00966E-1 9.52021E-2 9.14496E-2 9.06456E-2 9.04439E-2 9.0507E-2 9.17141E-2 8.96096E-2 8.4774E-2 1.82789E-1 1.05743E-1 1.27602E-1 1.32542E-1 8.6181E-2 9.01512E-2 9.27126E-2 9.67365E-2 9.72408E-2 1.03788E-1 1.03935E-1 9.98712E-2 9.95295E-2 9.84246E-2
