_episodes_rmd/output/experiment_small/species_big_extent_novel.asc
ncols         660
nrows         720
xllcorner     -130.0
yllcorner     -60.0
cellsize      0.166666666666667
NODATA_value  -9999
[rows 0 to 30 of 720, columns 70 to 139 of 660]
-5.97484E1 -5.9434E1 -5.97484E1 -6.00629E1 -6.00629E1 -5.9434E1 -5.78616E1 -5.69182E1 -5.69182E1 -5.69182E1 -5.72327E1 -5.69182E1 -5.72327E1 -5.69182E1 -5.69182E1 -5.69182E1 -5.66038E1 -5.66038E1 -5.66038E1 -5.66038E1 -5.66038E1 -5.66038E1 -5.66038E1 -5.66038E1 -5.66038E1 -5.66038E1 -5.69182E1 -5.69182E1 -5.69182E1 -5.72327E1 -5.69182E1 -5.69182E1 -5.69182E1 -5.72327E1 -5.72327E1 -5.72327E1 -5.69182E1 -5.72327E1 -5.78616E1 -5.84906E1 -5.8805E1 -5.91195E1 -5.97484E1 -5.97484E1 -6.00629E1 -6.06918E1 -6.06918E1 -6.10063E1 -6.16352E1 -6.16352E1 -6.19497E1 -6.22642E1 -6.25786E1 -6.28931E1 -6.32075E1 -6.3522E1 -6.3522E1 -6.38365E1 -6.44654E1 -6.47799E1 -6.50943E1 -6.57233E1 -6.60377E1 -6.63522E1 -6.66667E1 -6.69811E1 -6.76101E1 -6.79245E1 -6.8239E1 -6.85535E1
-5.91195E1 -5.8805E1 -5.8805E1 -5.8805E1 -5.81761E1 -5.66038E1 -5.62893E1 -5.59748E1 -5.59748E1 -5.62893E1 -5.62893E1 -5.62893E1 -5.62893E1 -5.66038E1 -5.66038E1 -5.66038E1 -5.66038E1 -5.69182E1 -5.72327E1 -5.72327E1 -5.66038E1 -5.66038E1 -5.62893E1 -5.62893E1 -5.62893E1 -5.62893E1 -5.62893E1 -5.66038E1 -5.62893E1 -5.62893E1 -5.66038E1 -5.66038E1 -5.66038E1 -5.66038E1 -5.69182E1 -5.69182E1 -5.69182E1 -5.72327E1 -5.72327E1 -5.75472E1 -5.78616E1 -5.84906E1 -5.8805E1 -5.91195E1 -5.97484E1 -5.97484E1 -6.00629E1 -6.03774E1 -6.06918E1 -6.10063E1 -6.13208E1 -6.16352E1 -6.22642E1 -6.22642E1 -6.22642E1 -6.25786E1 -6.25786E1 -6.28931E1 -6.3522E1 -6.38365E1 -6.41509E1 -6.44654E1 -6.50943E1 -6.54088E1 -6.57233E1 -6.63522E1 -6.63522E1 -6.69811E1 -6.72956E1 -6.76101E1
-5.75472E1 -5.78616E1 -5.75472E1 -5.69182E1 -5.56604E1 -5.53459E1 -5.53459E1 -5.53459E1 -5.53459E1 -5.53459E1 -5.56604E1 -5.59748E1 -5.59748E1 -5.62893E1 -5.66038E1 -5.75472E1 -5.81761E1 -5.91195E1 -6.00629E1 -5.97484E1 -5.84906E1 -5.81761E1 -5.78616E1 -5.66038E1 -5.59748E1 -5.56604E1 -5.56604E1 -5.53459E1 -5.56604E1 -5.56604E1 -5.59748E1 -5.59748E1 -5.62893E1 -5.62893E1 -5.62893E1 -5.66038E1 -5.66038E1 -5.66038E1 -5.66038E1 -5.69182E1 -5.72327E1 -5.75472E1 -5.78616E1 -5.81761E1 -5.8805E1 -5.91195E1 -5.9434E1 -5.9434E1 -5.97484E1 -6.00629E1 -6.00629E1 -6.03774E1 -6.03774E1 -6.03774E1 -6.06918E1 -6.10063E1 -6.13208E1 -6.16352E1 -6.19497E1 -6.25786E1 -6.32075E1 -6.3522E1 -6.38365E1 -6.41509E1 -6.47799E1 -6.54088E1 -6.54088E1 -6.60377E1 -6.66667E1 -6.66667E1
-5.56604E1 -5.53459E1 -5.4717E1 -5.4717E1 -5.44025E1 -5.44025E1 -5.40881E1 -5.44025E1 -5.4717E1 -5.50314E1 -5.50314E1 -5.53459E1 -5.59748E1 -5.69182E1 -5.78616E1 -5.84906E1 -5.84906E1 -5.8805E1 -5.8805E1 -5.8805E1 -5.9434E1 -5.91195E1 -5.84906E1 -5.84906E1 -5.75472E1 -5.59748E1 -5.50314E1 -5.50314E1 -5.50314E1 -5.50314E1 -5.53459E1 -5.53459E1 -5.56604E1 -5.56604E1 -5.59748E1 -5.59748E1 -5.59748E1 -5.59748E1 -5.59748E1 -5.62893E1 -5.66038E1 -5.66038E1 -5.69182E1 -5.72327E1 -5.78616E1 -5.81761E1 -5.84906E1 -5.8805E1 -5.91195E1 -5.91195E1 -5.8805E1 -5.8805E1 -5.8805E1 -5.91195E1 -5.9434E1 -5.9434E1 -5.97484E1 -6.03774E1 -6.03774E1 -6.06918E1 -6.10063E1 -6.13208E1 -6.16352E1 -6.19497E1 -6.25786E1 -6.3522E1 -6.38365E1 -6.41509E1 -6.47799E1 -6.50943E1
-5.37736E1 -5.34591E1 -5.34591E1 -5.34591E1 -5.34591E1 -5.34591E1 -5.37736E1 -5.37736E1 -5.40881E1 -5.44025E1 -5.4717E1 -5.53459E1 -5.69182E1 -5.75472E1 -5.78616E1 -5.84906E1 -5.84906E1 -5.84906E1 -5.84906E1 -5.84906E1 -5.81761E1 -5.75472E1 -5.75472E1 -5.78616E1 -5.81761E1 -5.84906E1 -5.53459E1 -5.44025E1 -5.40881E1 -5.44025E1 -5.44025E1 -5.44025E1 -5.4717E1 -5.4717E1 -5.4717E1 -5.50314E1 -5.53459E1 -5.53459E1 -5.56604E1 -5.56604E1 -5.59748E1 -5.59748E1 -5.62893E1 -5.69182E1 -5.72327E1 -5.75472E1 -5.78616E1 -5.81761E1 -5.78616E1 -5.78616E1 -5.78616E1 -5.81761E1 -5.81761E1 -5.84906E1 -5.84906E1 -5.8805E1 -5.91195E1 -5.91195E1 -5.9434E1 -5.97484E1 -6.00629E1 -6.00629E1 -6.03774E1 -6.10063E1 -6.16352E1 -6.19497E1 -6.22642E1 -6.25786E1 -6.28931E1 -6.32075E1
-5.25157E1 -5.25157E1 -5.25157E1 -5.22013E1 -5.25157E1 -5.25157E1 -5.28302E1 -5.31447E1 -5.34591E1 -5.37736E1 -5.44025E1 -5.56604E1 -5.66038E1 -5.69182E1 -5.75472E1 -5.72327E1 -5.75472E1 -5.78616E1 -5.78616E1 -5.78616E1 -5.78616E1 -5.72327E1 -5.69182E1 -5.69182E1 -5.78616E1 -5.72327E1 -5.59748E1 -5.37736E1 -5.34591E1 -5.34591E1 -5.34591E1 -5.37736E1 -5.37736E1 -5.40881E1 -5.40881E1 -5.44025E1 -5.4717E1 -5.4717E1 -5.4717E1 -5.50314E1 -5.53459E1 -5.53459E1 -5.56604E1 -5.59748E1 -5.62893E1 -5.66038E1 -5.66038E1 -5.66038E1 -5.66038E1 -5.69182E1 -5.69182E1 -5.72327E1 -5.75472E1 -5.78616E1 -5.81761E1 -5.81761E1 -5.8805E1 -5.8805E1 -5.91195E1 -5.97484E1 -6.00629E1 -6.03774E1 -6.06918E1 -6.10063E1 -6.13208E1 -6.19497E1 -6.19497E1 -6.22642E1 -6.25786E1 -6.28931E1
-5.12579E1 -5.12579E1 -5.15723E1 -5.15723E1 -5.15723E1 -5.18868E1 -5.18868E1 -5.22013E1 -5.25157E1 -5.28302E1 -5.34591E1 -5.44025E1 -5.50314E1 -5.53459E1 -5.59748E1 -5.62893E1 -5.66038E1 -5.66038E1 -5.66038E1 -5.69182E1 -5.66038E1 -5.59748E1 -5.53459E1 -5.53459E1 -5.62893E1 -5.44025E1 -5.31447E1 -5.25157E1 -5.28302E1 -5.28302E1 -5.28302E1 -5.31447E1 -5.31447E1 -5.34591E1 -5.34591E1 -5.34591E1 -5.37736E1 -5.37736E1 -5.40881E1 -5.40881E1 -5.44025E1 -5.4717E1 -5.50314E1 -5.53459E1 -5.56604E1 -5.56604E1 -5.56604E1 -5.56604E1 -5.59748E1 -5.62893E1 -5.66038E1 -5.69182E1 -5.72327E1 -5.75472E1 -5.78616E1 -5.81761E1 -5.84906E1 -5.8805E1 -5.91195E1 -5.9434E1 -5.97484E1 -6.00629E1 -6.06918E1 -6.10063E1 -6.13208E1 -6.13208E1 -6.16352E1 -6.22642E1 -6.28931E1 -6.32075E1
-5.03145E1 -5.06289E1 -5.06289E1 -5.09434E1 -5.12579E1 -5.12579E1 -5.09434E1 -5.09434E1 -5.12579E1 -5.12579E1 -5.15723E1 -5.18868E1 -5.22013E1 -5.22013E1 -5.28302E1 -5.34591E1 -5.4717E1 -5.56604E1 -5.53459E1 -5.56604E1 -5.62893E1 -5.4717E1 -5.31447E1 -5.25157E1 -5.22013E1 -5.15723E1 -5.15723E1 -5.18868E1 -5.18868E1 -5.18868E1 -5.22013E1 -5.25157E1 -5.25157E1 -5.28302E1 -5.28302E1 -5.28302E1 -5.28302E1 -5.31447E1 -5.34591E1 -5.34591E1 -5.37736E1 -5.40881E1 -5.40881E1 -5.44025E1 -5.44025E1 -5.4717E1 -5.4717E1 -5.50314E1 -5.53459E1 -5.59748E1 -5.62893E1 -5.62893E1 -5.66038E1 -5.69182E1 -5.72327E1 -5.75472E1 -5.78616E1 -5.81761E1 -5.84906E1 -5.8805E1 -5.91195E1 -5.9434E1 -5.97484E1 -6.03774E1 -6.06918E1 -6.06918E1 -6.13208E1 -6.13208E1 -6.16352E1 -6.19497E1
-4.96855E1 -4.96855E1 -5E1 -5.03145E1 -5.06289E1 -5.03145E1 -4.96855E1 -4.96855E1 -4.96855E1 -4.96855E1 -5E1 -5E1 -5E1 -5E1 -5E1 -5.03145E1 -5.06289E1 -5.06289E1 -5.09434E1 -5.12579E1 -5.12579E1 -5.09434E1 -5.06289E1 -5.06289E1 -5.06289E1 -5.09434E1 -5.09434E1 -5.12579E1 -5.12579E1 -5.12579E1 -5.15723E1 -5.15723E1 -5.18868E1 -5.18868E1 -5.18868E1 -5.22013E1 -5.22013E1 -5.25157E1 -5.28302E1 -5.28302E1 -5.31447E1 -5.31447E1 -5.34591E1 -5.34591E1 -5.37736E1 -5.40881E1 -5.40881E1 -5.44025E1 -5.4717E1 -5.50314E1 -5.53459E1 -5.56604E1 -5.59748E1 -5.66038E1 -5.66038E1 -5.69182E1 -5.72327E1 -5.78616E1 -5.81761E1 -5.84906E1 -5.8805E1 -5.91195E1 -5.9434E1 -5.9434E1 -6.00629E1 -6.03774E1 -6.06918E1 -6.10063E1 -6.10063E1 -6.13208E1
-4.87421E1 -4.87421E1 -4.90566E1 -4.87421E1 -4.87421E1 -4.87421E1 -4.84277E1 -4.84277E1 -4.84277E1 -4.84277E1 -4.87421E1 -4.87421E1 -4.87421E1 -4.84277E1 -4.87421E1 -4.87421E1 -4.90566E1 -4.93711E1 -4.93711E1 -4.93711E1 -4.96855E1 -4.96855E1 -5E1 -5E1 -5E1 -5.03145E1 -5.03145E1 -5.06289E1 -5.06289E1 -5.06289E1 -5.09434E1 -5.09434E1 -5.12579E1 -5.12579E1 -5.12579E1 -5.15723E1 -5.15723E1 -5.18868E1 -5.18868E1 -5.22013E1 -5.22013E1 -5.25157E1 -5.28302E1 -5.28302E1 -5.31447E1 -5.37736E1 -5.40881E1 -5.40881E1 -5.40881E1 -5.44025E1 -5.4717E1 -5.50314E1 -5.53459E1 -5.59748E1 -5.62893E1 -5.66038E1 -5.69182E1 -5.75472E1 -5.78616E1 -5.81761E1 -5.81761E1 -5.84906E1 -5.84906E1 -5.8805E1 -5.91195E1 -5.97484E1 -5.97484E1 -6.00629E1 -6.03774E1 -6.06918E1
-4.87421E1 -4.81132E1 -4.77987E1 -4.77987E1 -4.74843E1 -4.74843E1 -4.77987E1 -4.77987E1 -4.77987E1 -4.77987E1 -4.77987E1 -4.77987E1 -4.81132E1 -4.77987E1 -4.81132E1 -4.81132E1 -4.84277E1 -4.84277E1 -4.87421E1 -4.87421E1 -4.90566E1 -4.93711E1 -4.93711E1 -4.93711E1 -4.93711E1 -4.93711E1 -4.96855E1 -4.96855E1 -5E1 -5E1 -5.03145E1 -5.06289E1 -5.09434E1 -5.12579E1 -5.15723E1 -5.15723E1 -5.12579E1 -5.12579E1 -5.12579E1 -5.15723E1 -5.18868E1 -5.18868E1 -5.22013E1 -5.25157E1 -5.28302E1 -5.31447E1 -5.34591E1 -5.34591E1 -5.37736E1 -5.37736E1 -5.40881E1 -5.44025E1 -5.4717E1 -5.53459E1 -5.59748E1 -5.62893E1 -5.66038E1 -5.66038E1 -5.69182E1 -5.72327E1 -5.75472E1 -5.78616E1 -5.78616E1 -5.81761E1 -5.84906E1 -5.84906E1 -5.91195E1 -5.9434E1 -5.9434E1 -5.9434E1
-4.74843E1 -4.68553E1 -4.68553E1 -4.68553E1 -4.65409E1 -4.65409E1 -4.65409E1 -4.65409E1 -4.68553E1 -4.68553E1 -4.71698E1 -4.71698E1 -4.71698E1 -4.71698E1 -4.74843E1 -4.74843E1 -4.77987E1 -4.77987E1 -4.81132E1 -4.84277E1 -4.84277E1 -4.87421E1 -4.87421E1 -4.90566E1 -4.90566E1 -4.90566E1 -4.90566E1 -4.93711E1 -5E1 -5.03145E1 -5.12579E1 -5.18868E1 -5.25157E1 -5.31447E1 -5.37736E1 -5.37736E1 -5.40881E1 -5.28302E1 -5.09434E1 -5.12579E1 -5.12579E1 -5.12579E1 -5.18868E1 -5.18868E1 -5.22013E1 -5.22013E1 -5.25157E1 -5.31447E1 -5.31447E1 -5.37736E1 -5.37736E1 -5.40881E1 -5.4717E1 -5.53459E1 -5.56604E1 -5.59748E1 -5.59748E1 -5.62893E1 -5.66038E1 -5.69182E1 -5.69182E1 -5.72327E1 -5.72327E1 -5.72327E1 -5.78616E1 -5.78616E1 -5.81761E1 -5.81761E1 -5.81761E1 -5.78616E1
-4.55975E1 -4.55975E1 -4.59119E1 -4.59119E1 -4.55975E1 -4.55975E1 -4.59119E1 -4.55975E1 -4.62264E1 -4.65409E1 -4.74843E1 -4.84277E1 -4.90566E1 -4.93711E1 -4.90566E1 -4.87421E1 -4.77987E1 -4.74843E1 -4.74843E1 -4.77987E1 -4.81132E1 -4.81132E1 -4.84277E1 -4.84277E1 -4.87421E1 -4.87421E1 -4.93711E1 -4.96855E1 -5.03145E1 -5.12579E1 -5.22013E1 -5.28302E1 -5.34591E1 -5.34591E1 -5.31447E1 -5.31447E1 -5.31447E1 -5.34591E1 -5.25157E1 -5.09434E1 -5.09434E1 -5.06289E1 -5.09434E1 -5.12579E1 -5.15723E1 -5.18868E1 -5.18868E1 -5.22013E1 -5.25157E1 -5.31447E1 -5.34591E1 -5.44025E1 -5.4717E1 -5.50314E1 -5.50314E1 -5.53459E1 -5.56604E1 -5.56604E1 -5.59748E1 -5.59748E1 -5.62893E1 -5.62893E1 -5.66038E1 -5.69182E1 -5.69182E1 -5.72327E1 -5.69182E1 -5.66038E1 -5.66038E1 -5.66038E1
-4.59119E1 -4.55975E1 -4.5283E1 -4.49686E1 -4.49686E1 -4.49686E1 -4.49686E1 -4.49686E1 -4.5283E1 -4.55975E1 -4.62264E1 -4.71698E1 -4.84277E1 -4.90566E1 -4.93711E1 -4.93711E1 -4.96855E1 -4.81132E1 -4.71698E1 -4.71698E1 -4.77987E1 -4.81132E1 -4.81132E1 -4.81132E1 -4.87421E1 -4.90566E1 -4.96855E1 -5.03145E1 -5.09434E1 -5.12579E1 -5.15723E1 -5.15723E1 -5.18868E1 -5.22013E1 -5.25157E1 -5.28302E1 -5.31447E1 -5.34591E1 -5.37736E1 -5.09434E1 -5.03145E1 -5E1 -5.06289E1 -5.06289E1 -5.06289E1 -5.09434E1 -5.12579E1 -5.15723E1 -5.18868E1 -5.25157E1 -5.28302E1 -5.34591E1 -5.40881E1 -5.40881E1 -5.44025E1 -5.44025E1 -5.4717E1 -5.50314E1 -5.50314E1 -5.53459E1 -5.56604E1 -5.56604E1 -5.59748E1 -5.59748E1 -5.66038E1 -5.62893E1 -5.62893E1 -5.59748E1 -5.59748E1 -5.62893E1
-4.5283E1 -4.5283E1 -4.55975E1 -4.55975E1 -4.46541E1 -4.49686E1 -4.43396E1 -4.40252E1 -4.43396E1 -4.49686E1 -4.5283E1 -4.59119E1 -4.71698E1 -4.74843E1 -4.77987E1 -4.81132E1 -4.81132E1 -4.68553E1 -4.68553E1 -4.71698E1 -4.74843E1 -4.77987E1 -4.81132E1 -4.84277E1 -4.84277E1 -4.90566E1 -4.96855E1 -5E1 -5.03145E1 -5.06289E1 -5.09434E1 -5.12579E1 -5.18868E1 -5.15723E1 -5.18868E1 -5.18868E1 -5.25157E1 -5.31447E1 -5.22013E1 -5E1 -4.96855E1 -4.96855E1 -5E1 -4.96855E1 -5E1 -5E1 -5.06289E1 -5.12579E1 -5.22013E1 -5.25157E1 -5.28302E1 -5.28302E1 -5.31447E1 -5.34591E1 -5.34591E1 -5.34591E1 -5.34591E1 -5.37736E1 -5.40881E1 -5.44025E1 -5.4717E1 -5.4717E1 -5.50314E1 -5.53459E1 -5.56604E1 -5.56604E1 -5.56604E1 -5.53459E1 -5.53459E1 -5.53459E1
-4.37107E1 -4.33962E1 -4.37107E1 -4.40252E1 -4.43396E1 -4.40252E1 -4.33962E1 -4.30818E1 -4.37107E1 -4.40252E1 -4.46541E1 -4.5283E1 -4.55975E1 -4.62264E1 -4.74843E1 -4.77987E1 -4.71698E1 -4.62264E1 -4.62264E1 -4.65409E1 -4.68553E1 -4.74843E1 -4.75073E1 -4.81132E1 -4.87421E1 -4.93711E1 -5E1 -5.06289E1 -5.06289E1 -5.03145E1 -5.03145E1 -5.06289E1 -5.12579E1 -5.12579E1 -5.09434E1 -5.12579E1 -5.12579E1 -5.06289E1 -4.93711E1 -4.87421E1 -4.90566E1 -4.93711E1 -4.90566E1 -4.93711E1 -4.93711E1 -5E1 -5.03145E1 -5.06289E1 -5.09434E1 -5.12579E1 -5.18868E1 -5.18868E1 -5.22013E1 -5.25157E1 -5.25157E1 -5.25157E1 -5.28302E1 -5.31447E1 -5.34591E1 -5.37736E1 -5.37736E1 -5.40881E1 -5.40881E1 -5.44025E1 -5.44025E1 -5.44025E1 -5.44025E1 -5.44025E1 -5.44025E1 -5.44025E1
-4.21384E1 -4.18239E1 -4.18239E1 -4.21384E1 -4.21384E1 -4.21384E1 -4.24528E1 -4.24528E1 -4.30818E1 -4.33962E1 -4.40252E1 -4.46541E1 -4.49686E1 -4.5283E1 -4.62264E1 -4.71698E1 -4.65409E1 -4.55975E1 -4.55975E1 -4.59119E1 -4.66276E1 -4.68553E1 -4.72141E1 -4.78006E1 -4.84277E1 -4.93711E1 -4.93711E1 -4.96855E1 -5E1 -5E1 -5E1 -4.93711E1 -4.96855E1 -4.90566E1 -4.90566E1 -4.90566E1 -4.87421E1 -4.84277E1 -4.77987E1 -4.77987E1 -4.81132E1 -4.84277E1 -4.84277E1 -4.90566E1 -5E1 -5E1 -5E1 -4.96855E1 -4.96855E1 -5.03145E1 -5.06289E1 -5.09434E1 -5.15723E1 -5.12579E1 -5.15723E1 -5.18868E1 -5.22013E1 -5.22013E1 -5.25157E1 -5.28302E1 -5.28302E1 -5.31447E1 -5.34591E1 -5.34591E1 -5.34591E1 -5.34591E1 -5.34591E1 -5.34591E1 -5.37736E1 -5.37736E1
-4.0566E1 -4.0566E1 -4.0566E1 -4.0566E1 -4.0566E1 -4.08805E1 -4.1195E1 -4.18239E1 -4.24528E1 -4.33962E1 -4.40252E1 -4.43396E1 -4.46541E1 -4.49686E1 -4.59119E1 -4.59119E1 -4.5283E1 -4.49686E1 -4.51613E1 -4.54545E1 -4.60411E1 -4.63343E1 -4.69208E1 -4.72141E1 -4.75073E1 -4.78006E1 -4.78006E1 -4.81132E1 -4.84277E1 -4.81132E1 -4.77987E1 -4.74843E1 -4.74843E1 -4.74843E1 -4.74843E1 -4.71698E1 -4.71698E1 -4.71698E1 -4.71698E1 -4.71698E1 -4.71698E1 -4.77987E1 -4.77987E1 -4.84277E1 -4.87421E1 -4.90566E1 -4.96855E1 -4.93711E1 -4.90566E1 -4.96855E1 -5E1 -5.03145E1 -5.06289E1 -5.06289E1 -5.03145E1 -5.09434E1 -5.12579E1 -5.15723E1 -5.15723E1 -5.18868E1 -5.22013E1 -5.22013E1 -5.22013E1 -5.25157E1 -5.28302E1 -5.28302E1 -5.25157E1 -5.28302E1 -5.31447E1 -5.34591E1
-3.83648E1 -3.83648E1 -3.86792E1 -3.86792E1 -3.93082E1 -3.96226E1 -4.02516E1 -4.1195E1 -4.21384E1 -4.27673E1 -4.30818E1 -4.37107E1 -4.43396E1 -4.46541E1 -4.49686E1 -4.5283E1 -4.43396E1 -4.42815E1 -4.45748E1 -4.51613E1 -4.57478E1 -4.63343E1 -4.66276E1 -4.69208E1 -4.69208E1 -4.69208E1 -4.66276E1 -4.66276E1 -4.69208E1 -4.66276E1 -4.65409E1 -4.63343E1 -4.65409E1 -4.65409E1 -4.65409E1 -4.65409E1 -4.65409E1 -4.65409E1 -4.65409E1 -4.65409E1 -4.62264E1 -4.62264E1 -4.65409E1 -4.65409E1 -4.68553E1 -4.71698E1 -4.77987E1 -4.77987E1 -4.81132E1 -4.84277E1 -4.90566E1 -4.93711E1 -4.96855E1 -4.96855E1 -4.96855E1 -4.96855E1 -5E1 -5.03145E1 -5.06289E1 -5.09434E1 -5.12579E1 -5.12579E1 -5.15723E1 -5.15723E1 -5.18868E1 -5.18868E1 -5.18868E1 -5.22013E1 -5.22013E1 -5.25157E1
-3.71069E1 -3.74214E1 -3.74214E1 -3.77358E1 -3.83648E1 -3.86792E1 -3.93082E1 -4.04692E1 -4.1195E1 -4.18239E1 -4.24528E1 -4.27673E1 -4.30818E1 -4.33962E1 -4.40252E1 -4.37107E1 -4.3695E1 -4.3695E1 -4.42815E1 -4.4868E1 -4.57478E1 -4.63343E1 -4.69208E1 -4.72141E1 -4.72141E1 -4.72141E1 -4.66276E1 -4.63343E1 -4.60411E1 -4.57478E1 -4.57478E1 -4.54545E1 -4.5283E1 -4.5283E1 -4.5283E1 -4.55975E1 -4.55975E1 -4.55975E1 -4.59119E1 -4.55975E1 -4.49686E1 -4.43396E1 -4.43396E1 -4.46541E1 -4.5283E1 -4.5283E1 -4.59119E1 -4.62264E1 -4.65409E1 -4.71698E1 -4.74843E1 -4.77987E1 -4.81132E1 -4.81132E1 -4.84277E1 -4.93711E1 -4.93711E1 -4.93711E1 -4.96855E1 -5E1 -5.06289E1 -5.06289E1 -5.09434E1 -5.09434E1 -5.12579E1 -5.12579E1 -5.12579E1 -5.15723E1 -5.18868E1 -5.22013E1
-3.52201E1 -3.55346E1 -3.58491E1 -3.6478E1 -3.71069E1 -3.80503E1 -3.90029E1 -4.0176E1 -4.07625E1 -4.10557E1 -4.15094E1 -4.18239E1 -4.18239E1 -4.21384E1 -4.22287E1 -4.2522E1 -4.28153E1 -4.31085E1 -4.3695E1 -4.45748E1 -4.54545E1 -4.60411E1 -4.63343E1 -4.66276E1 -4.69208E1 -4.69208E1 -4.63343E1 -4.57478E1 -4.54545E1 -4.51613E1 -4.51613E1 -4.4868E1 -4.46541E1 -4.43396E1 -4.43396E1 -4.43396E1 -4.43396E1 -4.43396E1 -4.40252E1 -4.40252E1 -4.37107E1 -4.30818E1 -4.30818E1 -4.30818E1 -4.33962E1 -4.43396E1 -4.49686E1 -4.5283E1 -4.59119E1 -4.62264E1 -4.65409E1 -4.68553E1 -4.71698E1 -4.77987E1 -4.81132E1 -4.87421E1 -4.87421E1 -4.87421E1 -4.87421E1 -4.93711E1 -4.96855E1 -5E1 -5.03145E1 -5.03145E1 -5.03145E1 -5.03145E1 -5.06289E1 -5.09434E1 -5.09434E1 -5.09434E1
-3.36478E1 -3.42767E1 -3.45912E1 -3.52201E1 -3.58491E1 -3.67925E1 -3.84164E1 -3.98827E1 -4.04692E1 -4.07625E1 -4.10557E1 -4.07625E1 -4.07625E1 -4.07625E1 -4.10557E1 -4.16422E1 -4.19355E1 -4.2522E1 -4.34018E1 -4.39883E1 -4.4868E1 -4.54545E1 -4.60411E1 -4.63343E1 -4.63343E1 -4.63343E1 -4.57478E1 -4.51613E1 -4.51613E1 -4.4868E1 -4.45748E1 -4.42815E1 -4.40252E1 -4.34018E1 -4.33962E1 -4.33962E1 -4.33962E1 -4.33962E1 -4.33962E1 -4.33962E1 -4.30818E1 -4.33962E1 -4.37107E1 -4.30818E1 -4.30818E1 -4.33962E1 -4.37107E1 -4.43396E1 -4.49686E1 -4.5283E1 -4.55975E1 -4.59119E1 -4.62264E1 -4.65409E1 -4.68553E1 -4.77987E1 -4.81132E1 -4.81132E1 -4.84277E1 -4.84277E1 -4.90566E1 -4.90566E1 -4.93711E1 -4.93711E1 -4.96855E1 -4.96855E1 -4.96855E1 -5E1 -5.03145E1 -5.03145E1
-3.14465E1 -3.23899E1 -3.33333E1 -3.39623E1 -3.45912E1 -3.57771E1 -3.90029E1 -3.98827E1 -4.0176E1 -4.04692E1 -4.04692E1 -4.02516E1 -4.02516E1 -4.02516E1 -4.02516E1 -4.07625E1 -4.1349E1 -4.22287E1 -4.28153E1 -4.3695E1 -4.42815E1 -4.4868E1 -4.54545E1 -4.57478E1 -4.57478E1 -4.54545E1 -4.51613E1 -4.4868E1 -4.45748E1 -4.42815E1 -4.39883E1 -4.3695E1 -4.31085E1 -4.27673E1 -4.21384E1 -4.24528E1 -4.24528E1 -4.24528E1 -4.24528E1 -4.27673E1 -4.33962E1 -4.37107E1 -4.40252E1 -4.37107E1 -4.27673E1 -4.27673E1 -4.30818E1 -4.33962E1 -4.40252E1 -4.43396E1 -4.46541E1 -4.5283E1 -4.55975E1 -4.59119E1 -4.62264E1 -4.65409E1 -4.71698E1 -4.74843E1 -4.77987E1 -4.81132E1 -4.84277E1 -4.84277E1 -4.87421E1 -4.87421E1 -4.87421E1 -4.90566E1 -4.90566E1 -4.93711E1 -4.96855E1 -4.96855E1
-2.98742E1 -3.11321E1 -3.23899E1 -3.33333E1 -3.46041E1 -3.66569E1 -3.87097E1 -3.98827E1 -4.0176E1 -3.98827E1 -3.95894E1 -3.93082E1 -3.90029E1 -3.90029E1 -3.93082E1 -3.98827E1 -4.04692E1 -4.1349E1 -4.2522E1 -4.31085E1 -4.39883E1 -4.45748E1 -4.4868E1 -4.51613E1 -4.51613E1 -4.4868E1 -4.45748E1 -4.42815E1 -4.39883E1 -4.34018E1 -4.31085E1 -4.2522E1 -4.19355E1 -4.15094E1 -4.1195E1 -4.1195E1 -4.15094E1 -4.18239E1 -4.24528E1 -4.27673E1 -4.24528E1 -4.27673E1 -4.30818E1 -4.30818E1 -4.21384E1 -4.18239E1 -4.18239E1 -4.21384E1 -4.27673E1 -4.33962E1 -4.40252E1 -4.46541E1 -4.49686E1 -4.55975E1 -4.55975E1 -4.55975E1 -4.59119E1 -4.68553E1 -4.71698E1 -4.74843E1 -4.74843E1 -4.81132E1 -4.84277E1 -4.81132E1 -4.81132E1 -4.81132E1 -4.84277E1 -4.87421E1 -4.87421E1 -4.87421E1
-2.98742E1 -3.11321E1 -3.20755E1 -3.34311E1 -3.54839E1 -3.75367E1 -3.92962E1 -4.0176E1 -3.98827E1 -3.95894E1 -3.90029E1 -3.81232E1 -3.77358E1 -3.77358E1 -3.78299E1 -3.87097E1 -3.95894E1 -4.04692E1 -4.16422E1 -4.28153E1 -4.3695E1 -4.42815E1 -4.4868E1 -4.4868E1 -4.4868E1 -4.4868E1 -4.39883E1 -4.3695E1 -4.31085E1 -4.22287E1 -4.19355E1 -4.1349E1 -4.07625E1 -4.0566E1 -4.02516E1 -4.02516E1 -4.08805E1 -4.1195E1 -4.15094E1 -4.15094E1 -4.15094E1 -4.18239E1 -4.18239E1 -4.15094E1 -4.08805E1 -4.08805E1 -4.1195E1 -4.18239E1 -4.24528E1 -4.27673E1 -4.33962E1 -4.37107E1 -4.46541E1 -4.5283E1 -4.5283E1 -4.49686E1 -4.5283E1 -4.59119E1 -4.65409E1 -4.68553E1 -4.71698E1 -4.71698E1 -4.74843E1 -4.71698E1 -4.71698E1 -4.74843E1 -4.71698E1 -4.74843E1 -4.77987E1 -4.77987E1
-3.08176E1 -3.1761E1 -3.23899E1 -3.43109E1 -3.60704E1 -3.81232E1 -4.0176E1 -4.04692E1 -3.95894E1 -3.87097E1 -3.78299E1 -3.69501E1 -3.6478E1 -3.6478E1 -3.67925E1 -3.75367E1 -3.87097E1 -3.98827E1 -4.10557E1 -4.22287E1 -4.34018E1 -4.39883E1 -4.45748E1 -4.4868E1 -4.4868E1 -4.45748E1 -4.39883E1 -4.31085E1 -4.22287E1 -4.1349E1 -4.07625E1 -3.98827E1 -3.93082E1 -3.93082E1 -3.89937E1 -3.96226E1 -3.99371E1 -4.02516E1 -4.02516E1 -4.02516E1 -4.0566E1 -4.02516E1 -4.02516E1 -4.02516E1 -4.02516E1 -4.08805E1 -4.1195E1 -4.15094E1 -4.21384E1 -4.24528E1 -4.27673E1 -4.30818E1 -4.33962E1 -4.40252E1 -4.43396E1 -4.43396E1 -4.46541E1 -4.5283E1 -4.55975E1 -4.62264E1 -4.65409E1 -4.65409E1 -4.65409E1 -4.65409E1 -4.68553E1 -4.71698E1 -4.71698E1 -4.71698E1 -4.71698E1 -4.71698E1
-3.1761E1 -3.23899E1 -3.34311E1 -3.48974E1 -3.63636E1 -3.75367E1 -3.87097E1 -3.90029E1 -3.84164E1 -3.78299E1 -3.69501E1 -3.57771E1 -3.49057E1 -3.45912E1 -3.52201E1 -3.63636E1 -3.75367E1 -3.90029E1 -4.0176E1 -4.16422E1 -4.28153E1 -4.39883E1 -4.45748E1 -4.4868E1 -4.4868E1 -4.42815E1 -4.3695E1 -4.28153E1 -4.19355E1 -4.07625E1 -3.98827E1 -3.90029E1 -3.83648E1 -3.80503E1 -3.86792E1 -3.93082E1 -3.93082E1 -3.93082E1 -3.93082E1 -3.93082E1 -3.96226E1 -3.96226E1 -3.99371E1 -3.99371E1 -3.99371E1 -4.02516E1 -4.0566E1 -4.08805E1 -4.18239E1 -4.18239E1 -4.21384E1 -4.27673E1 -4.33962E1 -4.37107E1 -4.37107E1 -4.37107E1 -4.40252E1 -4.43396E1 -4.49686E1 -4.5283E1 -4.55975E1 -4.55975E1 -4.55975E1 -4.59119E1 -4.65409E1 -4.65409E1 -4.68553E1 -4.68553E1 -4.68553E1 -4.68553E1
-3.23899E1 -3.34311E1 -3.43109E1 -3.48974E1 -3.51906E1 -3.60704E1 -3.66569E1 -3.66569E1 -3.63636E1 -3.60704E1 -3.57771E1 -3.48974E1 -3.36478E1 -3.33333E1 -3.37243E1 -3.48974E1 -3.63636E1 -3.75367E1 -3.90029E1 -4.07625E1 -4.22287E1 -4.34018E1 -4.3695E1 -4.39883E1 -4.3695E1 -4.34018E1 -4.28153E1 -4.1349E1 -3.98827E1 -3.87097E1 -3.81232E1 -3.80503E1 -3.74214E1 -3.67925E1 -3.71069E1 -3.74214E1 -3.77358E1 -3.83648E1 -3.83648E1 -3.80503E1 -3.83648E1 -3.89937E1 -3.93082E1 -3.96226E1 -3.96226E1 -3.99371E1 -3.99371E1 -4.02516E1 -4.1195E1 -4.18239E1 -4.21384E1 -4.24528E1 -4.27673E1 -4.27673E1 -4.30818E1 -4.33962E1 -4.33962E1 -4.37107E1 -4.40252E1 -4.43396E1 -4.46541E1 -4.46541E1 -4.49686E1 -4.5283E1 -4.5283E1 -4.59119E1 -4.65409E1 -4.65409E1 -4.62264E1 -4.59119E1
-3.34311E1 -3.48974E1 -3.48974E1 -3.43109E1 -3.40176E1 -3.37243E1 -3.40176E1 -3.40176E1 -3.37243E1 -3.34311E1 -3.34311E1 -3.31378E1 -3.25513E1 -3.27044E1 -3.34311E1 -3.43109E1 -3.57771E1 -3.69501E1 -3.84164E1 -4.0176E1 -4.1349E1 -4.22287E1 -4.2522E1 -4.2522E1 -4.2522E1 -4.2522E1 -4.1349E1 -3.92962E1 -3.75367E1 -3.6478E1 -3.58491E1 -3.58491E1 -3.58491E1 -3.55346E1 -3.55346E1 -3.55346E1 -3.58491E1 -3.6478E1 -3.67925E1 -3.67925E1 -3.74214E1 -3.77358E1 -3.83648E1 -3.86792E1 -3.93082E1 -3.96226E1 -3.99371E1 -3.99371E1 -4.0566E1 -4.08805E1 -4.1195E1 -4.15094E1 -4.18239E1 -4.21384E1 -4.27673E1 -4.27673E1 -4.30818E1 -4.30818E1 -4.33962E1 -4.37107E1 -4.37107E1 -4.40252E1 -4.43396E1 -4.46541E1 -4.46541E1 -4.5283E1 -4.55975E1 -4.55975E1 -4.55975E1 -4.55975E1
-3.40176E1 -3.60704E1 -3.57771E1 -3.37243E1 -3.25513E1 -3.16716E1 -3.13783E1 -3.1085E1 -3.07918E1 -3.07918E1 -3.08176E1 -3.11321E1 -3.11321E1 -3.16716E1 -3.25513E1 -3.37243E1 -3.51906E1 -3.60704E1 -3.75367E1 -3.90029E1 -4.0176E1 -4.07625E1 -4.07625E1 -4.07625E1 -4.04692E1 -4.04692E1 -3.90029E1 -3.66569E1 -3.49057E1 -3.42767E1 -3.42767E1 -3.39623E1 -3.39623E1 -3.39623E1 -3.42767E1 -3.42767E1 -3.45912E1 -3.52201E1 -3.52201E1 -3.55346E1 -3.61635E1 -3.67925E1 -3.74214E1 -3.77358E1 -3.83648E1 -3.89937E1 -3.89937E1 -3.93082E1 -3.99371E1 -4.02516E1 -3.99371E1 -3.99371E1 -4.0566E1 -4.1195E1 -4.18239E1 -4.24528E1 -4.27673E1 -4.27673E1 -4.27673E1 -4.30818E1 -4.30818E1 -4.33962E1 -4.33962E1 -4.37107E1 -4.43396E1 -4.43396E1 -4.46541E1 -4.5283E1 -4.5283E1 -4.55975E1
-3.22581E1 -3.46041E1 -3.40176E1 -3.1085E1 -2.93255E1 -2.83019E1 -2.81525E1 -2.78592E1 -2.79874E1 -2.83019E1 -2.86164E1 -2.92453E1 -2.98742E1 -3.02053E1 -3.1761E1 -3.34311E1 -3.46041E1 -3.54839E1 -3.66569E1 -3.78299E1 -3.84164E1 -3.87097E1 -3.87097E1 -3.84164E1 -3.78299E1 -3.72434E1 -3.57771E1 -3.39623E1 -3.23899E1 -3.1761E1 -3.20755E1 -3.20755E1 -3.27044E1 -3.27044E1 -3.30189E1 -3.33333E1 -3.33333E1 -3.33333E1 -3.39623E1 -3.45912E1 -3.55346E1 -3.67925E1 -3.74214E1 -3.71069E1 -3.80503E1 -3.83648E1 -3.83648E1 -3.86792E1 -3.89937E1 -3.86792E1 -3.86792E1 -3.93082E1 -3.96226E1 -4.02516E1 -4.1195E1 -4.18239E1 -4.27673E1 -4.30818E1 -4.27673E1 -4.27673E1 -4.27673E1 -4.27673E1 -4.30818E1 -4.33962E1 -4.37107E1 -4.40252E1 -4.43396E1 -4.46541E1 -4.46541E1 -4.46541E1
