_episodes_rmd/output/experiment_small/species_big_extent_clamping.asc
ncols         660
nrows         720
xllcorner     -130.0
yllcorner     -60.0
cellsize      0.166666666666667
NODATA_value  -9999
[rows 66 to 98 of 720, columns 0 to 74 of 660]
-9999 -9999 -9999 -9999 -9999 -9999 -9999 -9999 -9999 -9999 -9999 -9999 -9999 -9999 -9999 -9999 -9999 -9999 -9999 -9999 -9999 -9999 -9999 -9999 -9999 -9999 3.21124E-2 3.26551E-2 3.17765E-2 2.85626E-2 3.35171E-2 3.71344E-2 3.77889E-2 4.15441E-2 4.3635E-2 3.77439E-2 2.47808E-2 0E0 0E0 0E0 0E0 0E0 -9999 0E0 0E0 0E0 0E0 5.9157E-3 2.41641E-2 2.68572E-2 2.27956E-2 1.84105E-2 8.28755E-3 9.26179E-3 6.62771E-3 1.75767E-2 1.98837E-2 3.01502E-2 3.43359E-2 3.11947E-2 3.10617E-2 9.97946E-4 8.26098E-4 8.46337E-4 1.14053E-3 3.88496E-4 3.76474E-4 1.09725E-3 8.21238E-4 1.17814E-3 6.22315E-4 4.54709E-4 2.62932E-4 1.1865E-4 3.56868E-4
-9999 -9999 -9999 -9999 -9999 -9999 -9999 -9999 -9999 -9999 -9999 -9999 -9999 -9999 -9999 -9999 -9999 -9999 -9999 -9999 -9999 -9999 -9999 -9999 -9999 -9999 -9999 -9999 2.83793E-2 2.66937E-2 2.16994E-2 2.13497E-2 3.65655E-2 4.44284E-2 4.96601E-2 5.02137E-2 2.80558E-2 0E0 0E0 0E0 0E0 0E0 0E0 0E0 0E0 0E0 0E0 7.42876E-3 2.75087E-2 3.68948E-2 4.39529E-2 3.42366E-2 3.28882E-2 2.98516E-2 4.72161E-3 1.27498E-2 2.02483E-2 2.26183E-2 2.31262E-2 1.31429E-2 2.7E-2 9.40397E-4 7.09637E-4 7.83276E-4 1.0226E-3 1.06427E-3 1.27461E-3 1.08513E-3 8.88031E-4 8.79073E-3 7.10351E-4 2.57484E-4 3.63778E-4 4.67003E-4 4.88725E-4
-9999 -9999 -9999 -9999 -9999 -9999 -9999 -9999 -9999 -9999 -9999 -9999 -9999 -9999 -9999 -9999 -9999 -9999 -9999 -9999 -9999 -9999 -9999 -9999 -9999 -9999 -9999 -9999 -9999 -9999 -9999 1.69931E-2 2.71291E-2 3.30955E-2 4.40411E-2 4.42525E-2 3.19244E-2 1.65904E-3 0E0 0E0 0E0 0E0 0E0 0E0 0E0 0E0 0E0 0E0 2.57817E-2 5.01043E-2 5.15576E-2 6.94638E-2 4.75954E-2 2.54101E-2 1.04705E-2 1.11854E-2 1.20141E-2 3.40144E-3 1.10967E-3 5.00204E-3 1.74368E-2 6.43803E-4 5.5691E-4 7.1119E-4 9.45866E-4 9.38643E-4 8.61114E-4 8.51909E-4 8.94403E-4 2.18457E-3 6.56746E-4 1.91953E-4 2.87862E-4 4.02256E-4 4.78964E-4
-9999 -9999 -9999 -9999 -9999 -9999 -9999 -9999 -9999 -9999 -9999 -9999 -9999 -9999 -9999 -9999 -9999 -9999 -9999 -9999 -9999 -9999 -9999 -9999 -9999 -9999 -9999 -9999 -9999 -9999 -9999 1.35345E-2 9.24657E-3 4.78957E-3 4.194E-2 3.89493E-2 1.88933E-2 0E0 0E0 0E0 0E0 0E0 0E0 0E0 0E0 0E0 0E0 2.64172E-3 3.43096E-2 5.53499E-2 7.35335E-2 6.08938E-2 4.88432E-2 3.74582E-2 2.63728E-2 6.24631E-3 1.31076E-2 7.21758E-3 8.74376E-4 5.59175E-4 2.19158E-3 4.50893E-4 3.40528E-4 4.74795E-4 7.49499E-4 8.26278E-4 6.88239E-4 4.8909E-4 7.37123E-4 5.47873E-4 1.45792E-4 3.65738E-4 2.22598E-4 2.66262E-4 5.12177E-4
-9999 -9999 -9999 -9999 -9999 -9999 -9999 -9999 -9999 -9999 -9999 -9999 -9999 -9999 -9999 -9999 -9999 -9999 -9999 -9999 -9999 -9999 -9999 -9999 -9999 -9999 -9999 -9999 -9999 -9999 -9999 8.15943E-3 1.45714E-2 3.61147E-2 4.99471E-2 3.96011E-2 2.17463E-2 0E0 0E0 -9999 -9999 0E0 -9999 0E0 0E0 0E0 0E0 0E0 1.84903E-2 5.6317E-2 7.23451E-2 6.96716E-2 5.80882E-2 4.77621E-2 3.35433E-2 1.77979E-2 2.73651E-4 1.66596E-2 2.61538E-3 4.29807E-4 5.57817E-4 3.77447E-5 3.29863E-4 3.85657E-4 5.07469E-4 4.97122E-4 3.40178E-4 3.22549E-4 4.2272E-4 3.00386E-4 0E0 2.04482E-4 3.05286E-4 0E0 3.06311E-4
-9999 -9999 -9999 -9999 -9999 -9999 -9999 -9999 -9999 -9999 -9999 -9999 -9999 -9999 -9999 -9999 -9999 -9999 -9999 -9999 -9999 -9999 -9999 -9999 -9999 -9999 -9999 -9999 -9999 -9999 -9999 7.27218E-3 2.35561E-2 6.66213E-2 7.48471E-2 6.82894E-2 5.70292E-2 3.67497E-2 8.96468E-3 0E0 0E0 0E0 0E0 0E0 0E0 0E0 0E0 0E0 9.52265E-4 5.59659E-2 6.98579E-2 7.22447E-2 6.48416E-2 5.38855E-2 4.36157E-2 2.80659E-2 7.67061E-3 4.32142E-4 2.32615E-3 4.08533E-4 1.12245E-4 0E0 2.5273E-4 3.52539E-4 3.46781E-4 3.29602E-4 2.73369E-4 1.45576E-4 9.47427E-5 2.55213E-5 0E0 1.73742E-4 3.57097E-5 0E0 0E0
-9999 -9999 -9999 -9999 -9999 -9999 -9999 -9999 -9999 -9999 -9999 -9999 -9999 -9999 -9999 -9999 -9999 -9999 -9999 -9999 -9999 -9999 -9999 -9999 -9999 -9999 -9999 -9999 -9999 -9999 -9999 2.01179E-2 4.71343E-2 3.64851E-2 4.22615E-2 3.83073E-2 8.03083E-2 6.21548E-2 5.2935E-2 4.68702E-2 3.81751E-2 2.00964E-2 0E0 0E0 0E0 0E0 0E0 0E0 0E0 2.17832E-2 7.07527E-2 7.47185E-2 7.31383E-2 6.72823E-2 5.33455E-2 2.89012E-2 8.65962E-3 2.68839E-3 3.99616E-4 1.65854E-4 0E0 2.20046E-4 2.50362E-4 3.12745E-4 3.53387E-4 3.15614E-4 2.33836E-4 2.19746E-4 1.18535E-4 4.27536E-5 0E0 0E0 0E0 0E0 0E0
-9999 -9999 -9999 -9999 -9999 -9999 -9999 -9999 -9999 -9999 -9999 -9999 -9999 -9999 -9999 -9999 -9999 -9999 -9999 -9999 -9999 -9999 -9999 -9999 -9999 -9999 -9999 -9999 -9999 -9999 -9999 -9999 6.25971E-2 3.92689E-2 4.76314E-2 4.92092E-2 4.17058E-2 7.54199E-2 6.02491E-2 5.5357E-2 4.88974E-2 3.91411E-2 0E0 0E0 0E0 0E0 0E0 0E0 0E0 4.78567E-2 7.34423E-2 7.6421E-2 7.28255E-2 6.88004E-2 5.59803E-2 2.05049E-2 6.37969E-5 2.49207E-4 0E0 9.9762E-5 2.37237E-4 2.98587E-4 2.71635E-4 3.35777E-4 3.27611E-4 3.00485E-4 2.76922E-4 1.64388E-4 8.05216E-5 0E0 0E0 0E0 0E0 0E0 0E0
-9999 -9999 -9999 -9999 -9999 -9999 -9999 -9999 -9999 -9999 -9999 -9999 -9999 -9999 -9999 -9999 -9999 -9999 -9999 -9999 -9999 -9999 -9999 -9999 -9999 -9999 -9999 -9999 -9999 -9999 -9999 -9999 -9999 3.76492E-2 4.40218E-2 5.2664E-2 4.84664E-2 4.36528E-2 8.6552E-2 6.87052E-2 5.93426E-2 3.94186E-2 5.86368E-4 0E0 0E0 0E0 0E0 0E0 0E0 4.0952E-2 7.4109E-2 6.62635E-2 5.79184E-2 5.67386E-2 5.62062E-2 2.37549E-2 0E0 2.02249E-4 0E0 2.68508E-4 1.16057E-4 2.15416E-4 2.65294E-4 3.20362E-4 4.40381E-4 3.67652E-4 3.13826E-4 1.8858E-4 1.26948E-4 1.03841E-5 0E0 0E0 0E0 0E0 0E0
-9999 -9999 -9999 -9999 -9999 -9999 -9999 -9999 -9999 -9999 -9999 -9999 -9999 -9999 -9999 -9999 -9999 -9999 -9999 -9999 -9999 -9999 -9999 -9999 -9999 -9999 -9999 -9999 -9999 -9999 -9999 -9999 -9999 3.10898E-2 3.63619E-2 4.59055E-2 5.48942E-2 4.9381E-2 4.11935E-2 7.86129E-2 5.56281E-2 2.30603E-2 1.83988E-3 0E0 0E0 0E0 0E0 0E0 2.72836E-2 6.08421E-2 7.68137E-2 6.31746E-2 5.848E-2 6.33032E-2 5.18642E-2 2.69187E-2 5.38244E-5 0E0 0E0 0E0 1.47461E-4 3.14285E-4 3.37801E-4 1.23618E-3 1.12146E-3 3.93592E-4 3.35285E-4 2.42315E-4 1.39737E-4 8.32573E-5 0E0 0E0 0E0 0E0 0E0
-9999 -9999 -9999 -9999 -9999 -9999 -9999 -9999 -9999 -9999 -9999 -9999 -9999 -9999 -9999 -9999 -9999 -9999 -9999 -9999 -9999 -9999 -9999 -9999 -9999 -9999 -9999 -9999 -9999 -9999 -9999 -9999 -9999 -9999 6.29716E-2 7.36444E-2 4.18518E-2 4.84874E-2 4.15113E-2 7.1567E-2 4.59804E-2 1.63372E-2 0E0 0E0 0E0 0E0 0E0 0E0 1.50487E-2 6.199E-2 7.34104E-2 7.39978E-2 6.21759E-2 2.79129E-2 0E0 0E0 1.42193E-3 2.0034E-3 3.89805E-4 1.13382E-4 2.78148E-4 3.44121E-4 1.89466E-3 5.12159E-3 5.00452E-3 1.02578E-3 3.14242E-4 2.16954E-4 1.56751E-4 9.43077E-5 0E0 0E0 0E0 0E0 0E0
-9999 -9999 -9999 -9999 -9999 -9999 -9999 -9999 -9999 -9999 -9999 -9999 -9999 -9999 -9999 -9999 -9999 -9999 -9999 -9999 -9999 -9999 -9999 -9999 -9999 -9999 -9999 -9999 -9999 -9999 -9999 -9999 -9999 -9999 2.72611E-2 2.56531E-2 4.40987E-2 6.48116E-2 6.37301E-2 4.3411E-2 3.60932E-2 1.413E-2 0E0 0E0 0E0 0E0 0E0 0E0 4.8745E-2 7.57919E-2 7.26437E-2 6.01386E-2 5.91798E-2 5.02645E-2 1.50803E-2 0E0 0E0 0E0 1.4742E-4 8.98598E-5 3.48084E-3 3.52698E-3 3.60659E-3 6.28755E-3 6.13864E-3 3.00146E-3 4.17751E-4 3.57164E-4 2.69505E-4 5.04074E-5 0E0 0E0 0E0 0E0 0E0
-9999 -9999 -9999 -9999 -9999 -9999 -9999 -9999 -9999 -9999 -9999 -9999 -9999 -9999 -9999 -9999 -9999 -9999 -9999 -9999 -9999 -9999 -9999 -9999 -9999 -9999 -9999 -9999 -9999 -9999 -9999 -9999 -9999 -9999 0E0 0E0 1.14227E-2 3.38355E-2 4.02329E-2 3.20219E-2 2.33512E-2 6.47938E-3 0E0 0E0 0E0 0E0 0E0 3.81126E-2 8.29682E-2 6.10223E-2 6.9495E-2 6.14848E-2 6.07838E-2 2.14903E-2 2.15252E-3 0E0 0E0 0E0 0E0 1.89745E-4 4.47821E-3 2.88194E-3 3.92509E-3 3.86751E-3 5.53039E-3 2.88912E-3 4.3849E-4 3.78896E-4 2.74528E-4 5.13747E-5 0E0 0E0 0E0 0E0 0E0
-9999 -9999 -9999 -9999 -9999 -9999 -9999 -9999 -9999 -9999 -9999 -9999 -9999 -9999 -9999 -9999 -9999 -9999 -9999 -9999 -9999 -9999 -9999 -9999 -9999 -9999 -9999 -9999 -9999 -9999 -9999 -9999 -9999 -9999 -9999 0E0 9.62019E-3 3.20378E-2 3.85084E-2 4.06108E-2 1.31702E-2 0E0 0E0 0E0 1.9435E-2 2.85223E-2 3.28328E-2 5.78166E-2 8.40214E-2 8.61307E-2 7.33849E-2 7.17963E-2 6.25171E-2 2.6478E-2 0E0 0E0 0E0 0E0 0E0 1.67689E-4 5.21144E-3 2.84115E-3 2.40503E-3 4.25725E-3 3.4901E-3 2.42447E-3 9.34027E-4 4.04538E-4 2.50287E-4 5.40308E-5 0E0 0E0 0E0 0E0 0E0
-9999 -9999 -9999 -9999 -9999 -9999 -9999 -9999 -9999 -9999 -9999 -9999 -9999 -9999 -9999 -9999 -9999 -9999 -9999 -9999 -9999 -9999 -9999 -9999 -9999 -9999 -9999 -9999 -9999 -9999 -9999 -9999 -9999 -9999 -9999 0E0 2.11922E-2 4.77243E-2 4.82842E-2 4.58393E-2 2.09463E-2 0E0 0E0 0E0 6.19628E-3 3.94379E-2 4.92032E-2 6.71834E-2 6.84729E-2 6.72654E-2 6.94417E-2 6.86998E-2 5.04075E-2 3.00706E-2 0E0 0E0 0E0 3.49965E-5 0E0 0E0 3.37405E-4 4.7496E-3 7.14059E-3 7.09895E-3 3.51283E-3 1.89795E-3 5.6559E-5 2.96913E-4 2.46429E-4 0E0 0E0 0E0 0E0 0E0 0E0
-9999 -9999 -9999 -9999 -9999 -9999 -9999 -9999 -9999 -9999 -9999 -9999 -9999 -9999 -9999 -9999 -9999 -9999 -9999 -9999 -9999 -9999 -9999 -9999 -9999 -9999 -9999 -9999 -9999 -9999 -9999 -9999 -9999 -9999 -9999 0E0 2.37639E-2 5.55175E-2 6.3603E-2 6.07092E-2 5.26824E-2 1.57145E-2 0E0 0E0 2.98034E-2 5.89665E-2 7.09868E-2 7.8241E-2 7.31736E-2 7.57415E-2 7.12165E-2 6.4718E-2 5.03024E-2 3.24071E-2 0E0 0E0 0E0 1.52003E-4 2.94692E-3 4.19658E-5 2.02775E-4 4.65893E-5 1.74996E-4 5.58716E-3 4.13971E-3 5.62855E-4 3.20265E-4 2.07794E-4 7.02263E-5 0E0 0E0 0E0 0E0 0E0 0E0
-9999 -9999 -9999 -9999 -9999 -9999 -9999 -9999 -9999 -9999 -9999 -9999 -9999 -9999 -9999 -9999 -9999 -9999 -9999 -9999 -9999 -9999 -9999 -9999 -9999 -9999 -9999 -9999 -9999 -9999 -9999 -9999 -9999 -9999 -9999 0E0 1.25929E-2 4.04104E-2 5.27281E-2 4.65143E-2 4.11279E-2 2.3066E-2 0E0 2.38704E-2 6.07344E-2 8.14478E-2 9.36854E-2 9.25381E-2 8.53523E-2 7.76804E-2 6.86864E-2 6.29518E-2 3.10138E-2 3.77925E-3 0E0 0E0 0E0 0E0 1.28313E-4 3.34966E-3 2.65485E-3 6.09026E-7 2.90652E-4 3.40851E-4 2.16488E-3 1.68096E-4 2.60264E-4 7.47199E-5 0E0 0E0 0E0 0E0 0E0 0E0 7.56721E-5
-9999 -9999 -9999 -9999 -9999 -9999 -9999 -9999 -9999 -9999 -9999 -9999 -9999 -9999 -9999 -9999 -9999 -9999 -9999 -9999 -9999 -9999 -9999 -9999 -9999 -9999 -9999 -9999 -9999 -9999 -9999 -9999 -9999 -9999 -9999 -9999 0E0 2.53604E-2 5.30315E-2 5.03476E-2 3.01241E-2 1.28791E-2 0E0 3.33736E-2 6.34801E-2 8.67641E-2 9.71168E-2 9.51406E-2 8.53763E-2 7.59407E-2 6.83278E-2 5.34714E-2 0E0 0E0 0E0 0E0 0E0 0E0 0E0 0E0 1.06796E-4 2.95456E-4 2.76736E-4 2.76626E-5 7.70776E-5 6.38045E-5 2.5727E-4 7.15496E-5 5.45865E-6 0E0 0E0 0E0 7.00582E-5 2.43728E-5 8.92802E-5
-9999 -9999 -9999 -9999 -9999 -9999 -9999 -9999 -9999 -9999 -9999 -9999 -9999 -9999 -9999 -9999 -9999 -9999 -9999 -9999 -9999 -9999 -9999 -9999 -9999 -9999 -9999 -9999 -9999 -9999 -9999 -9999 -9999 -9999 -9999 -9999 1.11525E-2 3.5435E-2 4.15345E-2 4.6293E-2 3.31628E-2 3.40403E-2 1.92965E-3 1.85829E-3 3.88309E-2 7.20773E-2 9.556E-2 9.23935E-2 8.98876E-2 7.29755E-2 5.87977E-2 1.11493E-2 0E0 0E0 0E0 0E0 0E0 0E0 0E0 0E0 1.45833E-4 4.75637E-4 3.30711E-4 3.05129E-4 2.81876E-4 1.41246E-4 0E0 0E0 0E0 0E0 0E0 0E0 1.03335E-5 4.56796E-5 0E0
-9999 -9999 -9999 -9999 -9999 -9999 -9999 -9999 -9999 -9999 -9999 -9999 -9999 -9999 -9999 -9999 -9999 -9999 -9999 -9999 -9999 -9999 -9999 -9999 -9999 -9999 -9999 -9999 -9999 -9999 -9999 -9999 -9999 -9999 -9999 -9999 1.31646E-2 2.79222E-2 5.46349E-2 5.89069E-2 3.41373E-2 3.73022E-2 0E0 0E0 0E0 5.10763E-2 8.77317E-2 9.16246E-2 9.49099E-2 7.76429E-2 3.06955E-2 0E0 0E0 0E0 0E0 0E0 0E0 0E0 0E0 0E0 1.57436E-4 3.03951E-4 2.7881E-4 2.36413E-4 2.42885E-4 2.01959E-4 3.58747E-6 0E0 0E0 0E0 0E0 5.47788E-5 0E0 0E0 1.2157E-4
-9999 -9999 -9999 -9999 -9999 -9999 -9999 -9999 -9999 -9999 -9999 -9999 -9999 -9999 -9999 -9999 -9999 -9999 -9999 -9999 -9999 -9999 -9999 -9999 -9999 -9999 -9999 -9999 -9999 -9999 -9999 -9999 -9999 -9999 -9999 -9999 1.40149E-2 4.2348E-2 5.45055E-2 6.39474E-2 3.67511E-2 0E0 0E0 0E0 0E0 0E0 5.18809E-2 8.05423E-2 7.95165E-2 6.64503E-2 2.67728E-2 0E0 0E0 0E0 0E0 0E0 0E0 0E0 0E0 2.90613E-5 9.83873E-5 1.86308E-4 1.90062E-4 1.72853E-4 1.20864E-4 0E0 1.0804E-4 1.77306E-5 0E0 0E0 0E0 0E0 0E0 0E0 5.93568E-5
-9999 -9999 -9999 -9999 -9999 -9999 -9999 -9999 -9999 -9999 -9999 -9999 -9999 -9999 -9999 -9999 -9999 -9999 -9999 -9999 -9999 -9999 -9999 -9999 -9999 -9999 -9999 -9999 -9999 -9999 -9999 -9999 -9999 -9999 -9999 -9999 1.04348E-2 3.36494E-2 5.66378E-2 6.14722E-2 2.24134E-2 0E0 0E0 0E0 0E0 4.98765E-4 4.19282E-2 7.00421E-2 7.09302E-2 6.31203E-2 4.76825E-2 1.13559E-2 0E0 0E0 0E0 0E0 0E0 0E0 0E0 2.96213E-5 1.62019E-4 1.81016E-4 8.7951E-5 0E0 0E0 0E0 0E0 0E0 0E0 0E0 0E0 0E0 0E0 5.67527E-6 5.24578E-3
-9999 -9999 -9999 -9999 -9999 -9999 -9999 -9999 -9999 -9999 -9999 -9999 -9999 -9999 -9999 -9999 -9999 -9999 -9999 -9999 -9999 -9999 -9999 -9999 -9999 -9999 -9999 -9999 -9999 -9999 -9999 -9999 -9999 -9999 -9999 -9999 2.131E-2 5.03538E-2 6.32346E-2 5.75255E-2 3.46468E-3 0E0 0E0 0E0 0E0 1.61076E-2 4.8514E-2 7.06527E-2 6.56008E-2 5.82405E-2 4.0936E-2 0E0 0E0 0E0 0E0 0E0 2.68946E-5 0E0 0E0 4.62297E-5 3.54637E-5 0E0 0E0 0E0 0E0 0E0 0E0 1.13932E-4 3.2279E-5 0E0 0E0 0E0 1.53885E-4 1.06449E-4 1.36476E-2
-9999 -9999 -9999 -9999 -9999 -9999 -9999 -9999 -9999 -9999 -9999 -9999 -9999 -9999 -9999 -9999 -9999 -9999 -9999 -9999 -9999 -9999 -9999 -9999 -9999 -9999 -9999 -9999 -9999 -9999 -9999 -9999 -9999 -9999 -9999 2.17253E-2 4.01427E-2 6.01534E-2 4.74799E-2 1.91739E-2 0E0 0E0 0E0 0E0 5.10615E-3 4.80259E-2 7.35061E-2 6.61784E-2 6.25549E-2 4.9194E-2 1.99379E-2 0E0 0E0 0E0 0E0 0E0 3.14985E-5 1.28917E-4 0E0 0E0 0E0 0E0 0E0 0E0 2.14019E-5 0E0 0E0 1.25179E-4 1.43436E-3 9.84733E-5 5.86471E-3 5.95513E-5 1.81963E-4 7.407E-5 1.88799E-4
-9999 -9999 -9999 -9999 -9999 -9999 -9999 -9999 -9999 -9999 -9999 -9999 -9999 -9999 -9999 -9999 -9999 -9999 -9999 -9999 -9999 -9999 -9999 -9999 -9999 -9999 -9999 -9999 -9999 -9999 -9999 -9999 -9999 -9999 -9999 3.96748E-3 4.52443E-2 3.263E-2 3.22548E-2 5.51433E-2 0E0 0E0 0E0 2.23642E-3 4.14478E-2 6.23183E-2 7.08264E-2 6.83331E-2 5.79044E-2 4.78092E-2 0E0 0E0 0E0 0E0 0E0 0E0 0E0 2.2362E-4 0E0 0E0 0E0 0E0 0E0 1.78957E-4 1.87396E-4 0E0 0E0 1.22613E-4 7.97517E-4 6.79875E-3 1.88082E-2 8.89714E-5 4.21026E-4 4.41141E-4 3.39027E-4
-9999 -9999 -9999 -9999 -9999 -9999 -9999 -9999 -9999 -9999 -9999 -9999 -9999 -9999 -9999 -9999 -9999 -9999 -9999 -9999 -9999 -9999 -9999 -9999 -9999 -9999 -9999 -9999 -9999 -9999 -9999 -9999 -9999 -9999 -9999 0E0 1.81383E-2 6.0287E-2 6.75626E-2 3.6309E-2 0E0 0E0 0E0 0E0 3.51626E-2 5.91813E-2 7.18405E-2 6.80589E-2 5.67298E-2 4.71833E-2 0E0 0E0 0E0 0E0 0E0 0E0 0E0 2.77202E-4 3.52017E-4 1.86378E-4 6.09736E-5 9.88862E-5 1.76418E-4 1.74298E-4 0E0 2.95798E-5 0E0 1.20301E-4 1.2E-2 9.17294E-4 1.72943E-4 9.84594E-4 5.47937E-6 2.44135E-4 2.40127E-4
-9999 -9999 -9999 -9999 -9999 -9999 -9999 -9999 -9999 -9999 -9999 -9999 -9999 -9999 -9999 -9999 -9999 -9999 -9999 -9999 -9999 -9999 -9999 -9999 -9999 -9999 -9999 -9999 -9999 -9999 -9999 -9999 -9999 -9999 -9999 0E0 1.57235E-2 4.42684E-2 4.41246E-2 1.49038E-2 0E0 0E0 0E0 0E0 5.53137E-2 6.66297E-2 7.07508E-2 6.75293E-2 5.56407E-2 3.67265E-2 0E0 0E0 0E0 9.7567E-5 0E0 0E0 0E0 0E0 1.6501E-4 0E0 0E0 6.29667E-5 1.40535E-4 0E0 0E0 1.44874E-4 2.00688E-4 9.01683E-5 7.39641E-6 1.2311E-4 1.34219E-5 1.10901E-4 1.26804E-4 1.59552E-4 5.16355E-5
-9999 -9999 -9999 -9999 -9999 -9999 -9999 -9999 -9999 -9999 -9999 -9999 -9999 -9999 -9999 -9999 -9999 -9999 -9999 -9999 -9999 -9999 -9999 -9999 -9999 -9999 -9999 -9999 -9999 -9999 -9999 -9999 -9999 -9999 -9999 2.83708E-3 3.71582E-2 5.10122E-2 4.33155E-2 5.38567E-3 0E0 0E0 0E0 0E0 3.19231E-2 5.69612E-2 6.88836E-2 6.26829E-2 5.44687E-2 1.33874E-2 0E0 0E0 1.24934E-5 1.76675E-4 4.43979E-5 0E0 0E0 8.24818E-5 1.37049E-4 1.59168E-4 1.79385E-4 2.52557E-5 2.60435E-4 1.77421E-4 3.12987E-4 3.73742E-4 1.93583E-4 4.70905E-5 5.58674E-5 8.16524E-3 1.20834E-4 7.59307E-5 7.97041E-5 1.68522E-4 1.79396E-4
-9999 -9999 -9999 -9999 -9999 -9999 -9999 -9999 -9999 -9999 -9999 -9999 -9999 -9999 -9999 -9999 -9999 -9999 -9999 -9999 -9999 -9999 -9999 -9999 -9999 -9999 -9999 -9999 -9999 -9999 -9999 -9999 -9999 -9999 -9999 1.69033E-2 3.39583E-2 4.22403E-2 3.84359E-2 7.98707E-3 0E0 0E0 1.67343E-2 1.72888E-2 4.99922E-2 6.08964E-2 6.06318E-2 5.49546E-2 4.29621E-2 2.22651E-2 0E0 0E0 1.13409E-4 4.60877E-5 3.32729E-4 1.4345E-4 0E0 7.10718E-6 7.28506E-5 0E0 8.28962E-5 7.52574E-5 2.177E-4 1.88951E-4 1.2074E-4 2.4054E-5 2.68147E-5 8.39102E-3 9.10837E-3 7.89693E-3 8.29186E-4 2.26926E-4 1.24401E-4 9.33586E-5 1.11702E-4
-9999 -9999 -9999 -9999 -9999 -9999 -9999 -9999 -9999 -9999 -9999 -9999 -9999 -9999 -9999 -9999 -9999 -9999 -9999 -9999 -9999 -9999 -9999 -9999 -9999 -9999 -9999 -9999 -9999 -9999 -9999 -9999 -9999 -9999 -9999 4.25643E-3 1.97451E-2 2.84502E-2 2.17824E-2 0E0 0E0 0E0 0E0 1.95746E-2 3.34379E-2 4.36186E-2 4.9513E-2 4.25207E-2 2.68153E-2 2.71156E-2 2.75173E-4 0E0 0E0 3.49426E-4 4.19397E-4 3.43287E-4 4.90132E-5 4.00428E-5 9.93454E-5 2.76752E-4 2.72063E-4 2.45347E-4 6.87198E-5 1.25576E-4 1.33428E-6 7.89256E-5 1.24126E-4 1.33657E-4 1.65132E-4 2.19981E-4 8.752E-5 1.01904E-4 1.30843E-4 1.34756E-4 6.18792E-5
-9999 -9999 -9999 -9999 -9999 -9999 -9999 -9999 -9999 -9999 -9999 -9999 -9999 -9999 -9999 -9999 -9999 -9999 -9999 -9999 -9999 -9999 -9999 -9999 -9999 -9999 -9999 -9999 -9999 -9999 -9999 -9999 -9999 -9999 -9999 0E0 1.05042E-2 2.16389E-2 1.2512E-2 3.4127E-3 0E0 0E0 0E0 0E0 2.39104E-2 3.98143E-2 4.13355E-2 2.84897E-2 1.55693E-2 1.6601E-6 0E0 0E0 0E0 0E0 1.10405E-4 2.55731E-4 2.98956E-4 1.82242E-4 2.74939E-4 3.01101E-4 2.66565E-4 1.04691E-4 9.88126E-6 1.27066E-5 1.04395E-4 1.05224E-4 1.80117E-4 1.20725E-4 1.49079E-4 7.56574E-5 9.33623E-5 8.82294E-5 1.07574E-4 3.69664E-4 5.08706E-4
-9999 -9999 -9999 -9999 -9999 -9999 -9999 -9999 -9999 -9999 -9999 -9999 -9999 -9999 -9999 -9999 -9999 -9999 -9999 -9999 -9999 -9999 -9999 -9999 -9999 -9999 -9999 -9999 -9999 -9999 -9999 -9999 -9999 -9999 0E0 0E0 1.91884E-3 1.03546E-2 8.0918E-3 1.52417E-3 0E0 0E0 0E0 2.38762E-2 2.74538E-2 1.50938E-2 2.52188E-2 2.36804E-2 3.92297E-3 0E0 0E0 0E0 1.69556E-3 0E0 0E0 2.88685E-4 4.32987E-4 4.29032E-4 2.66619E-4 5.00187E-4 4.03372E-4 1.85822E-4 1.98074E-4 1.42093E-4 1.02233E-4 1.08833E-4 1.18306E-4 1.65197E-4 1.88542E-4 3.33621E-4 2.36587E-4 3.0699E-4 2.11625E-4 3.71608E-4 3.54437E-4
-9999 -9999 -9999 -9999 -9999 -9999 -9999 -9999 -9999 -9999 -9999 -9999 -9999 -9999 -9999 -9999 -9999 -9999 -9999 -9999 -9999 -9999 -9999 -9999 -9999 -9999 -9999 -9999 -9999 -9999 -9999 -9999 -9999 -9999 0E0 0E0 2.02896E-3 3.45378E-3 3.8659E-5 0E0 0E0 6.00146E-3 2.02053E-2 2.75074E-2 3.49399E-2 1.97258E-2 2.36551E-2 2.14816E-2 0E0 0E0 0E0 0E0 0E0 0E0 0E0 2.15796E-4 3.8924E-4 4.1201E-4 5.2767E-4 5.33355E-4 5.31564E-4 5.49239E-4 5.78376E-4 4.51822E-4 2.14471E-4 2.06956E-4 3.26053E-4 3.97826E-4 2.9975E-4 1.6943E-4 4.11147E-4 3.42327E-4 1.98555E-4 2.77378E-4 2.93083E-4
