_episodes_rmd/output/experiment_small/species_big_extent.asc
ncols         660
nrows         720
xllcorner     -130.0
yllcorner     -60.0
cellsize      0.166666666666667
NODATA_value  -9999
[rows 589 to 619 of 720, columns 345 to 413 of 660]
1.1666E-1 1.03623E-1 6.04482E-2 6.05153E-2 5.21841E-2 5.01345E-2 5.24626E-2 5.88237E-2 1.0819E-1 1.43575E-1 1.69052E-1 2.29887E-1 1.5203E-1 1.2508E-1 2.51E-1 2.69351E-1 2.69127E-1 2.46599E-1 2.44821E-1 2.6368E-1 2.78615E-1 2.7573E-1 2.71298E-1 2.69883E-1 2.58855E-1 2.58085E-1 2.60781E-1 2.63747E-1 2.68791E-1 2.70566E-1 2.69838E-1 2.69778E-1 2.70739E-1 2.65189E-1 2.63571E-1 2.63497E-1 2.64188E-1 2.6288E-1 2.68883E-1 2.74678E-1 2.69555E-1 2.68126E-1 2.60612E-1 2.58754E-1 2.54917E-1 2.50882E-1 2.5455E-1 3.19392E-1 3.17528E-1 3.12128E-1 3.16267E-1 3.09991E-1 4.33992E-1 4.26556E-1 4.15091E-1 4.05344E-1 3.97732E-1 4.29369E-1 4.66796E-1 4.60362E-1 4.45127E-1 4.44924E-1 4.37483E-1 4.21445E-1 4.29665E-1 4.19849E-1 4.17256E-1 4.20749E-1 4.24633E-1
1.17344E-1 1.08314E-1 7.65273E-2 5.97165E-2 5.53352E-2 5.5579E-2 6.22187E-2 5.5148E-2 1.14384E-1 1.47278E-1 1.77197E-1 2.44171E-1 1.12798E-1 1.32483E-1 2.61952E-1 2.68307E-1 2.62896E-1 2.63681E-1 2.59596E-1 2.73018E-1 2.73546E-1 2.71947E-1 2.73529E-1 2.71542E-1 2.68128E-1 2.66136E-1 2.62605E-1 2.60854E-1 2.60467E-1 2.66049E-1 2.63074E-1 2.68376E-1 2.69954E-1 2.6838E-1 2.62533E-1 2.63249E-1 2.62428E-1 2.63184E-1 2.72496E-1 2.72657E-1 2.70741E-1 2.6888E-1 2.62366E-1 2.6453E-1 2.62532E-1 2.55991E-1 2.50387E-1 2.56757E-1 2.54915E-1 3.18306E-1 3.26794E-1 3.18229E-1 3.15617E-1 4.31451E-1 4.26193E-1 4.22373E-1 4.09056E-1 4.03904E-1 4.31847E-1 4.6645E-1 4.61207E-1 4.53402E-1 4.50523E-1 4.4565E-1 4.3872E-1 4.31949E-1 4.30081E-1 4.27534E-1 4.2725E-1
2.07059E-1 9.32685E-2 7.20678E-2 5.59843E-2 5.05832E-2 6.07599E-2 6.76073E-2 8.17098E-2 1.076E-1 1.54779E-1 1.88023E-1 2.56023E-1 2.21364E-1 1.37657E-1 1.47438E-1 2.70245E-1 2.70446E-1 2.68265E-1 2.68982E-1 2.75551E-1 2.73956E-1 2.74937E-1 2.73969E-1 2.759E-1 2.70647E-1 2.71333E-1 2.70979E-1 2.66392E-1 2.66002E-1 2.63718E-1 2.63669E-1 2.64322E-1 2.65027E-1 2.6552E-1 2.63676E-1 2.61503E-1 2.60265E-1 2.63581E-1 2.64656E-1 2.72286E-1 2.71504E-1 2.69572E-1 2.69712E-1 2.67058E-1 2.66035E-1 2.62181E-1 2.62282E-1 2.58399E-1 2.62271E-1 2.62996E-1 3.31708E-1 3.23954E-1 3.1832E-1 3.14881E-1 4.32651E-1 4.31717E-1 4.28508E-1 4.19183E-1 4.09246E-1 4.75933E-1 4.7374E-1 4.68088E-1 4.59823E-1 4.55589E-1 4.45909E-1 4.39557E-1 4.37791E-1 4.35385E-1 4.33504E-1
1.87205E-1 8.04517E-2 6.22813E-2 5.6134E-2 6.41573E-2 6.47666E-2 8.73732E-2 1.00925E-1 1.31474E-1 1.71645E-1 1.94175E-1 2.3591E-1 1.1596E-1 1.32333E-1 2.5229E-1 2.68726E-1 2.64884E-1 2.70555E-1 2.68024E-1 2.73857E-1 2.79913E-1 2.70729E-1 2.68616E-1 2.75377E-1 2.77259E-1 2.73194E-1 2.7224E-1 2.64858E-1 2.61279E-1 2.57249E-1 2.59715E-1 2.64073E-1 2.61885E-1 2.65464E-1 2.63128E-1 2.62632E-1 2.6119E-1 2.62749E-1 2.65765E-1 2.68935E-1 2.71263E-1 2.73093E-1 2.71237E-1 2.7003E-1 2.69041E-1 2.6853E-1 2.67074E-1 2.67911E-1 2.66601E-1 2.64824E-1 2.63161E-1 3.36075E-1 3.333E-1 3.18969E-1 3.1241E-1 4.38579E-1 4.29912E-1 4.29444E-1 4.30307E-1 4.23009E-1 4.84184E-1 4.78733E-1 4.72462E-1 4.5787E-1 4.52954E-1 4.48609E-1 4.4518E-1 4.378E-1 4.35788E-1
1.56954E-1 6.74497E-2 6.05095E-2 5.82602E-2 5.95E-2 7.2159E-2 9.65769E-2 1.21555E-1 1.4786E-1 1.84262E-1 2.04995E-1 2.40459E-1 1.16322E-1 1.34933E-1 1.511E-1 1.52252E-1 2.62867E-1 2.63305E-1 2.65109E-1 2.84495E-1 2.78672E-1 2.76592E-1 2.72368E-1 2.73259E-1 2.76587E-1 2.79794E-1 2.73856E-1 2.68406E-1 2.59589E-1 2.56479E-1 2.59268E-1 2.65948E-1 2.65329E-1 2.62004E-1 2.5788E-1 2.59572E-1 2.59839E-1 2.60681E-1 2.68908E-1 2.7217E-1 2.73449E-1 2.7473E-1 2.73516E-1 2.71849E-1 2.71207E-1 2.69835E-1 2.69048E-1 2.7129E-1 2.69858E-1 2.65441E-1 2.64149E-1 2.66277E-1 2.63111E-1 3.32409E-1 3.2384E-1 3.18386E-1 3.13622E-1 4.33778E-1 4.29081E-1 4.28976E-1 4.24636E-1 4.17376E-1 4.78173E-1 4.65938E-1 4.57407E-1 4.48757E-1 4.50616E-1 4.13057E-1 4.45797E-1
6.9311E-2 6.54468E-2 6.49336E-2 5.79902E-2 6.46066E-2 8.81366E-2 1.08477E-1 1.35943E-1 1.7415E-1 2.15337E-1 2.17841E-1 2.36848E-1 1.18832E-1 1.3589E-1 1.46654E-1 1.54492E-1 1.53456E-1 2.63423E-1 2.6458E-1 2.76392E-1 2.79824E-1 2.75703E-1 2.80711E-1 2.78853E-1 2.76618E-1 2.73821E-1 2.69131E-1 2.63811E-1 2.6445E-1 2.6114E-1 2.66902E-1 2.73708E-1 2.73818E-1 2.63797E-1 2.56802E-1 2.58074E-1 2.66473E-1 2.62543E-1 2.69173E-1 2.72305E-1 2.75607E-1 2.78138E-1 2.76373E-1 2.74811E-1 2.75148E-1 2.71466E-1 2.70757E-1 2.74326E-1 2.7313E-1 2.71793E-1 2.70192E-1 2.68685E-1 2.69991E-1 2.63464E-1 3.32273E-1 3.28292E-1 3.2033E-1 3.22301E-1 4.35316E-1 4.31336E-1 4.2189E-1 4.17154E-1 4.09243E-1 4.06573E-1 4.60794E-1 4.26381E-1 4.21863E-1 3.83671E-1 3.83901E-1
6.46988E-2 6.84258E-2 6.98449E-2 6.01879E-2 6.3052E-2 8.73247E-2 1.16332E-1 1.51004E-1 1.78768E-1 2.35403E-1 2.42544E-1 1.63603E-1 1.24997E-1 1.45741E-1 1.55231E-1 1.53881E-1 2.76701E-1 2.72531E-1 2.777E-1 2.7018E-1 2.67913E-1 2.77032E-1 2.80929E-1 2.70575E-1 2.68936E-1 2.59797E-1 2.61876E-1 2.60761E-1 2.62892E-1 2.62134E-1 2.61273E-1 2.64719E-1 2.65989E-1 2.58886E-1 2.52475E-1 2.5744E-1 2.64128E-1 2.69725E-1 2.74491E-1 2.79723E-1 2.80915E-1 2.78306E-1 2.77563E-1 2.77668E-1 2.75301E-1 2.7444E-1 2.73301E-1 2.76222E-1 2.7499E-1 2.74907E-1 2.71965E-1 2.69167E-1 2.71365E-1 2.67604E-1 2.65766E-1 3.32636E-1 3.29018E-1 3.25349E-1 3.26848E-1 3.1894E-1 4.30022E-1 4.21048E-1 4.13508E-1 4.06668E-1 -9999 -9999 -9999 -9999 -9999
6.42512E-2 6.54173E-2 5.94368E-2 7.38184E-2 7.62627E-2 8.63179E-2 1.27488E-1 1.61345E-1 2.06043E-1 2.41441E-1 2.72383E-1 1.15898E-1 1.31491E-1 1.44088E-1 1.64838E-1 2.85559E-1 2.85333E-1 2.85164E-1 2.89296E-1 2.9297E-1 2.8866E-1 2.8434E-1 2.85552E-1 2.63072E-1 1.45334E-1 2.55696E-1 2.5683E-1 2.59333E-1 2.60699E-1 2.65535E-1 2.68957E-1 2.68208E-1 2.64151E-1 2.60716E-1 2.5746E-1 2.57355E-1 2.61196E-1 2.69659E-1 2.74232E-1 2.79858E-1 2.81942E-1 2.82253E-1 2.79971E-1 2.76682E-1 2.76689E-1 2.74131E-1 2.78144E-1 2.76821E-1 2.74992E-1 2.73773E-1 2.74499E-1 2.71722E-1 2.74348E-1 2.7005E-1 2.67148E-1 2.6263E-1 3.3472E-1 3.32929E-1 3.28989E-1 3.23626E-1 3.12924E-1 4.22388E-1 4.13022E-1 -9999 -9999 -9999 -9999 -9999 -9999
6.76119E-2 6.99118E-2 6.22217E-2 6.5209E-2 8.97659E-2 1.13761E-1 1.3408E-1 1.69546E-1 2.10946E-1 2.44666E-1 1.87423E-1 1.29556E-1 1.40792E-1 1.47216E-1 1.60039E-1 2.79079E-1 2.87457E-1 2.93378E-1 2.91607E-1 2.9022E-1 2.88617E-1 2.76503E-1 2.75089E-1 2.55983E-1 2.51505E-1 2.58436E-1 2.59119E-1 2.6113E-1 2.55732E-1 2.5958E-1 2.6577E-1 2.74835E-1 2.7667E-1 2.73318E-1 2.68402E-1 2.67259E-1 2.68429E-1 2.6845E-1 2.75121E-1 2.74996E-1 2.86635E-1 2.88462E-1 2.85679E-1 2.76865E-1 2.83007E-1 2.79203E-1 2.77695E-1 2.7614E-1 2.75454E-1 2.73658E-1 2.72336E-1 2.72142E-1 2.7605E-1 2.72499E-1 2.68764E-1 2.67995E-1 2.65348E-1 2.64964E-1 3.38127E-1 3.30579E-1 3.17788E-1 3.09426E-1 4.1986E-1 -9999 -9999 -9999 -9999 -9999 -9999
6.91424E-2 6.49918E-2 6.3767E-2 6.76655E-2 8.91206E-2 1.12688E-1 1.40752E-1 1.74106E-1 2.2509E-1 2.65768E-1 1.95097E-1 1.32524E-1 1.40423E-1 1.49323E-1 1.6393E-1 2.82978E-1 2.88317E-1 2.92944E-1 2.91076E-1 2.83738E-1 2.70327E-1 2.73887E-1 2.6724E-1 2.53051E-1 2.52288E-1 2.57282E-1 2.59134E-1 2.58751E-1 2.62082E-1 2.65442E-1 2.67198E-1 2.68552E-1 2.72873E-1 2.7638E-1 2.76225E-1 2.6889E-1 2.7117E-1 2.71633E-1 2.74944E-1 2.7593E-1 2.81214E-1 2.85202E-1 2.85678E-1 2.82242E-1 2.81155E-1 2.7546E-1 2.75645E-1 2.7594E-1 2.74883E-1 2.75694E-1 2.73728E-1 2.77327E-1 2.77588E-1 2.7851E-1 2.73696E-1 2.70308E-1 2.68552E-1 2.66999E-1 2.63046E-1 3.32038E-1 3.21722E-1 3.11994E-1 3.08482E-1 -9999 -9999 -9999 -9999 -9999 -9999
6.63378E-2 6.73199E-2 7.01489E-2 7.49101E-2 9.0511E-2 1.18326E-1 1.43382E-1 1.82592E-1 2.33812E-1 2.63737E-1 2.00706E-1 1.28482E-1 1.45665E-1 1.54346E-1 1.65386E-1 2.9038E-1 2.94229E-1 2.8342E-1 2.78833E-1 1.57515E-1 1.54471E-1 1.50492E-1 2.61659E-1 1.4285E-1 1.45784E-1 2.54138E-1 2.5322E-1 2.54705E-1 2.55806E-1 2.60558E-1 2.5777E-1 2.66845E-1 2.70584E-1 2.72977E-1 2.73923E-1 2.73118E-1 2.70893E-1 2.72503E-1 2.74004E-1 2.79503E-1 2.80776E-1 2.83799E-1 2.83704E-1 2.83158E-1 2.82533E-1 2.80502E-1 2.77824E-1 2.75568E-1 2.74457E-1 2.80246E-1 2.78368E-1 2.77365E-1 2.78149E-1 2.77739E-1 2.75901E-1 2.73711E-1 2.71434E-1 2.67907E-1 2.64269E-1 3.31262E-1 3.24161E-1 3.16153E-1 3.10553E-1 -9999 -9999 -9999 -9999 -9999 -9999
7.95173E-2 7.30987E-2 7.12433E-2 7.8354E-2 9.2203E-2 1.1475E-1 1.40545E-1 1.79763E-1 2.23239E-1 2.59679E-1 2.92044E-1 2.20953E-1 1.4177E-1 1.54355E-1 1.64423E-1 1.70392E-1 1.65645E-1 1.57968E-1 1.54354E-1 1.48769E-1 1.46106E-1 1.43518E-1 1.43704E-1 1.39004E-1 1.38857E-1 1.42892E-1 1.4378E-1 2.51828E-1 2.53915E-1 2.5705E-1 2.60074E-1 2.6476E-1 2.66328E-1 2.64313E-1 2.68222E-1 2.7156E-1 2.72249E-1 2.72406E-1 2.7465E-1 2.81537E-1 2.81677E-1 2.82356E-1 2.82616E-1 2.8099E-1 2.80836E-1 2.78995E-1 2.82263E-1 2.82087E-1 2.75125E-1 2.78497E-1 2.79192E-1 2.77808E-1 2.7797E-1 2.77223E-1 2.75207E-1 2.75009E-1 2.72091E-1 2.69019E-1 2.65833E-1 2.58959E-1 3.25432E-1 3.20459E-1 3.17208E-1 -9999 -9999 -9999 -9999 -9999 -9999
1.90303E-1 8.89615E-2 8.05435E-2 7.96285E-2 9.68413E-2 1.15829E-1 1.40261E-1 1.68539E-1 2.11694E-1 2.49781E-1 2.7762E-1 2.10803E-1 1.37342E-1 1.53034E-1 1.6174E-1 1.56927E-1 1.57284E-1 1.52157E-1 1.46991E-1 1.42099E-1 1.35843E-1 1.36151E-1 1.35212E-1 1.34008E-1 1.37445E-1 1.38736E-1 1.39705E-1 1.42387E-1 2.49855E-1 2.52146E-1 2.58415E-1 2.61532E-1 2.60837E-1 2.63887E-1 2.65978E-1 2.69205E-1 2.71509E-1 2.79464E-1 2.78109E-1 2.82122E-1 2.84533E-1 2.93464E-1 2.83889E-1 2.89137E-1 2.87027E-1 2.85171E-1 2.81222E-1 2.78674E-1 2.78891E-1 2.77711E-1 2.79706E-1 2.7684E-1 2.77056E-1 2.81083E-1 2.82337E-1 2.79508E-1 2.71501E-1 2.69318E-1 2.63492E-1 2.59031E-1 3.27943E-1 3.24783E-1 3.17364E-1 -9999 -9999 -9999 -9999 -9999 -9999
8.07438E-2 7.46161E-2 7.49875E-2 7.82885E-2 9.32992E-2 1.17708E-1 1.41322E-1 1.69594E-1 2.02614E-1 2.3686E-1 2.67123E-1 2.07724E-1 1.38547E-1 1.51197E-1 1.56076E-1 1.569E-1 1.52814E-1 1.45284E-1 1.38313E-1 1.35305E-1 1.31201E-1 1.31234E-1 1.27829E-1 1.30257E-1 1.32341E-1 1.33944E-1 1.35985E-1 1.3996E-1 1.42797E-1 2.49439E-1 2.54804E-1 2.57636E-1 2.59119E-1 2.64041E-1 2.66502E-1 2.75868E-1 2.77596E-1 2.8036E-1 2.80726E-1 2.77905E-1 2.84234E-1 2.90095E-1 2.96608E-1 2.97322E-1 2.99959E-1 2.9667E-1 2.83516E-1 2.80818E-1 2.78491E-1 2.78697E-1 2.77565E-1 2.78341E-1 2.82417E-1 2.80265E-1 2.80467E-1 2.78845E-1 2.78355E-1 2.7539E-1 2.68466E-1 2.59765E-1 2.59077E-1 3.24592E-1 3.15441E-1 -9999 -9999 -9999 -9999 -9999 -9999
9.17225E-2 7.30887E-2 7.28782E-2 8.1824E-2 8.78705E-2 1.13149E-1 1.37655E-1 1.66533E-1 2.05008E-1 2.32244E-1 2.65679E-1 2.99676E-1 2.26775E-1 1.43922E-1 1.50722E-1 1.48895E-1 1.44218E-1 1.4022E-1 1.41128E-1 1.33148E-1 1.3194E-1 1.26767E-1 1.24907E-1 1.27695E-1 1.32785E-1 1.33616E-1 1.35972E-1 1.3934E-1 1.4274E-1 2.49206E-1 2.53875E-1 2.54147E-1 2.57445E-1 2.65398E-1 2.64444E-1 2.72805E-1 2.74457E-1 2.76173E-1 2.7956E-1 2.81154E-1 2.83315E-1 2.85539E-1 2.87789E-1 2.94108E-1 2.95045E-1 2.93923E-1 2.89116E-1 2.86931E-1 2.85441E-1 2.79187E-1 2.83017E-1 2.82575E-1 2.81921E-1 2.81687E-1 2.79844E-1 2.78039E-1 2.78677E-1 2.7702E-1 2.71897E-1 2.62406E-1 2.57662E-1 3.30531E-1 -9999 -9999 -9999 -9999 -9999 -9999 -9999
1.02237E-1 7.24093E-2 7.14798E-2 8.39454E-2 8.75056E-2 1.15711E-1 1.46495E-1 1.63703E-1 1.94036E-1 2.34714E-1 2.70636E-1 2.07107E-1 1.48954E-1 1.44525E-1 1.50568E-1 1.43032E-1 1.41966E-1 1.45909E-1 1.4027E-1 1.36291E-1 1.28472E-1 1.25473E-1 1.24267E-1 1.3067E-1 1.35388E-1 1.37008E-1 1.3814E-1 1.38202E-1 1.40556E-1 1.42519E-1 2.49817E-1 2.49687E-1 2.55176E-1 2.60862E-1 2.58412E-1 2.67613E-1 2.69483E-1 2.71299E-1 2.77365E-1 2.78337E-1 2.8366E-1 2.83786E-1 2.84293E-1 2.8729E-1 2.97548E-1 3.03977E-1 2.95671E-1 2.88021E-1 2.84833E-1 2.85135E-1 2.83411E-1 2.8153E-1 2.83744E-1 2.81759E-1 2.8048E-1 2.7868E-1 2.82105E-1 2.74955E-1 2.70955E-1 2.65525E-1 2.67477E-1 2.6559E-1 -9999 -9999 -9999 -9999 -9999 -9999 -9999
9.49718E-2 8.33581E-2 7.0369E-2 7.82819E-2 9.81519E-2 1.15403E-1 1.43566E-1 1.75243E-1 2.05735E-1 2.44683E-1 2.79625E-1 2.01255E-1 1.29815E-1 1.43144E-1 1.45353E-1 1.41503E-1 1.46383E-1 1.42361E-1 1.4625E-1 1.42585E-1 1.32334E-1 1.20844E-1 1.19318E-1 1.301E-1 1.33905E-1 1.37409E-1 1.36134E-1 1.36887E-1 1.39414E-1 1.40062E-1 1.41254E-1 2.47136E-1 2.46243E-1 2.47992E-1 2.50952E-1 2.59733E-1 2.59611E-1 2.665E-1 2.68236E-1 2.71592E-1 2.77808E-1 2.81333E-1 2.83553E-1 2.88392E-1 2.93856E-1 3.00792E-1 2.93198E-1 2.91697E-1 2.87412E-1 2.86991E-1 2.85001E-1 2.8377E-1 2.81891E-1 2.79059E-1 2.82424E-1 2.80318E-1 2.81761E-1 2.80461E-1 2.69681E-1 2.78602E-1 2.69128E-1 2.67184E-1 -9999 -9999 -9999 -9999 -9999 -9999 -9999
8.65049E-2 8.79168E-2 7.44657E-2 7.1053E-2 9.17679E-2 1.14271E-1 1.4126E-1 1.74257E-1 2.11232E-1 2.50774E-1 2.76358E-1 2.07606E-1 1.33329E-1 1.41359E-1 1.4085E-1 1.43347E-1 1.40955E-1 1.44473E-1 1.47238E-1 1.46821E-1 1.34341E-1 1.29024E-1 1.28217E-1 1.31195E-1 1.35268E-1 1.36068E-1 1.35059E-1 1.37158E-1 1.38258E-1 1.37119E-1 1.36358E-1 1.35446E-1 1.36447E-1 1.37168E-1 1.3938E-1 1.41462E-1 2.53515E-1 2.58554E-1 2.63597E-1 2.67309E-1 2.77031E-1 2.79721E-1 2.81461E-1 2.90269E-1 2.9192E-1 -9999 -9999 -9999 -9999 2.88191E-1 2.88758E-1 2.93515E-1 2.91402E-1 2.89981E-1 2.83436E-1 2.81048E-1 2.78917E-1 2.7856E-1 2.8324E-1 2.78185E-1 -9999 -9999 -9999 -9999 -9999 -9999 -9999 -9999 -9999
7.67607E-2 6.64739E-2 7.12185E-2 7.78019E-2 9.31289E-2 1.15928E-1 1.49217E-1 1.86907E-1 2.2403E-1 2.57028E-1 2.81147E-1 2.03471E-1 1.34563E-1 1.38403E-1 1.4617E-1 1.47641E-1 1.44844E-1 1.48997E-1 1.45537E-1 1.43566E-1 1.40524E-1 1.3356E-1 1.32595E-1 1.33499E-1 1.32969E-1 1.34493E-1 1.32369E-1 1.35497E-1 1.30991E-1 1.31998E-1 1.32801E-1 1.31632E-1 1.31006E-1 1.30361E-1 1.31202E-1 1.35617E-1 1.39888E-1 2.54645E-1 2.60109E-1 2.62923E-1 2.73056E-1 2.76253E-1 2.79554E-1 2.87022E-1 2.90581E-1 -9999 -9999 -9999 -9999 -9999 -9999 -9999 -9999 -9999 2.96548E-1 -9999 -9999 -9999 -9999 -9999 -9999 -9999 -9999 -9999 -9999 -9999 -9999 -9999 -9999
6.93247E-2 8.95339E-2 7.02473E-2 7.60556E-2 8.70435E-2 1.14469E-1 1.48066E-1 1.77776E-1 2.17328E-1 2.6027E-1 2.81381E-1 1.82226E-1 1.29632E-1 1.28799E-1 1.35591E-1 1.45898E-1 1.4247E-1 1.43111E-1 1.48055E-1 1.38918E-1 1.35429E-1 1.3222E-1 1.3377E-1 1.31883E-1 1.31392E-1 1.3319E-1 1.30334E-1 1.30804E-1 1.29636E-1 1.29472E-1 1.30377E-1 1.29104E-1 1.26314E-1 1.25185E-1 1.29232E-1 1.34903E-1 1.38446E-1 2.51873E-1 2.58297E-1 2.62135E-1 2.6827E-1 2.75664E-1 2.7738E-1 2.8659E-1 2.88433E-1 -9999 -9999 -9999 -9999 -9999 -9999 -9999 -9999 -9999 -9999 -9999 -9999 -9999 -9999 -9999 -9999 -9999 -9999 -9999 -9999 -9999 -9999 -9999 -9999
8.72067E-2 8.65418E-2 7.48743E-2 7.58253E-2 8.68427E-2 1.03228E-1 1.50198E-1 1.83007E-1 2.08539E-1 2.50317E-1 1.87213E-1 1.72615E-1 1.31155E-1 1.3386E-1 1.37701E-1 1.41971E-1 1.38435E-1 1.34877E-1 1.4025E-1 1.34252E-1 1.25073E-1 1.26701E-1 1.30207E-1 1.28498E-1 1.29121E-1 1.30108E-1 1.30123E-1 1.32142E-1 1.31819E-1 1.29831E-1 1.2843E-1 1.28963E-1 1.2743E-1 1.26829E-1 1.31848E-1 1.35596E-1 1.43229E-1 2.53136E-1 2.59302E-1 2.63484E-1 2.64562E-1 2.71276E-1 2.74103E-1 2.77339E-1 2.8762E-1 -9999 -9999 -9999 -9999 -9999 -9999 -9999 -9999 -9999 -9999 -9999 -9999 -9999 -9999 -9999 -9999 -9999 -9999 -9999 -9999 -9999 -9999 -9999 -9999
9.46695E-2 7.99253E-2 7.91718E-2 8.07413E-2 1.05389E-1 1.21876E-1 1.51443E-1 1.85802E-1 2.15951E-1 2.56301E-1 1.93101E-1 1.74677E-1 1.36117E-1 1.40801E-1 1.4308E-1 1.38506E-1 1.38406E-1 1.36907E-1 1.36445E-1 1.25926E-1 1.18714E-1 1.21951E-1 1.28469E-1 1.28305E-1 1.24696E-1 1.24128E-1 1.29258E-1 1.31421E-1 1.31434E-1 1.3026E-1 1.31067E-1 1.37811E-1 1.4061E-1 1.33851E-1 1.38056E-1 1.39409E-1 1.44108E-1 2.50857E-1 2.55098E-1 2.57845E-1 2.66863E-1 2.721E-1 2.70159E-1 2.78222E-1 2.83094E-1 -9999 -9999 -9999 -9999 -9999 -9999 -9999 -9999 -9999 -9999 -9999 -9999 -9999 -9999 -9999 -9999 -9999 -9999 -9999 -9999 -9999 -9999 -9999 -9999
9.73743E-2 8.19867E-2 8.37104E-2 8.5946E-2 1.13612E-1 1.31649E-1 1.57151E-1 1.9447E-1 2.30627E-1 2.65765E-1 2.01847E-1 1.30054E-1 1.41398E-1 1.46796E-1 1.4631E-1 1.46519E-1 1.37122E-1 1.3643E-1 1.31673E-1 1.26249E-1 1.2347E-1 1.23876E-1 1.22971E-1 1.20617E-1 1.22415E-1 1.15192E-1 1.26004E-1 1.28859E-1 1.29334E-1 1.28903E-1 1.3214E-1 1.35721E-1 1.46392E-1 1.47893E-1 1.44302E-1 1.4564E-1 1.45479E-1 2.55029E-1 2.57338E-1 2.63621E-1 2.65925E-1 2.71363E-1 2.74358E-1 2.77481E-1 2.82824E-1 -9999 -9999 -9999 -9999 -9999 -9999 -9999 -9999 -9999 -9999 -9999 -9999 -9999 -9999 -9999 -9999 -9999 -9999 -9999 -9999 -9999 -9999 -9999 -9999
1.00749E-1 8.8893E-2 9.00123E-2 9.35381E-2 1.13146E-1 1.36189E-1 1.67805E-1 2.02419E-1 2.34955E-1 2.77742E-1 1.88047E-1 1.33003E-1 1.44852E-1 1.43095E-1 1.48608E-1 1.52025E-1 1.49518E-1 1.43778E-1 1.28551E-1 1.21396E-1 1.2085E-1 1.19184E-1 1.12609E-1 1.14239E-1 1.17873E-1 1.15602E-1 1.20102E-1 1.25291E-1 1.27443E-1 1.26757E-1 1.3799E-1 1.40955E-1 1.44397E-1 2.57492E-1 1.47464E-1 1.48149E-1 2.51645E-1 2.53187E-1 2.61677E-1 2.61983E-1 2.629E-1 2.67874E-1 2.74947E-1 2.78654E-1 2.82559E-1 2.76749E-1 -9999 -9999 -9999 -9999 2.93097E-1 2.96275E-1 2.95485E-1 -9999 -9999 -9999 -9999 -9999 -9999 -9999 -9999 -9999 -9999 -9999 -9999 -9999 -9999 -9999 -9999
1.0481E-1 8.98183E-2 9.55221E-2 1.0087E-1 1.19501E-1 1.47184E-1 1.82279E-1 2.21972E-1 2.48069E-1 1.9014E-1 1.73306E-1 1.38494E-1 1.47786E-1 1.4659E-1 1.49465E-1 1.50327E-1 1.51892E-1 1.5207E-1 1.44745E-1 1.31265E-1 1.23245E-1 1.2052E-1 1.22758E-1 1.15938E-1 1.21448E-1 1.20057E-1 1.17383E-1 1.23539E-1 1.31084E-1 1.36515E-1 1.40202E-1 1.45024E-1 1.47022E-1 1.46643E-1 1.4485E-1 2.54724E-1 2.5702E-1 2.59671E-1 2.62688E-1 2.6676E-1 2.68071E-1 2.65638E-1 2.68692E-1 2.74031E-1 2.71264E-1 2.72342E-1 2.72168E-1 2.74106E-1 2.83916E-1 2.8386E-1 2.93944E-1 2.95013E-1 3.01192E-1 3.06517E-1 -9999 -9999 -9999 -9999 -9999 -9999 -9999 -9999 -9999 -9999 -9999 -9999 -9999 -9999 -9999
1.06761E-1 9.89868E-2 9.95548E-2 1.09649E-1 1.26415E-1 1.56933E-1 1.94698E-1 2.2143E-1 2.65701E-1 1.54126E-1 1.29791E-1 1.42894E-1 1.50424E-1 1.45704E-1 1.43435E-1 1.50997E-1 1.52967E-1 1.49028E-1 1.45511E-1 1.43509E-1 1.32913E-1 1.22827E-1 1.28838E-1 1.28424E-1 1.2971E-1 1.26032E-1 1.24793E-1 1.26924E-1 1.26849E-1 1.30192E-1 1.40362E-1 1.44333E-1 1.46764E-1 2.55598E-1 2.5343E-1 1.46069E-1 2.56628E-1 2.59678E-1 2.63495E-1 2.65389E-1 2.66044E-1 2.71487E-1 2.69836E-1 2.69994E-1 2.69332E-1 2.68557E-1 2.69637E-1 2.74467E-1 2.78385E-1 2.8543E-1 2.91552E-1 2.99481E-1 3.04895E-1 3.09446E-1 -9999 -9999 -9999 -9999 -9999 -9999 -9999 -9999 -9999 -9999 -9999 -9999 -9999 -9999 -9999
1.05658E-1 9.64252E-2 1.02383E-1 1.10985E-1 1.3452E-1 1.66185E-1 1.95187E-1 2.1959E-1 2.43505E-1 1.62714E-1 1.35718E-1 1.46869E-1 1.52054E-1 1.52641E-1 1.6186E-1 1.61085E-1 1.5669E-1 1.47139E-1 1.44151E-1 1.46087E-1 1.35773E-1 1.29439E-1 1.26597E-1 1.28594E-1 1.32493E-1 1.34195E-1 1.33808E-1 1.27526E-1 1.23592E-1 1.28534E-1 1.39609E-1 1.44097E-1 2.56254E-1 2.7103E-1 2.66404E-1 2.61715E-1 2.63539E-1 2.66142E-1 2.65206E-1 2.71377E-1 2.70015E-1 2.72274E-1 2.70705E-1 2.69213E-1 2.67715E-1 2.70526E-1 2.71781E-1 2.75234E-1 2.805E-1 2.86393E-1 2.9154E-1 3.02369E-1 3.14543E-1 3.17119E-1 -9999 -9999 -9999 -9999 -9999 -9999 -9999 -9999 -9999 -9999 -9999 -9999 -9999 -9999 -9999
1.02114E-1 9.98251E-2 1.03004E-1 1.12535E-1 1.34963E-1 1.67276E-1 2.07211E-1 2.16303E-1 1.44294E-1 1.27329E-1 1.38937E-1 1.50822E-1 1.52493E-1 1.49566E-1 1.56157E-1 1.45662E-1 1.59058E-1 1.55826E-1 1.40389E-1 1.3828E-1 1.33973E-1 1.31371E-1 1.25983E-1 1.25523E-1 1.24585E-1 1.25499E-1 1.2417E-1 1.25143E-1 1.31605E-1 1.37769E-1 1.46216E-1 2.68142E-1 2.76443E-1 2.7849E-1 2.77469E-1 2.76751E-1 2.7359E-1 2.72924E-1 2.73847E-1 2.6869E-1 2.67747E-1 2.71227E-1 2.66806E-1 2.64681E-1 2.69148E-1 2.65929E-1 -9999 -9999 -9999 2.88789E-1 2.97652E-1 3.07078E-1 3.16518E-1 3.23319E-1 -9999 -9999 -9999 -9999 -9999 -9999 -9999 -9999 -9999 -9999 -9999 -9999 -9999 -9999 -9999
1.00835E-1 1.00737E-1 1.03942E-1 1.20435E-1 1.36425E-1 1.72213E-1 2.17159E-1 2.5118E-1 1.54604E-1 1.19945E-1 1.39384E-1 1.50799E-1 1.5359E-1 1.5779E-1 1.50981E-1 1.43297E-1 1.44233E-1 1.48901E-1 1.49084E-1 1.38014E-1 1.38608E-1 1.36183E-1 1.40236E-1 1.33169E-1 1.2701E-1 1.26663E-1 1.3355E-1 1.39323E-1 1.40417E-1 1.46074E-1 2.66742E-1 2.75129E-1 2.77725E-1 2.78481E-1 2.80715E-1 2.8083E-1 2.77864E-1 2.73978E-1 2.73215E-1 2.72219E-1 2.69881E-1 2.70686E-1 2.64211E-1 2.65753E-1 2.67826E-1 2.67219E-1 2.67633E-1 2.72016E-1 2.74782E-1 2.88352E-1 3.0012E-1 3.06343E-1 -9999 -9999 -9999 -9999 -9999 -9999 -9999 -9999 -9999 -9999 -9999 -9999 -9999 -9999 -9999 -9999 -9999
1.06921E-1 1.02209E-1 1.0072E-1 1.11868E-1 1.25392E-1 1.59008E-1 2.06655E-1 2.56294E-1 1.57408E-1 1.29606E-1 1.36864E-1 1.51628E-1 1.58746E-1 1.60648E-1 1.51379E-1 1.43734E-1 1.41577E-1 1.38528E-1 1.45018E-1 1.54771E-1 1.48355E-1 1.42099E-1 1.43249E-1 1.39633E-1 1.31599E-1 1.39881E-1 1.41269E-1 1.46266E-1 1.4777E-1 2.71413E-1 2.77658E-1 2.78881E-1 2.79743E-1 2.79809E-1 2.80529E-1 2.75837E-1 2.73607E-1 2.71876E-1 2.69963E-1 2.70878E-1 2.69639E-1 2.7239E-1 2.7258E-1 2.6851E-1 2.68826E-1 2.69549E-1 2.70726E-1 2.71451E-1 2.77272E-1 -9999 -9999 -9999 -9999 -9999 -9999 -9999 -9999 -9999 -9999 -9999 -9999 -9999 -9999 -9999 -9999 -9999 -9999 -9999 -9999
1.10005E-1 1.02823E-1 1.08449E-1 1.00415E-1 1.35873E-1 1.57753E-1 2.13088E-1 1.97353E-1 1.51722E-1 1.27253E-1 1.28733E-1 1.46477E-1 1.612E-1 1.54687E-1 1.44638E-1 1.50946E-1 1.40942E-1 1.27689E-1 1.33748E-1 1.53295E-1 1.5551E-1 1.46382E-1 1.47542E-1 1.47537E-1 1.41863E-1 1.49686E-1 2.6517E-1 2.67284E-1 2.6821E-1 2.73753E-1 2.75787E-1 2.7551E-1 2.78709E-1 2.76379E-1 2.75228E-1 2.73243E-1 2.72579E-1 2.72799E-1 2.71298E-1 2.7315E-1 2.68396E-1 2.73128E-1 2.7095E-1 2.73943E-1 2.73363E-1 2.68322E-1 2.71393E-1 -9999 -9999 -9999 -9999 -9999 -9999 -9999 -9999 -9999 -9999 -9999 -9999 -9999 -9999 -9999 -9999 -9999 -9999 -9999 -9999 -9999 -9999
