_episodes_rmd/output/experiment_small/species_big_extent_clamping.asc
ncols         660
nrows         720
xllcorner     -130.0
yllcorner     -60.0
cellsize      0.166666666666667
NODATA_value  -9999
[rows 132 to 164 of 720, columns 75 to 149 of 660]
2.39194E-2 2.59396E-2 2.6694E-2 2.45706E-2 2.19422E-2 1.26972E-2 2.8277E-3 7.44599E-3 9.4273E-3 5.42037E-3 5.18058E-3 4.30371E-4 1.59456E-3 4.96953E-3 1.626E-4 3.8947E-3 7.08811E-3 7.07634E-4 7.30526E-4 8.70668E-5 6.4789E-4 7.56309E-4 3.06281E-5 1.14171E-3 1.20912E-3 3.88369E-4 7.60057E-4 6.59296E-4 5.23136E-4 3.56394E-5 1.31969E-3 1.59874E-3 1.75598E-4 2.27739E-3 1.99422E-4 2.2752E-4 5.27345E-4 6.93601E-4 1.50478E-3 5.81712E-3 5.56236E-4 1.87916E-2 2.59951E-2 1.28827E-2 8.50475E-4 6.0464E-4 4.81328E-4 4.74776E-4 2.93216E-4 4.08141E-4 2.53207E-4 2.16825E-4 4.48985E-4 3.68909E-4 6.05942E-5 3.83065E-3 1.14141E-2 1.52568E-2 3.16079E-2 3.53408E-2 3.56716E-2 3.12854E-2 3.40954E-2 3.35145E-2 3.25636E-2 3.24385E-2 1.73991E-2 7.79532E-1 7.04085E-1 6.96839E-1 7.13721E-1 6.62226E-1 7.48586E-1 7.34749E-1 6.00157E-1
2.24321E-2 2.28188E-2 2.35518E-2 2.04866E-2 1.90794E-2 1.80193E-2 8.96831E-3 5.71968E-3 8.60005E-3 7.60697E-3 1.84565E-2 5.05862E-4 8.15266E-4 4.71791E-3 6.6443E-3 1.89365E-3 5.55492E-3 8.45446E-4 3.96475E-3 7.41976E-4 7.73383E-4 6.80793E-4 3.17681E-4 1.13929E-5 6.9738E-4 7.78806E-4 8.79204E-4 3.58899E-4 4.6715E-3 8.11113E-5 2.69691E-5 2.05144E-4 1.53207E-4 2.82548E-4 3.17837E-4 6.33381E-4 4.06909E-3 8.08328E-3 4.94939E-3 2.26827E-2 2.71212E-2 2.03383E-2 2.86136E-2 1.36038E-2 7.49234E-4 3.94892E-4 5.02377E-4 4.43951E-4 4.5809E-4 4.68075E-4 3.27817E-4 3.00142E-4 2.38684E-4 3.61384E-5 1.13521E-4 3.53012E-3 1.74934E-2 2.56805E-2 2.87196E-2 3.1823E-2 3.15753E-2 2.73204E-2 1.70453E-2 1.87643E-2 1.80819E-2 1.19343E-2 8.15845E-1 7.31982E-1 7.52087E-1 7.45562E-1 7.5747E-1 7.63536E-1 7.49071E-1 7.61157E-1 1.75422E-4
2.06267E-2 2.40825E-2 3.45217E-2 3.45378E-2 1.65483E-2 1.75589E-2 1.49595E-2 9.2604E-3 4.93035E-3 8.51436E-3 4.6731E-3 1.30205E-3 7.37719E-4 1.60257E-2 8.07357E-3 3.34957E-3 7.2179E-4 1.49242E-5 8.32225E-4 6.52328E-4 6.32177E-4 5.58876E-4 5.4331E-4 4.82693E-4 5.39669E-4 4.64473E-4 3.76949E-4 3.85966E-4 8.55356E-3 5.94223E-5 1.44922E-5 1.10969E-4 3.68579E-4 4.19528E-4 3.54554E-4 5.381E-4 6.90064E-3 2.11064E-2 2.32855E-2 2.0216E-2 3.98037E-2 3.40859E-2 2.20771E-2 1.03516E-2 8.71828E-4 5.75998E-4 6.26347E-4 8.13963E-4 7.13164E-4 7.08661E-4 5.61343E-4 4.08235E-4 4.26953E-4 4.61818E-4 5.32768E-5 4.61802E-4 1.21637E-2 1.245E-2 1.13456E-2 2.84045E-2 2.808E-2 2.33507E-2 2.52641E-2 2.5862E-2 1.90525E-2 1.71096E-2 8.00132E-3 7.65252E-1 7.62169E-1 7.44949E-1 7.4266E-1 8.12706E-1 6.11191E-1 7.49954E-1 6.72907E-1
2.32803E-2 3.51346E-2 3.5462E-2 2.94281E-2 1.82297E-2 2.41026E-2 1.34271E-2 8.81306E-3 2.03729E-3 1.52939E-2 7.57428E-4 1.48101E-2 8.84292E-3 1.53416E-2 7.50951E-3 7.22556E-3 5.99929E-4 3.76022E-5 6.30153E-4 5.2039E-4 6.12926E-4 4.55708E-4 3.48736E-4 3.21071E-4 2.31467E-4 2.75366E-4 2.89744E-4 3.65455E-4 3.16255E-4 3.58734E-4 2.78209E-4 2.7058E-4 5.56799E-4 6.68468E-4 5.99684E-4 2.49935E-3 3.68638E-3 8.16993E-3 3.46743E-2 3.52578E-2 3.9347E-2 3.41618E-2 1.68561E-2 1.51799E-2 6.41543E-3 7.12758E-4 1.93438E-3 6.66386E-3 3.45901E-3 9.07922E-4 5.58966E-4 6.18237E-4 4.68191E-4 4.62091E-4 6.06981E-4 2.25776E-4 1.62086E-2 4.65231E-4 5.33515E-4 4.07932E-3 1.04468E-2 2.70242E-3 7.30913E-3 7.43219E-3 1.84536E-2 2.37089E-2 2.21041E-2 9.74311E-4 7.75175E-1 5.46969E-1 7.51504E-1 7.73675E-1 7.78897E-1 6.50298E-1 6.52927E-1
1.9189E-2 1.81542E-2 4.02157E-2 3.62527E-2 2.28753E-2 1.26568E-2 4.83312E-3 3.6237E-4 7.55502E-3 1.97279E-2 1.80265E-2 1.12694E-2 1.84515E-2 1.02427E-2 2.07271E-2 3.67016E-3 1.31615E-3 7.82786E-3 7.83638E-3 1.03356E-3 1.6051E-3 8.89774E-4 6.56614E-4 3.80725E-4 2.77906E-4 3.58568E-4 4.08284E-4 3.39876E-4 2.36889E-4 2.45631E-4 3.16838E-4 4.77754E-4 6.78419E-4 5.7341E-3 9.87363E-3 2.12334E-2 2.97409E-2 3.19851E-2 7.63923E-3 4.35931E-2 3.92067E-2 3.23599E-2 3.33942E-2 2.53058E-2 1.09269E-2 9.5115E-3 1.27987E-2 1.26225E-2 1.0611E-2 6.17247E-3 1.5282E-3 6.87212E-4 4.22613E-4 5.16094E-4 4.14377E-4 3.4404E-4 2.34471E-4 2.13033E-5 2.09334E-4 3.46153E-4 6.26334E-4 2.26911E-4 1.24359E-3 4.27112E-4 1.50201E-2 2.32638E-2 1.72511E-2 9.51709E-4 8.00796E-1 7.67434E-1 7.74409E-1 7.83517E-1 7.97128E-1 6.24944E-1 6.20738E-1
4.01937E-2 3.16292E-2 2.75834E-2 3.78827E-2 3.45284E-2 2.54088E-2 9.21853E-3 1.33072E-2 2.49323E-2 1.78749E-2 1.2779E-2 5.05836E-3 2.08133E-2 2.38193E-2 1.92807E-2 2.07155E-2 1.92601E-2 2.30237E-2 1.08559E-2 1.35951E-2 1.27219E-2 8.75068E-4 6.75514E-4 5.91263E-3 7.42583E-4 3.35336E-4 4.92517E-4 2.86113E-4 2.66644E-4 2.46405E-4 3.35844E-4 5.56336E-4 4.74287E-4 1.83959E-2 2.82259E-2 3.96318E-2 4.86653E-2 5.20286E-2 4.24563E-2 2.43162E-2 2.7268E-2 1.92179E-2 2.50553E-2 2.09794E-2 1.12272E-2 1.87466E-2 1.43764E-2 1.10537E-2 5.8231E-3 2.67442E-3 4.65613E-3 9.47162E-4 6.17875E-4 5.06771E-4 4.16769E-4 3.31288E-4 3.01464E-4 3.05961E-4 3.20938E-5 2.12342E-5 1.87341E-5 7.81491E-4 1.55449E-3 7.6935E-4 1.69569E-3 1.76789E-2 1.73008E-2 6.6356E-3 7.9594E-1 7.93052E-1 7.87756E-1 8.00175E-1 7.75712E-1 6.35003E-1 5.99838E-1
2.85663E-2 3.82082E-2 9.99103E-3 3.24181E-2 3.53292E-2 2.94375E-2 2.30202E-2 1.42167E-2 2.39892E-2 2.42991E-2 1.36309E-2 2.0288E-2 2.37748E-2 2.27592E-2 1.22918E-2 3.69853E-2 2.70934E-2 2.37897E-2 1.63912E-3 2.24844E-2 6.37553E-2 2.45971E-2 6.8261E-4 7.23122E-4 6.29189E-4 4.37439E-4 6.52227E-4 7.39788E-4 3.81428E-4 7.76199E-4 7.62762E-4 5.04577E-4 5.84338E-4 1.84276E-3 6.47881E-3 4.30754E-2 5.22056E-2 4.95378E-2 4.03931E-2 2.58569E-2 6.80029E-3 3.87697E-3 5.99166E-3 1.54578E-2 1.04344E-2 1.42477E-2 1.24974E-2 9.32599E-3 1.38914E-3 7.0257E-4 7.47136E-4 4.99982E-3 1.58176E-3 5.53395E-4 5.50084E-4 5.26158E-4 4.86084E-4 4.74713E-4 2.7946E-4 1.95515E-4 9.69496E-5 1.42883E-4 1.02358E-3 8.98717E-4 6.71022E-4 6.76209E-4 1.60926E-2 9.75141E-3 7.94916E-1 7.84798E-1 7.93465E-1 7.92754E-1 6.14569E-1 6.34571E-1 6.89785E-1
1.5056E-2 2.89991E-1 1.52729E-1 3.77309E-2 4.01656E-2 4.18993E-2 3.70918E-2 2.76585E-2 2.47334E-2 2.55517E-2 2.11368E-2 2.75092E-2 2.30191E-2 3.36595E-4 3.76037E-4 3.79839E-2 6.87393E-2 1.20086E-1 8.56049E-2 1.27802E-1 7.39219E-2 8.62246E-4 4.00076E-4 3.16095E-4 5.24681E-4 6.02693E-4 7.61254E-4 7.2676E-4 9.55869E-4 8.73068E-4 4.11811E-4 1.58013E-4 4.51655E-4 2.58741E-4 1.6011E-2 2.69669E-2 2.37728E-2 2.95223E-2 2.83849E-2 2.22297E-2 4.27253E-3 4.93662E-4 5.89263E-4 6.77777E-3 1.11551E-2 1.12205E-2 9.4762E-3 6.41677E-3 1.17969E-4 3.1053E-4 4.1845E-4 2.50961E-3 2.90653E-3 3.03844E-3 1.29406E-3 5.8299E-4 6.50449E-4 6.01992E-4 5.33054E-4 3.27781E-4 1.20567E-4 3.12514E-4 3.02405E-4 3.86383E-4 4.29219E-4 1.23971E-4 8.93772E-3 1.08622E-2 7.92611E-4 7.95223E-1 7.55799E-1 7.74794E-1 6.33455E-1 6.25719E-1 7.69609E-1
1.65877E-2 2.07747E-1 2.26972E-1 3.40391E-1 4.24995E-2 6.03039E-2 6.64075E-2 3.82758E-2 2.83119E-2 2.03143E-2 2.82426E-2 3.31548E-2 2.73858E-2 2.74667E-4 5.36237E-4 3.44313E-2 1.03263E-1 1.35662E-1 1.88419E-1 9.17406E-2 6.67093E-4 5.01133E-4 7.13962E-4 3.79952E-4 5.38405E-4 5.21401E-4 6.16223E-4 7.36233E-4 8.63987E-4 9.08274E-4 2.04425E-4 3.657E-6 1.88272E-4 1.15738E-2 1.73907E-2 3.44301E-3 7.88788E-3 9.23864E-3 8.90115E-3 2.92578E-3 2.57602E-3 5.70129E-4 5.05287E-4 3.97007E-4 3.58304E-3 6.677E-3 5.14904E-3 6.76817E-3 9.57559E-4 2.7186E-4 3.96298E-4 5.46957E-4 2.14521E-3 3.13815E-3 5.67324E-4 4.62749E-4 5.39995E-4 4.85349E-4 3.75647E-4 2.41296E-4 1.42194E-4 2.53176E-4 3.55912E-4 4.11827E-4 3.83069E-5 4.63931E-4 7.54115E-4 4.50669E-3 8.73339E-4 6.1708E-1 8.26685E-2 7.01493E-1 6.45971E-1 6.70788E-1 6.38322E-1
3.23178E-2 1.32074E-2 2.12888E-2 3.5219E-1 1.27237E-1 3.37626E-2 9.99476E-2 5.32596E-2 2.9574E-2 4.41139E-4 2.3011E-4 1.5393E-3 3.31118E-2 2.27051E-2 1.49088E-2 5.30094E-2 5.8338E-2 4.72373E-2 1.96918E-1 9.51138E-2 2.64291E-2 3.20544E-2 6.11515E-4 1.73239E-4 4.25833E-4 2.00467E-4 2.28532E-4 4.8085E-4 6.10125E-4 3.60871E-4 2.98629E-4 3.49186E-6 0E0 1.08196E-3 2.46329E-3 1.55202E-3 9.84755E-3 8.4172E-3 5.55648E-3 7.65449E-3 2.49615E-3 6.07215E-4 5.1271E-4 3.10842E-4 2.78711E-4 3.17246E-4 2.58476E-5 6.01866E-3 5.00214E-4 1.97392E-4 2.49637E-6 1.99183E-4 4.66021E-4 3.20502E-3 9.27266E-4 2.91881E-4 3.17653E-4 1.76278E-4 1.54776E-4 0E0 0E0 1.36943E-4 3.25447E-4 3.51808E-4 3.42261E-4 3.07355E-4 2.87284E-4 5.25102E-4 5.43289E-5 9.73969E-5 1.39122E-4 3.90558E-4 6.78757E-1 6.77E-1 6.38253E-1
2.83771E-2 2.86752E-2 1.91156E-5 2.84354E-1 1.2662E-1 3.25881E-2 9.39275E-2 3.86338E-2 3.82491E-2 2.29146E-2 3.49284E-5 1.85193E-5 1.4643E-2 5.0231E-2 9.38647E-2 8.1714E-2 4.85217E-2 9.60812E-2 1.87194E-1 1.63061E-2 2.62415E-2 7.75548E-2 5.51352E-4 1.56076E-4 4.19815E-4 6.17343E-4 5.18543E-4 7.25305E-4 7.81864E-4 6.04865E-4 7.37616E-4 2.9292E-4 0E0 4.2203E-4 1.09635E-3 5.82113E-3 1.49973E-2 1.67332E-2 1.61219E-2 1.40535E-2 4.20084E-3 7.42384E-5 4.33496E-4 3.70289E-4 1.94942E-4 1.55823E-4 3.64131E-4 1.07302E-3 2.04213E-4 0E0 0E0 0E0 2.54768E-4 2.03589E-3 1.09472E-3 2.4759E-4 3.11054E-4 8.98238E-5 0E0 0E0 0E0 9.4583E-5 1.93892E-4 2.77221E-4 4.68922E-4 3.5916E-5 0E0 0E0 0E0 0E0 5.19631E-5 2.99707E-1 5.42736E-1 5.70029E-1 2.25707E-4
4.81296E-3 1.65974E-1 0E0 1.78105E-1 2.27331E-1 2.06013E-2 3.60184E-2 5.36031E-2 3.66355E-2 3.89732E-2 2.38652E-2 1.6668E-3 2.15478E-2 5.3868E-2 1.09348E-1 1.10638E-1 1.81156E-1 7.23629E-2 2.02138E-1 1.07141E-1 1.1418E-1 1.19547E-2 6.18236E-4 2.00563E-4 4.13619E-4 7.58288E-4 7.52894E-5 6.00537E-5 1.47399E-4 3.31663E-4 1.39176E-4 3.34669E-4 9.20658E-5 4.78271E-4 5.33191E-4 9.97162E-3 2.0393E-2 2.02894E-2 1.39767E-2 1.12578E-2 2.60109E-3 4.85336E-4 4.79147E-4 3.81266E-4 2.80474E-4 3.01174E-4 4.13542E-4 3.68E-4 9.53329E-5 0E0 0E0 3.71125E-5 0E0 2.34962E-4 1.44356E-4 1.83176E-4 1.07728E-4 6.50596E-5 0E0 0E0 3.20167E-5 5.85064E-5 1.26012E-4 3.93734E-4 2.31304E-4 5.03706E-4 4.25562E-4 0E0 0E0 0E0 1.11839E-4 2.87903E-1 2.74559E-4 0E0 0E0
8.01946E-3 1.19543E-1 1.39685E-2 7.1955E-2 2.82175E-1 1.55441E-1 4.30268E-2 1.64357E-1 3.96048E-2 3.88486E-2 3.67473E-2 1.43041E-2 1.32629E-2 3.21475E-2 3.25643E-2 7.8372E-2 1.16164E-1 6.27357E-2 5.84817E-2 2.81207E-2 1.55734E-2 4.76698E-4 1.29795E-3 6.1864E-4 3.7105E-4 3.60785E-4 0E0 0E0 0E0 5.6813E-5 8.89642E-5 4.1286E-5 0E0 0E0 1.20346E-4 4.85185E-4 1.82772E-2 1.54427E-2 2.21037E-3 4.40239E-4 5.30093E-4 4.32209E-4 4.24241E-4 3.33246E-4 1.98841E-4 3.7108E-5 2.77282E-4 2.28137E-4 0E0 0E0 0E0 0E0 0E0 0E0 3.26635E-7 0E0 0E0 0E0 0E0 0E0 1.53979E-5 0E0 0E0 3.67457E-5 4.00462E-4 4.08254E-4 3.59117E-4 0E0 0E0 0E0 1.21435E-3 5.47518E-1 0E0 0E0 0E0
3.40377E-2 4.54977E-2 4.64085E-2 6.47469E-2 7.19428E-2 2.49977E-1 2.39766E-1 2.13096E-1 8.6006E-2 1.6182E-2 3.03631E-2 3.75474E-2 2.54033E-2 2.85503E-2 3.33112E-2 3.44379E-2 1.07629E-1 5.98512E-2 2.68112E-2 1.24101E-2 1.90135E-2 6.35942E-4 4.43741E-4 5.94512E-4 7.5036E-5 0E0 0E0 0E0 0E0 0E0 0E0 0E0 0E0 0E0 0E0 3.90232E-4 6.24017E-3 1.26075E-2 4.68733E-3 1.64413E-3 5.71646E-4 8.84682E-5 3.34079E-4 1.57434E-4 7.94449E-5 8.06266E-5 6.04951E-5 1.88119E-5 0E0 0E0 0E0 0E0 0E0 0E0 0E0 0E0 0E0 0E0 0E0 0E0 0E0 0E0 0E0 0E0 0E0 0E0 0E0 0E0 0E0 0E0 1.75199E-4 2.75781E-4 0E0 0E0 0E0
6.53752E-2 3.67609E-2 4.11524E-2 2.78394E-2 3.90619E-2 7.01311E-2 5.86917E-2 1.94856E-1 1.82441E-1 3.6735E-2 2.95256E-2 1.22299E-2 3.27165E-2 1.10101E-2 8.13115E-3 1.85217E-2 1.06856E-1 6.25805E-2 2.49778E-2 1.23307E-2 2.49893E-2 2.04521E-2 2.58155E-4 5.63845E-5 0E0 0E0 0E0 0E0 0E0 0E0 0E0 0E0 0E0 0E0 0E0 0E0 2.72626E-4 2.59157E-3 1.85706E-3 1.03674E-3 9.73417E-4 3.27713E-4 1.80694E-4 6.22568E-5 4.77527E-5 1.31696E-4 2.79413E-6 0E0 0E0 0E0 0E0 0E0 0E0 0E0 0E0 0E0 0E0 0E0 0E0 0E0 0E0 0E0 0E0 0E0 0E0 0E0 0E0 0E0 0E0 0E0 0E0 0E0 0E0 3.56438E-4 0E0
3.21242E-2 2.39207E-2 2.66854E-2 3.12505E-2 2.95046E-2 3.09738E-2 3.68778E-2 1.08164E-1 1.82364E-1 2.87765E-2 1.90394E-2 9.39979E-3 2.29796E-2 1.74842E-2 7.58321E-3 2.08013E-2 1.07293E-1 1.69603E-1 2.14701E-2 1.34303E-2 7.80794E-3 2.49158E-2 3.81007E-3 6.05823E-5 0E0 0E0 0E0 0E0 0E0 0E0 0E0 0E0 0E0 0E0 0E0 0E0 0E0 1.76056E-4 2.90917E-4 2.40022E-4 1.96634E-4 5.12391E-5 0E0 0E0 0E0 2.3683E-5 0E0 0E0 0E0 0E0 0E0 0E0 0E0 0E0 0E0 0E0 0E0 0E0 0E0 0E0 4.1128E-5 0E0 0E0 0E0 0E0 0E0 0E0 0E0 0E0 0E0 0E0 0E0 0E0 9.612E-4 6.9939E-4
3.22379E-2 2.25054E-2 3.37692E-2 2.81189E-2 3.31332E-2 6.07199E-2 1.42484E-1 9.98209E-2 2.16193E-1 1.23444E-1 1.59155E-2 4.74537E-3 4.77617E-3 9.90796E-5 7.65059E-3 3.83029E-2 2.08478E-2 1.79932E-1 2.16894E-2 2.60641E-2 1.56791E-2 1.86384E-2 1.32266E-4 8.91209E-5 0E0 0E0 0E0 2.67133E-3 6.29391E-4 7.51955E-4 0E0 0E0 0E0 0E0 0E0 0E0 0E0 0E0 0E0 7.3967E-5 0E0 0E0 0E0 0E0 0E0 0E0 0E0 0E0 0E0 0E0 0E0 0E0 0E0 0E0 6.35063E-5 4.21137E-5 0E0 0E0 0E0 1.89203E-4 0E0 0E0 0E0 0E0 0E0 0E0 0E0 0E0 0E0 0E0 0E0 0E0 0E0 5.56009E-4 0E0
3.84898E-2 3.92047E-2 3.11316E-2 2.99127E-2 8.79953E-2 6.03417E-2 1.41485E-1 1.89555E-1 2.25202E-1 1.54886E-1 2.58961E-2 2.33081E-2 3.1842E-4 6.33856E-3 1.40016E-2 4.79178E-2 7.5081E-2 2.27809E-1 2.37755E-2 2.34603E-2 1.92476E-2 0E0 5.11318E-4 3.17875E-4 0E0 0E0 0E0 0E0 3.37934E-3 3.54934E-4 0E0 0E0 0E0 0E0 0E0 0E0 0E0 0E0 0E0 0E0 0E0 0E0 0E0 0E0 0E0 0E0 0E0 0E0 0E0 0E0 0E0 0E0 2.27384E-4 1.98144E-4 1.95246E-4 0E0 0E0 0E0 0E0 0E0 0E0 0E0 0E0 0E0 0E0 0E0 0E0 0E0 0E0 0E0 0E0 0E0 0E0 0E0 0E0
3.3694E-2 3.88293E-2 3.65842E-2 3.58392E-2 7.04502E-2 1.07019E-1 3.51543E-2 1.22117E-1 9.30839E-2 1.15926E-1 7.01846E-2 9.51705E-3 1.89301E-2 3.28674E-2 3.50655E-2 6.00923E-2 1.75659E-1 2.58182E-1 1.01145E-1 1.8007E-2 1.77454E-2 0E0 3.23366E-4 2.72085E-4 0E0 0E0 0E0 0E0 2.4191E-3 2.325E-3 3.87265E-4 0E0 0E0 0E0 0E0 0E0 0E0 0E0 0E0 0E0 0E0 0E0 0E0 4.84374E-4 4.86233E-4 0E0 0E0 0E0 0E0 0E0 0E0 4.91587E-4 3.95799E-4 5.78444E-4 7.74655E-4 3.72346E-4 0E0 4.96038E-4 0E0 0E0 0E0 0E0 0E0 0E0 0E0 0E0 0E0 0E0 0E0 0E0 0E0 0E0 0E0 0E0 0E0
2.49976E-2 2.36332E-2 1.15602E-2 6.01001E-4 0E0 1.56401E-2 5.37101E-2 8.18105E-2 1.07235E-1 5.87609E-2 1.62257E-2 1.77094E-2 4.34503E-2 1.15351E-1 2.75679E-2 8.97064E-2 8.78061E-2 2.11248E-1 2.03484E-1 1.17812E-1 2.78639E-2 3.79021E-4 1.55419E-4 1.40293E-3 0E0 0E0 0E0 0E0 0E0 0E0 0E0 0E0 0E0 4.65612E-4 0E0 0E0 0E0 0E0 0E0 0E0 0E0 0E0 0E0 4.35627E-4 9.4064E-4 4.73529E-4 0E0 0E0 0E0 5.9238E-4 8.06758E-4 1.46592E-3 1.86139E-3 1.90171E-3 1.59946E-3 1.20113E-3 1.6437E-3 2.14688E-4 0E0 0E0 6.84042E-4 0E0 0E0 2.09738E-3 3.115E-3 0E0 0E0 0E0 0E0 0E0 0E0 0E0 0E0 0E0 0E0
1.79587E-3 1.73692E-3 0E0 0E0 0E0 0E0 1.18643E-2 2.1708E-2 1.38284E-1 2.06474E-1 1.9454E-1 1.89827E-1 1.87532E-1 3.25185E-2 2.38909E-2 1.22455E-1 1.37248E-1 8.63184E-2 2.03025E-1 2.97064E-2 1.51176E-2 6.10449E-3 3.14476E-4 1.44731E-3 4.76254E-5 0E0 0E0 7.6271E-4 0E0 0E0 0E0 0E0 0E0 4.35814E-4 0E0 0E0 0E0 0E0 0E0 0E0 0E0 0E0 0E0 2.28846E-4 8.09513E-4 8.54203E-4 8.86921E-4 2.86322E-4 5.97694E-4 1.49544E-3 2.19159E-3 2.56397E-3 2.75656E-3 3.53462E-3 2.90658E-3 2.46672E-3 2.44269E-3 6.41371E-4 2.20479E-4 8.64547E-4 9.66245E-4 0E0 3.18162E-3 5.37416E-3 5.80595E-3 1.45852E-3 0E0 0E0 0E0 0E0 0E0 0E0 0E0 0E0 0E0
0E0 0E0 0E0 0E0 0E0 0E0 1.32574E-2 2.39162E-2 2.93153E-2 1.09081E-1 1.91455E-1 2.41609E-1 2.27949E-1 1.03239E-1 1.18885E-1 1.24956E-1 1.24379E-1 1.72098E-1 1.79455E-1 1.72904E-1 8.06199E-2 6.20633E-2 4.05526E-3 1.17047E-2 0E0 0E0 1.30653E-3 0E0 0E0 0E0 0E0 0E0 0E0 0E0 0E0 0E0 0E0 0E0 0E0 0E0 0E0 0E0 0E0 0E0 6.56807E-4 2.04636E-4 0E0 0E0 7.88501E-4 1.29961E-3 2.28784E-3 4.00678E-3 4.95628E-3 4.8886E-3 4.20851E-3 3.31332E-3 2.4728E-3 1.59344E-3 2.11923E-3 2.55567E-3 2.03859E-3 2.09258E-3 9.63304E-4 7.17501E-3 6.31227E-3 4.63186E-4 0E0 0E0 0E0 0E0 0E0 0E0 0E0 0E0 0E0
0E0 0E0 0E0 0E0 0E0 0E0 0E0 2.19753E-2 7.19879E-2 9.70516E-2 6.83157E-2 1.24513E-1 2.09919E-1 2.11489E-1 2.37106E-1 1.08743E-1 7.65949E-2 1.55289E-1 1.02474E-1 1.63292E-1 1.63023E-1 1.44361E-1 8.99463E-2 5.77175E-2 4.38021E-2 5.76659E-4 4.28715E-4 0E0 0E0 0E0 0E0 0E0 0E0 0E0 0E0 0E0 0E0 0E0 0E0 0E0 0E0 0E0 0E0 0E0 0E0 0E0 0E0 0E0 4.24614E-4 1.4143E-3 2.20759E-3 2.9665E-3 4.34469E-3 4.1297E-3 3.71146E-3 3.7E-3 2.51563E-3 1.54146E-3 1.54537E-3 1.52349E-3 2.74033E-4 0E0 2.68607E-3 6.54163E-3 3.08898E-3 0E0 0E0 0E0 0E0 0E0 0E0 0E0 0E0 0E0 0E0
0E0 0E0 0E0 0E0 0E0 0E0 0E0 0E0 3.43254E-4 2.67035E-2 9.97197E-2 7.64831E-2 7.83876E-2 1.59801E-1 1.9744E-1 1.97797E-1 1.82819E-1 1.78198E-1 2.18721E-1 2.02278E-1 1.64384E-1 1.06755E-1 5.04209E-2 8.55145E-3 0E0 0E0 0E0 8.92712E-4 4.25646E-4 0E0 0E0 0E0 0E0 0E0 0E0 0E0 0E0 0E0 0E0 0E0 0E0 0E0 0E0 0E0 0E0 0E0 0E0 0E0 0E0 6.23033E-4 2.74976E-3 3.01566E-3 4.60967E-3 4.16748E-3 3.20104E-3 3.76534E-3 3.86298E-3 3.44687E-3 4.47574E-3 3.5011E-3 8.60475E-4 0E0 0E0 4.3486E-3 1.00993E-3 0E0 0E0 0E0 0E0 0E0 0E0 0E0 0E0 0E0 0E0
0E0 0E0 0E0 0E0 0E0 3.39143E-3 4.25837E-2 0E0 0E0 1.54152E-2 4.68036E-2 7.66402E-2 1.21683E-1 1.75893E-1 1.33292E-1 1.63815E-1 1.76676E-1 1.86117E-1 2.18486E-1 1.82633E-1 1.58626E-1 1.34186E-1 5.5806E-2 1.53918E-4 2.28488E-4 0E0 0E0 0E0 0E0 0E0 0E0 9.54452E-3 0E0 0E0 0E0 0E0 0E0 0E0 0E0 0E0 0E0 0E0 0E0 0E0 0E0 0E0 0E0 8.48281E-5 0E0 0E0 0E0 4.96251E-3 6.12954E-3 7.71661E-3 6.27219E-3 4.87757E-3 5.36087E-3 5.02134E-3 4.39477E-3 1.05262E-3 0E0 0E0 0E0 4.2834E-3 2.68119E-3 1.03601E-3 0E0 0E0 0E0 0E0 0E0 0E0 0E0 0E0 0E0
0E0 0E0 0E0 0E0 0E0 0E0 6.45727E-2 1.54151E-1 4.63986E-2 7.23403E-3 1.71991E-2 2.49341E-2 1.42792E-1 2.03065E-1 1.57575E-1 1.80791E-1 2.00032E-1 1.9143E-1 2.00577E-1 1.73295E-1 1.14831E-1 1.3461E-1 8.45085E-2 3.07099E-2 8.09749E-5 1.5727E-6 0E0 2.77325E-3 1.44069E-2 2.10523E-2 3.9057E-2 5.72633E-2 4.40554E-2 0E0 0E0 0E0 0E0 0E0 0E0 0E0 0E0 0E0 0E0 0E0 0E0 0E0 0E0 0E0 0E0 0E0 4.43808E-3 7.8099E-3 6.9098E-3 5.53812E-3 4.34691E-3 7.30318E-3 5.41898E-3 3.78551E-3 3.50102E-3 1.82555E-3 0E0 1.64675E-3 2.7359E-3 5.46252E-3 3.21306E-3 1.59752E-3 0E0 0E0 0E0 0E0 0E0 0E0 0E0 0E0 0E0
0E0 0E0 0E0 0E0 0E0 0E0 0E0 5.3317E-2 1.64768E-1 1.32216E-1 5.1041E-2 5.68259E-2 2.1486E-2 9.62862E-2 1.96613E-1 2.1242E-1 2.14206E-1 2.15706E-1 1.55033E-1 1.35278E-1 6.00447E-2 5.98305E-2 1.09392E-1 8.87626E-2 7.27499E-2 7.23125E-2 3.75224E-2 4.66921E-2 6.30119E-2 0E0 7.7866E-2 9.56828E-2 7.69807E-2 6.3737E-2 2.71058E-2 1.89462E-2 0E0 0E0 0E0 0E0 0E0 0E0 0E0 0E0 0E0 0E0 0E0 0E0 0E0 2.09444E-3 6.0631E-3 6.60667E-3 9.16091E-3 6.52506E-3 5.42015E-3 4.46735E-3 4.90006E-3 4.23986E-3 3.61857E-3 2.90666E-3 0E0 0E0 2.31712E-3 1.66438E-3 1.09024E-3 5.32266E-4 0E0 0E0 0E0 0E0 0E0 0E0 0E0 0E0 0E0
0E0 0E0 0E0 0E0 0E0 0E0 0E0 0E0 1.15822E-1 1.79759E-1 1.88567E-1 1.01561E-1 6.78956E-2 4.88013E-2 1.30093E-1 1.75717E-1 2.08089E-1 1.96741E-1 1.40509E-1 1.17347E-1 1.51325E-2 2.44782E-3 5.43843E-2 7.0223E-2 5.59982E-2 8.19243E-2 9.88099E-2 1.07908E-1 1.07665E-1 9.50813E-2 9.78824E-2 9.39007E-2 7.61352E-2 8.21534E-2 6.8275E-2 2.39906E-2 0E0 0E0 0E0 0E0 0E0 0E0 0E0 0E0 0E0 0E0 0E0 0E0 1.92116E-3 5.17724E-3 6.76315E-3 7.98179E-3 4.34671E-3 1.00249E-3 4.98485E-3 4.33988E-3 5.58605E-3 2.822E-3 3.71825E-3 2.55994E-3 5.32537E-4 0E0 0E0 0E0 0E0 0E0 0E0 0E0 0E0 0E0 0E0 0E0 0E0 0E0 0E0
0E0 0E0 0E0 0E0 0E0 0E0 0E0 7.44081E-2 1.04265E-1 1.52303E-1 1.77851E-1 1.98238E-1 1.88582E-1 1.17658E-1 1.20284E-1 1.59109E-1 1.91435E-1 1.58482E-1 1.13522E-1 7.44172E-2 7.12178E-2 4.55934E-2 6.80165E-2 1.09192E-1 1.12671E-1 9.18399E-2 1.22314E-1 1.20645E-1 1.35212E-1 1.04731E-1 8.72709E-2 2.75198E-2 8.47126E-2 9.11277E-2 7.16963E-2 5.36991E-2 3.4979E-2 1.12915E-3 0E0 0E0 0E0 0E0 0E0 0E0 0E0 0E0 0E0 0E0 2.907E-3 5.34902E-3 8.36536E-3 6.41468E-3 3.37551E-3 1.02264E-3 3.85287E-3 5.68783E-3 5.12028E-3 0E0 2.14376E-3 3.00706E-3 0E0 0E0 0E0 0E0 0E0 0E0 0E0 0E0 0E0 0E0 0E0 0E0 0E0 0E0 0E0
0E0 0E0 0E0 0E0 0E0 0E0 0E0 0E0 7.16502E-2 1.226E-1 1.51822E-1 1.7405E-1 1.96244E-1 1.96938E-1 1.65141E-1 1.35685E-1 1.54336E-1 1.69227E-1 1.64985E-1 1.09179E-1 5.10231E-2 1.30681E-1 1.23223E-1 1.32926E-1 1.53427E-1 1.57296E-1 1.65005E-1 1.49063E-1 1.54869E-1 1.12542E-1 6.87294E-2 6.84682E-2 1.04313E-1 1.04695E-1 8.20462E-2 6.74719E-2 6.20109E-2 3.61827E-2 0E0 0E0 0E0 0E0 0E0 0E0 0E0 0E0 0E0 4.31636E-4 3.47643E-3 6.48345E-3 5.99164E-3 7.34294E-3 7.20973E-3 7.83479E-3 3.89021E-3 4.1313E-3 3.61989E-3 0E0 0E0 4.73459E-4 0E0 0E0 0E0 0E0 0E0 0E0 5.61009E-4 0E0 0E0 0E0 0E0 0E0 0E0 0E0 0E0
-9999 0E0 0E0 0E0 0E0 0E0 0E0 0E0 2.63251E-2 6.987E-2 1.27582E-1 1.60278E-1 1.9195E-1 2.06393E-1 1.94812E-1 1.68566E-1 1.43766E-1 1.58731E-1 1.77533E-1 1.4331E-1 1.08336E-1 1.40376E-1 1.57851E-1 1.58759E-1 1.67099E-1 1.60833E-1 1.5317E-1 1.61921E-1 1.66914E-1 1.2718E-1 3.67351E-2 5.02373E-2 8.50649E-2 1.00091E-1 8.29079E-2 7.63906E-2 5.99403E-2 9.87189E-3 0E0 0E0 7.15534E-4 0E0 0E0 0E0 0E0 0E0 1.84393E-3 2.92551E-3 4.71501E-3 6.6609E-3 6.07928E-3 3.37811E-3 5.29757E-3 7.65928E-3 4.89628E-3 0E0 4.57244E-4 0E0 0E0 0E0 0E0 0E0 0E0 0E0 0E0 0E0 1.60087E-3 0E0 0E0 0E0 0E0 0E0 0E0 0E0 0E0
-9999 0E0 0E0 0E0 0E0 0E0 0E0 0E0 0E0 3.43441E-2 8.87788E-2 1.52986E-1 1.91089E-1 2.12711E-1 1.98616E-1 1.68841E-1 1.52798E-1 1.7848E-1 1.64704E-1 1.43041E-1 1.48284E-1 1.48634E-1 1.40259E-1 1.46081E-1 1.41757E-1 1.37087E-1 1.38487E-1 1.35616E-1 1.07028E-1 6.03766E-2 1.05912E-3 1.29056E-2 1.57928E-2 7.79166E-2 7.82185E-2 6.39716E-2 3.13409E-2 3.43348E-3 0E0 0E0 0E0 0E0 0E0 0E0 0E0 0E0 9.00551E-4 4.58384E-3 5.31106E-3 5.8889E-3 8.35512E-3 6.10507E-3 6.53291E-3 4.12867E-3 1.8388E-3 0E0 0E0 0E0 0E0 0E0 5.25747E-4 2.19453E-3 1.0591E-3 2.70351E-3 1.57116E-3 0E0 2.86694E-3 1.60179E-3 0E0 0E0 0E0 0E0 0E0 0E0 0E0
-9999 -9999 0E0 0E0 0E0 0E0 0E0 0E0 0E0 0E0 3.63976E-2 8.98705E-2 1.60285E-1 1.98367E-1 1.81687E-1 1.57014E-1 1.52289E-1 1.59086E-1 1.33898E-1 8.37335E-2 1.07225E-1 9.58299E-2 1.02406E-1 1.00994E-1 1.15091E-1 1.08144E-1 9.34533E-2 9.00022E-2 4.69657E-2 8.41342E-3 0E0 3.2275E-3 2.65073E-2 5.37433E-2 5.41076E-2 4.76474E-2 3.04835E-2 2.8439E-3 0E0 0E0 0E0 0E0 0E0 0E0 0E0 0E0 0E0 3.99909E-3 4.69858E-3 4.41803E-3 6.72032E-3 7.40862E-3 6.74131E-3 1.86668E-3 0E0 0E0 4.63256E-4 0E0 0E0 4.99898E-4 2.64682E-3 1.53263E-3 2.6861E-3 3.82589E-3 4.36181E-3 0E0 0E0 5.31408E-4 0E0 0E0 0E0 0E0 0E0 0E0 0E0
