_episodes_rmd/output/experiment_small/species_big_extent_novel.asc
ncols         660
nrows         720
xllcorner     -130.0
yllcorner     -60.0
cellsize      0.166666666666667
NODATA_value  -9999
[rows 496 to 526 of 720, columns 420 to 489 of 660]
4.64345E0 4.64345E0 7.9602E0 7.9602E0 8.29187E0 1.35987E1 1.5257E1 1.5257E1 1.5257E1 1.35987E1 1.35987E1 1.35987E1 1.35987E1 1.35987E1 2.25539E1 3.44942E1 4.74295E1 4.77612E1 4.87562E1 5.07463E1 5.10779E1 4.90879E1 4.41128E1 4.24544E1 4.41128E1 4.11277E1 3.11774E1 3.48259E1 3.64842E1 3.71476E1 3.58209E1 3.31675E1 2.78607E1 2.7529E1 2.78607E1 3.05141E1 3.31675E1 3.94693E1 4.34494E1 4.70978E1 4.84245E1 3.9801E1 3.64842E1 3.58209E1 3.31675E1 3.25041E1 3.31675E1 3.31675E1 3.11774E1 3.31675E1 3.44942E1 3.48259E1 2.78607E1 2.25539E1 2.32172E1 2.5539E1 2.5539E1 2.52073E1 2.48756E1 2.32172E1 2.25539E1 1.89055E1 1.85738E1 1.95688E1 2.18905E1 1.99005E1 1.89055E1 1.45937E1 1.26036E1 1.39303E1
6.6335E0 7.9602E0 8.29187E0 9.61857E0 1.02819E1 1.19403E1 1.95688E1 1.95688E1 1.65837E1 1.65837E1 1.5257E1 1.5257E1 1.5257E1 1.5257E1 1.95688E1 2.81924E1 3.44942E1 4.61028E1 4.67662E1 4.77612E1 4.90879E1 4.90879E1 4.41128E1 4.74295E1 4.54395E1 4.41128E1 3.11774E1 3.58209E1 3.71476E1 3.64842E1 3.44942E1 3.31675E1 3.18408E1 3.18408E1 3.28358E1 3.34992E1 3.74793E1 4.24544E1 4.61028E1 4.24544E1 3.84743E1 3.48259E1 3.31675E1 3.01824E1 2.81924E1 2.7529E1 2.7529E1 2.81924E1 2.7529E1 2.62023E1 2.58706E1 2.91874E1 2.88557E1 2.62023E1 2.7529E1 2.95191E1 3.18408E1 3.11774E1 2.5539E1 1.95688E1 1.99005E1 1.89055E1 1.89055E1 2.18905E1 2.25539E1 2.28856E1 1.99005E1 2.02322E1 1.39303E1 1.79104E1
8.29187E0 9.61857E0 9.61857E0 1.02819E1 1.19403E1 1.35987E1 2.5539E1 2.25539E1 2.25539E1 1.95688E1 1.65837E1 1.65837E1 1.65837E1 1.95688E1 1.95688E1 2.5539E1 3.44942E1 3.68159E1 4.74295E1 4.77612E1 4.87562E1 4.87562E1 4.74295E1 4.54395E1 4.54395E1 4.44444E1 3.44942E1 3.58209E1 3.58209E1 3.58209E1 3.44942E1 3.34992E1 3.31675E1 3.34992E1 3.48259E1 3.78109E1 4.24544E1 4.61028E1 4.87562E1 4.24544E1 3.9801E1 3.81426E1 3.48259E1 3.31675E1 2.91874E1 2.5539E1 2.28856E1 2.28856E1 2.25539E1 2.28856E1 2.28856E1 2.58706E1 2.62023E1 2.7529E1 3.11774E1 3.11774E1 2.91874E1 3.31675E1 3.25041E1 2.25539E1 2.18905E1 2.25539E1 2.22222E1 2.28856E1 2.18905E1 2.18905E1 2.25539E1 2.02322E1 1.79104E1 1.72471E1
1.02819E1 1.02819E1 1.19403E1 1.19403E1 1.5257E1 1.65837E1 3.44942E1 3.44942E1 2.5539E1 2.25539E1 1.95688E1 1.95688E1 1.95688E1 2.25539E1 2.25539E1 2.81924E1 3.68159E1 4.90879E1 4.90879E1 5.07463E1 4.90879E1 4.74295E1 4.54395E1 4.54395E1 4.24544E1 4.01327E1 3.31675E1 3.48259E1 3.48259E1 3.58209E1 3.44942E1 3.44942E1 3.44942E1 3.58209E1 3.78109E1 4.04643E1 4.14594E1 4.31177E1 4.24544E1 4.24544E1 4.11277E1 3.9801E1 3.81426E1 3.58209E1 3.25041E1 2.58706E1 2.05638E1 1.92371E1 2.18905E1 1.92371E1 2.02322E1 2.18905E1 2.58706E1 2.62023E1 2.91874E1 2.7529E1 2.5539E1 2.7529E1 2.7529E1 2.81924E1 2.58706E1 2.48756E1 2.18905E1 2.05638E1 2.28856E1 2.48756E1 2.5539E1 2.38806E1 2.18905E1 1.99005E1
1.19403E1 1.19403E1 1.35987E1 1.5257E1 1.5257E1 1.95688E1 3.68159E1 3.68159E1 2.81924E1 2.42123E1 2.25539E1 2.25539E1 2.25539E1 2.5539E1 2.5539E1 2.81924E1 3.44942E1 4.24544E1 4.74295E1 4.90879E1 4.74295E1 4.54395E1 4.24544E1 4.01327E1 4.01327E1 3.78109E1 3.48259E1 3.71476E1 3.68159E1 3.58209E1 3.58209E1 3.58209E1 3.68159E1 3.81426E1 3.71476E1 3.78109E1 3.64842E1 3.61526E1 3.48259E1 3.48259E1 3.48259E1 3.48259E1 3.25041E1 3.25041E1 3.11774E1 3.01824E1 2.18905E1 1.79104E1 1.65837E1 1.79104E1 1.95688E1 1.95688E1 2.5539E1 2.52073E1 2.58706E1 2.15589E1 2.18905E1 2.38806E1 2.5539E1 2.62023E1 2.28856E1 2.5539E1 2.58706E1 2.18905E1 2.18905E1 2.18905E1 2.28856E1 2.25539E1 2.18905E1 1.95688E1
1.19403E1 1.35987E1 3.94693E1 4.27861E1 4.27861E1 4.11277E1 2.5539E1 2.5539E1 1.65837E1 1.5257E1 1.35987E1 2.5539E1 2.81924E1 2.81924E1 2.81924E1 3.44942E1 3.44942E1 4.24544E1 4.54395E1 4.54395E1 4.54395E1 4.24544E1 4.01327E1 3.78109E1 3.78109E1 3.61526E1 3.44942E1 3.34992E1 3.25041E1 3.25041E1 3.34992E1 3.44942E1 3.54892E1 3.64842E1 3.58209E1 3.34992E1 3.11774E1 2.81924E1 2.98507E1 3.11774E1 3.11774E1 3.11774E1 2.91874E1 2.81924E1 2.7529E1 3.01824E1 2.7529E1 2.28856E1 2.05638E1 1.79104E1 1.79104E1 1.82421E1 2.18905E1 2.28856E1 2.25539E1 1.79104E1 1.75788E1 2.38806E1 2.28856E1 2.5539E1 2.12272E1 2.18905E1 2.48756E1 2.28856E1 2.15589E1 2.15589E1 2.12272E1 2.12272E1 2.12272E1 1.95688E1
3.34992E1 1.35987E1 3.91376E1 4.27861E1 4.27861E1 4.27861E1 2.5539E1 2.25539E1 1.95688E1 1.65837E1 4.21227E1 1.65837E1 2.81924E1 3.44942E1 3.68159E1 4.24544E1 4.74295E1 4.74295E1 4.54395E1 4.54395E1 4.24544E1 4.01327E1 3.78109E1 3.61526E1 3.61526E1 3.34992E1 3.25041E1 3.21725E1 3.08458E1 3.21725E1 3.25041E1 3.34992E1 3.58209E1 3.51575E1 3.31675E1 3.01824E1 2.5539E1 2.08955E1 2.08955E1 2.22222E1 2.58706E1 2.7529E1 2.7529E1 2.7529E1 2.58706E1 2.38806E1 2.7529E1 2.81924E1 2.5539E1 2.15589E1 2.15589E1 2.12272E1 1.79104E1 1.79104E1 1.92371E1 1.39303E1 1.45937E1 2.25539E1 2.15589E1 2.18905E1 2.18905E1 2.05638E1 2.28856E1 2.25539E1 2.12272E1 2.12272E1 2.02322E1 2.02322E1 2.02322E1 1.82421E1
3.48259E1 3.44942E1 3.84743E1 4.11277E1 4.27861E1 4.14594E1 2.5539E1 2.25539E1 2.25539E1 1.95688E1 1.95688E1 1.95688E1 3.44942E1 3.68159E1 4.24544E1 5.00829E1 5.10779E1 5.10779E1 4.74295E1 4.24544E1 4.01327E1 3.78109E1 3.61526E1 3.48259E1 3.25041E1 3.08458E1 3.01824E1 3.01824E1 2.98507E1 2.98507E1 3.01824E1 3.18408E1 3.28358E1 3.34992E1 3.18408E1 2.71973E1 2.22222E1 2.08955E1 2.05638E1 1.82421E1 1.85738E1 1.99005E1 2.35489E1 2.62023E1 2.48756E1 2.28856E1 2.62023E1 2.7529E1 2.58706E1 2.52073E1 2.28856E1 2.02322E1 1.4262E1 1.4262E1 1.95688E1 1.82421E1 1.82421E1 2.02322E1 1.92371E1 1.92371E1 2.02322E1 2.02322E1 2.18905E1 2.15589E1 2.15589E1 2.02322E1 1.95688E1 1.92371E1 1.92371E1 1.79104E1
3.61526E1 3.44942E1 3.44942E1 2.81924E1 2.5539E1 2.81924E1 2.5539E1 2.5539E1 2.25539E1 2.25539E1 2.25539E1 2.5539E1 3.68159E1 4.24544E1 4.74295E1 5.10779E1 5.10779E1 4.90879E1 4.74295E1 4.24544E1 3.78109E1 3.61526E1 3.44942E1 3.44942E1 3.01824E1 2.8524E1 2.6534E1 2.6534E1 2.42123E1 2.42123E1 2.58706E1 2.62023E1 2.8524E1 3.11774E1 2.81924E1 2.08955E1 2.05638E1 2.08955E1 1.99005E1 1.82421E1 1.75788E1 1.59204E1 2.02322E1 2.7529E1 2.25539E1 1.99005E1 2.18905E1 2.48756E1 2.58706E1 2.05638E1 1.99005E1 1.99005E1 1.99005E1 1.79104E1 1.75788E1 2.02322E1 1.92371E1 1.75788E1 1.79104E1 1.82421E1 1.92371E1 1.79104E1 2.02322E1 2.02322E1 1.79104E1 1.72471E1 1.72471E1 1.59204E1 1.59204E1 1.5257E1
3.68159E1 3.44942E1 3.44942E1 3.44942E1 2.81924E1 2.81924E1 2.5539E1 2.5539E1 2.5539E1 2.5539E1 2.5539E1 2.81924E1 4.24544E1 4.24544E1 4.74295E1 5.4063E1 4.90879E1 4.21227E1 3.91376E1 4.21227E1 3.61526E1 3.48259E1 3.44942E1 3.34992E1 2.42123E1 2.32172E1 2.22222E1 2.15589E1 2.15589E1 2.02322E1 2.02322E1 2.15589E1 2.22222E1 2.22222E1 2.02322E1 1.82421E1 1.99005E1 1.85738E1 1.75788E1 1.26036E1 1.09453E1 1.26036E1 1.82421E1 2.05638E1 1.82421E1 1.82421E1 2.12272E1 2.58706E1 2.05638E1 1.49254E1 1.5257E1 1.89055E1 1.85738E1 1.82421E1 1.85738E1 1.95688E1 1.79104E1 1.59204E1 1.4262E1 1.59204E1 1.5257E1 1.4262E1 1.26036E1 1.26036E1 1.16086E1 1.19403E1 1.3267E1 1.3267E1 1.26036E1 1.16086E1
3.68159E1 3.68159E1 3.44942E1 3.44942E1 2.81924E1 2.81924E1 2.5539E1 2.5539E1 2.81924E1 2.81924E1 3.44942E1 3.44942E1 1.65837E1 1.95688E1 5.00829E1 4.74295E1 4.21227E1 3.48259E1 3.34992E1 3.48259E1 3.48259E1 3.44942E1 3.34992E1 3.34992E1 2.6534E1 1.99005E1 1.85738E1 1.85738E1 1.85738E1 1.75788E1 1.69154E1 1.55887E1 1.75788E1 1.82421E1 1.82421E1 1.82421E1 1.82421E1 1.82421E1 1.39303E1 8.95522E0 8.95522E0 1.26036E1 1.75788E1 2.02322E1 1.85738E1 1.59204E1 2.02322E1 2.18905E1 1.85738E1 1.79104E1 2.02322E1 1.89055E1 1.69154E1 1.59204E1 1.75788E1 1.92371E1 1.82421E1 1.79104E1 1.5257E1 1.12769E1 9.95025E0 1.16086E1 1.19403E1 1.19403E1 1.4262E1 1.65837E1 1.19403E1 1.16086E1 1.82421E1 1.82421E1
3.68159E1 3.44942E1 3.44942E1 3.44942E1 2.81924E1 2.81924E1 2.81924E1 2.81924E1 2.81924E1 2.81924E1 3.44942E1 3.68159E1 1.65837E1 1.95688E1 2.25539E1 2.5539E1 3.9801E1 3.34992E1 3.21725E1 3.34992E1 3.48259E1 3.44942E1 3.44942E1 3.44942E1 2.8524E1 1.85738E1 1.69154E1 1.69154E1 1.69154E1 1.55887E1 1.39303E1 1.16086E1 9.61857E0 1.55887E1 1.75788E1 1.69154E1 1.82421E1 1.89055E1 1.69154E1 8.95522E0 8.95522E0 1.09453E1 1.59204E1 1.82421E1 1.69154E1 1.82421E1 1.39303E1 1.82421E1 1.72471E1 1.5257E1 1.75788E1 1.85738E1 1.59204E1 9.2869E0 9.61857E0 1.79104E1 1.65837E1 1.79104E1 1.12769E1 1.09453E1 1.12769E1 1.16086E1 1.16086E1 1.59204E1 2.02322E1 2.25539E1 2.18905E1 2.05638E1 2.25539E1 1.89055E1
3.68159E1 3.68159E1 3.44942E1 3.44942E1 2.81924E1 2.5539E1 2.5539E1 2.81924E1 2.81924E1 3.68159E1 3.68159E1 4.24544E1 1.65837E1 1.65837E1 1.95688E1 2.25539E1 2.81924E1 3.48259E1 3.34992E1 3.34992E1 3.34992E1 3.48259E1 3.61526E1 3.61526E1 3.01824E1 2.15589E1 1.85738E1 1.99005E1 2.02322E1 1.85738E1 1.75788E1 1.55887E1 1.3267E1 1.55887E1 1.75788E1 1.59204E1 1.75788E1 1.85738E1 1.16086E1 7.9602E0 6.96517E0 8.62355E0 1.39303E1 1.72471E1 1.75788E1 1.82421E1 1.39303E1 7.29685E0 7.9602E0 1.26036E1 1.59204E1 1.75788E1 1.49254E1 1.09453E1 8.29187E0 1.39303E1 1.72471E1 1.72471E1 1.16086E1 1.12769E1 1.12769E1 1.12769E1 1.45937E1 2.12272E1 2.62023E1 2.12272E1 2.62023E1 2.18905E1 1.99005E1 1.5257E1
4.24544E1 3.68159E1 3.44942E1 2.81924E1 2.81924E1 2.5539E1 2.5539E1 2.5539E1 3.44942E1 4.24544E1 4.74295E1 4.74295E1 1.65837E1 1.5257E1 1.5257E1 1.65837E1 2.5539E1 3.48259E1 3.34992E1 3.34992E1 3.48259E1 3.61526E1 4.01327E1 3.15091E1 2.32172E1 2.15589E1 2.15589E1 2.42123E1 2.6534E1 2.42123E1 2.02322E1 1.82421E1 1.55887E1 1.39303E1 1.49254E1 1.02819E1 9.2869E0 8.95522E0 6.30182E0 4.31177E0 3.9801E0 4.64345E0 7.62852E0 8.95522E0 8.95522E0 6.30182E0 4.64345E0 4.64345E0 5.3068E0 7.29685E0 8.95522E0 9.2869E0 1.16086E1 1.5257E1 9.2869E0 9.95025E0 1.59204E1 1.72471E1 1.65837E1 1.12769E1 1.16086E1 1.3267E1 2.02322E1 2.48756E1 1.95688E1 1.39303E1 1.3267E1 1.19403E1 1.26036E1 6.96517E0
4.24544E1 3.68159E1 3.68159E1 3.68159E1 3.44942E1 2.81924E1 2.5539E1 2.81924E1 3.68159E1 4.74295E1 5.43947E1 5.00829E1 5.24046E1 4.90879E1 1.35987E1 1.65837E1 2.5539E1 3.48259E1 3.48259E1 3.48259E1 3.48259E1 3.61526E1 3.78109E1 2.91874E1 2.02322E1 1.99005E1 2.02322E1 2.6534E1 2.98507E1 2.91874E1 2.22222E1 1.82421E1 1.5257E1 1.39303E1 6.30182E0 7.29685E0 4.31177E0 3.9801E0 3.31675E0 3.31675E0 2.6534E0 3.31675E0 3.9801E0 3.9801E0 4.97512E0 4.64345E0 4.31177E0 3.9801E0 4.31177E0 4.31177E0 4.64345E0 5.3068E0 6.6335E0 1.09453E1 1.2272E1 1.5257E1 1.59204E1 1.72471E1 1.69154E1 1.39303E1 1.26036E1 1.72471E1 1.82421E1 1.69154E1 1.4262E1 9.2869E0 9.61857E0 1.26036E1 6.30182E0 5.3068E0
4.24544E1 4.24544E1 4.24544E1 3.68159E1 3.68159E1 3.44942E1 3.44942E1 3.68159E1 4.24544E1 5.00829E1 5.43947E1 5.00829E1 4.24544E1 4.74295E1 4.54395E1 4.24544E1 4.47761E1 3.91376E1 3.91376E1 3.78109E1 3.48259E1 3.44942E1 3.34992E1 2.42123E1 1.75788E1 1.69154E1 1.85738E1 2.15589E1 2.91874E1 3.01824E1 2.22222E1 1.69154E1 1.16086E1 9.95025E0 7.29685E0 4.31177E0 3.9801E0 3.31675E0 2.32172E0 2.6534E0 2.32172E0 3.64842E0 3.9801E0 3.31675E0 3.31675E0 3.31675E0 3.31675E0 3.64842E0 3.9801E0 3.9801E0 4.31177E0 4.64345E0 5.63847E0 1.16086E1 1.5257E1 1.4262E1 1.59204E1 1.69154E1 1.69154E1 1.59204E1 1.12769E1 1.26036E1 1.5257E1 1.12769E1 9.2869E0 9.61857E0 9.61857E0 5.63847E0 4.97512E0 3.31675E0
4.74295E1 4.24544E1 4.24544E1 4.24544E1 4.24544E1 3.68159E1 3.68159E1 4.24544E1 4.74295E1 4.74295E1 4.74295E1 4.74295E1 4.24544E1 3.68159E1 4.74295E1 4.54395E1 4.74295E1 4.37811E1 4.01327E1 3.61526E1 3.44942E1 3.34992E1 3.01824E1 2.42123E1 1.99005E1 1.2272E1 9.61857E0 1.39303E1 2.15589E1 2.08955E1 1.75788E1 1.02819E1 8.95522E0 8.62355E0 8.95522E0 6.30182E0 2.6534E0 2.98507E0 2.32172E0 2.32172E0 2.32172E0 4.64345E0 4.64345E0 3.9801E0 3.31675E0 2.6534E0 3.31675E0 3.9801E0 3.9801E0 3.9801E0 4.64345E0 4.64345E0 5.3068E0 1.16086E1 1.45937E1 1.3267E1 1.45937E1 1.4262E1 1.5257E1 1.39303E1 1.16086E1 9.61857E0 1.12769E1 9.61857E0 9.61857E0 9.2869E0 9.2869E0 4.31177E0 2.98507E0 1.3267E0
4.74295E1 4.74295E1 4.74295E1 4.74295E1 4.24544E1 4.24544E1 4.24544E1 4.74295E1 4.74295E1 5.00829E1 5.00829E1 4.74295E1 4.24544E1 4.24544E1 4.24544E1 4.01327E1 4.54395E1 4.01327E1 3.48259E1 3.34992E1 3.11774E1 2.91874E1 2.8524E1 2.6534E1 2.22222E1 1.85738E1 1.16086E1 8.95522E0 1.2272E1 1.3267E1 8.29187E0 5.97015E0 6.6335E0 8.29187E0 1.39303E1 8.62355E0 4.64345E0 2.6534E0 2.6534E0 2.32172E0 2.6534E0 4.31177E0 6.30182E0 4.31177E0 3.64842E0 2.6534E0 3.31675E0 2.6534E0 3.64842E0 3.9801E0 3.9801E0 3.9801E0 4.64345E0 8.95522E0 1.16086E1 1.4262E1 1.3267E1 1.3267E1 1.3267E1 1.39303E1 1.3267E1 1.12769E1 1.12769E1 9.95025E0 9.61857E0 8.95522E0 1.09453E1 4.64345E0 9.95025E-1 9.95025E-1
5.00829E1 5.00829E1 5.00829E1 5.00829E1 5.00829E1 4.74295E1 4.74295E1 4.74295E1 4.74295E1 4.74295E1 4.74295E1 4.74295E1 4.74295E1 4.54395E1 4.01327E1 3.78109E1 3.61526E1 3.34992E1 2.91874E1 2.71973E1 2.71973E1 2.71973E1 2.42123E1 2.6534E1 3.01824E1 2.8524E1 1.85738E1 1.2272E1 8.29187E0 7.29685E0 8.95522E0 8.95522E0 5.97015E0 6.6335E0 6.30182E0 4.31177E0 3.9801E0 2.32172E0 2.32172E0 2.32172E0 2.32172E0 2.6534E0 3.9801E0 3.31675E0 2.32172E0 2.32172E0 2.32172E0 2.32172E0 2.32172E0 2.6534E0 2.6534E0 3.9801E0 7.29685E0 8.95522E0 9.95025E0 1.3267E1 1.45937E1 1.4262E1 1.45937E1 1.4262E1 1.19403E1 1.12769E1 1.12769E1 9.61857E0 8.95522E0 8.95522E0 6.96517E0 2.98507E0 9.95025E-1 6.6335E-1
5.43947E1 5.43947E1 5.43947E1 5.43947E1 5.00829E1 5.5058E1 5.14096E1 5.5058E1 5.5058E1 5.00829E1 4.74295E1 4.74295E1 4.37811E1 4.24544E1 3.78109E1 3.48259E1 3.34992E1 2.91874E1 2.58706E1 2.48756E1 2.58706E1 2.58706E1 2.42123E1 2.6534E1 3.01824E1 2.98507E1 1.99005E1 1.2272E1 7.29685E0 6.30182E0 8.95522E0 1.3267E1 1.16086E1 5.63847E0 6.6335E0 3.9801E0 2.6534E0 2.32172E0 2.32172E0 2.32172E0 2.32172E0 1.99005E0 2.32172E0 2.32172E0 1.99005E0 1.99005E0 1.99005E0 2.32172E0 2.32172E0 2.32172E0 2.6534E0 4.64345E0 5.97015E0 6.6335E0 1.16086E1 1.4262E1 1.5257E1 1.59204E1 1.45937E1 1.39303E1 1.39303E1 1.3267E1 1.16086E1 9.95025E0 8.95522E0 8.95522E0 9.61857E0 2.32172E0 9.95025E-1 -9999
5.83748E1 5.83748E1 5.83748E1 5.83748E1 5.90381E1 5.83748E1 5.5058E1 5.5058E1 5.90381E1 5.24046E1 5.10779E1 4.61028E1 4.31177E1 4.01327E1 3.61526E1 3.34992E1 2.71973E1 2.58706E1 2.48756E1 2.45439E1 2.71973E1 2.91874E1 2.91874E1 2.8524E1 2.22222E1 2.02322E1 1.55887E1 9.61857E0 6.6335E0 5.97015E0 8.95522E0 1.75788E1 1.82421E1 8.95522E0 4.31177E0 2.98507E0 2.32172E0 1.99005E0 2.32172E0 2.32172E0 1.99005E0 1.99005E0 1.99005E0 1.99005E0 1.99005E0 1.99005E0 1.99005E0 1.99005E0 2.32172E0 2.32172E0 2.6534E0 3.9801E0 4.97512E0 5.63847E0 8.29187E0 1.69154E1 1.69154E1 1.65837E1 1.59204E1 1.5257E1 1.5257E1 1.4262E1 1.12769E1 9.61857E0 9.2869E0 8.95522E0 5.3068E0 1.3267E0 9.95025E-1 -9999
6.06965E1 6.06965E1 5.83748E1 5.83748E1 6.13599E1 6.13599E1 5.90381E1 5.90381E1 5.90381E1 5.24046E1 5.10779E1 4.64345E1 4.54395E1 4.01327E1 3.61526E1 3.11774E1 2.58706E1 2.48756E1 2.45439E1 2.48756E1 2.71973E1 2.91874E1 3.11774E1 2.8524E1 1.85738E1 1.55887E1 1.16086E1 7.29685E0 5.97015E0 6.6335E0 1.3267E1 1.89055E1 2.08955E1 1.69154E1 5.97015E0 2.32172E0 1.99005E0 1.99005E0 1.99005E0 1.99005E0 1.99005E0 1.99005E0 1.99005E0 1.99005E0 1.99005E0 1.99005E0 1.65837E0 1.65837E0 2.32172E0 2.32172E0 2.32172E0 2.6534E0 2.98507E0 2.32172E0 5.3068E0 1.09453E1 1.5257E1 1.65837E1 1.59204E1 1.45937E1 1.3267E1 1.39303E1 1.16086E1 1.12769E1 8.95522E0 1.12769E1 4.97512E0 2.32172E0 9.95025E-1 -9999
6.06965E1 6.33499E1 6.33499E1 6.16915E1 6.79934E1 6.76617E1 6.46766E1 6.36816E1 6.03648E1 5.24046E1 5.10779E1 4.74295E1 4.54395E1 4.01327E1 3.61526E1 3.34992E1 2.71973E1 2.58706E1 2.48756E1 2.48756E1 2.48756E1 2.58706E1 2.71973E1 1.99005E1 1.55887E1 9.61857E0 5.97015E0 5.63847E0 5.97015E0 7.29685E0 1.55887E1 2.08955E1 2.28856E1 1.82421E1 5.63847E0 1.99005E0 1.99005E0 1.99005E0 1.99005E0 1.99005E0 1.99005E0 1.65837E0 1.65837E0 1.65837E0 1.65837E0 1.65837E0 1.65837E0 1.65837E0 2.32172E0 2.32172E0 2.32172E0 2.32172E0 2.32172E0 1.99005E0 2.98507E0 6.30182E0 8.29187E0 1.39303E1 1.65837E1 1.5257E1 1.19403E1 1.12769E1 1.12769E1 1.12769E1 2.02322E1 9.61857E0 4.97512E0 3.64842E0 2.32172E0 -9999
6.06965E1 6.534E1 6.33499E1 6.33499E1 7.16418E1 6.76617E1 6.66667E1 6.36816E1 6.03648E1 5.24046E1 5.10779E1 4.90879E1 4.74295E1 4.24544E1 3.78109E1 3.48259E1 3.34992E1 2.91874E1 2.71973E1 2.58706E1 2.58706E1 2.58706E1 2.32172E1 1.3267E1 6.6335E0 5.97015E0 5.63847E0 6.30182E0 6.6335E0 7.29685E0 1.3267E1 1.85738E1 1.82421E1 1.2272E1 3.9801E0 1.99005E0 1.3267E0 1.99005E0 1.99005E0 1.99005E0 1.99005E0 1.3267E0 1.3267E0 1.3267E0 1.65837E0 1.3267E0 1.3267E0 1.65837E0 1.99005E0 2.32172E0 1.99005E0 1.99005E0 1.99005E0 1.3267E0 1.3267E0 3.9801E0 4.97512E0 7.9602E0 1.49254E1 1.79104E1 1.75788E1 1.12769E1 9.95025E0 1.12769E1 1.79104E1 1.09453E1 6.30182E0 4.97512E0 3.64842E0 -9999
6.534E1 6.534E1 6.534E1 6.33499E1 7.13101E1 6.76617E1 6.66667E1 6.36816E1 6.03648E1 5.24046E1 4.90879E1 4.74295E1 4.54395E1 4.24544E1 3.78109E1 3.61526E1 3.48259E1 3.34992E1 3.11774E1 2.58706E1 2.38806E1 2.22222E1 1.39303E1 6.30182E0 5.63847E0 2.32172E0 5.3068E0 6.6335E0 9.61857E0 8.95522E0 8.29187E0 1.16086E1 8.29187E0 4.31177E0 1.99005E0 1.99005E0 1.3267E0 1.3267E0 3.31675E-1 3.31675E-1 3.31675E-1 -9.00901E-1 3.31675E-1 3.31675E-1 1.3267E0 1.3267E0 1.3267E0 1.65837E0 1.65837E0 1.99005E0 1.99005E0 1.99005E0 1.3267E0 1.3267E0 1.3267E0 1.3267E0 1.99005E0 3.9801E0 8.95522E0 1.72471E1 1.82421E1 1.79104E1 1.16086E1 1.55887E1 1.69154E1 1.26036E1 1.09453E1 9.61857E0 9.61857E0 -9999
6.534E1 6.733E1 6.733E1 6.534E1 6.66667E1 6.50083E1 6.43449E1 6.36816E1 5.67164E1 4.90879E1 4.21227E1 4.24544E1 4.24544E1 4.01327E1 3.78109E1 3.78109E1 3.78109E1 3.61526E1 3.01824E1 2.02322E1 1.82421E1 1.39303E1 6.30182E0 5.97015E0 4.97512E0 3.64842E0 3.9801E0 6.6335E0 1.16086E1 8.95522E0 5.97015E0 5.63847E0 4.97512E0 1.99005E0 1.99005E0 1.3267E0 3.31675E-1 3.31675E-1 -9.00901E-1 -9.00901E-1 -9.00901E-1 -9.00901E-1 -9.00901E-1 -9.00901E-1 -9.00901E-1 1.3267E0 1.3267E0 1.65837E0 1.65837E0 1.99005E0 1.99005E0 1.99005E0 1.99005E0 1.99005E0 1.3267E0 1.3267E0 1.99005E0 3.9801E0 7.29685E0 1.5257E1 1.75788E1 1.75788E1 1.39303E1 1.3267E1 1.2272E1 1.26036E1 1.26036E1 1.5257E1 1.69154E1 -9999
6.733E1 6.89884E1 6.66667E1 6.43449E1 6.30182E1 6.23549E1 6.23549E1 6.36816E1 5.4063E1 4.47761E1 4.21227E1 3.61526E1 3.61526E1 3.61526E1 3.61526E1 3.68159E1 3.68159E1 4.01327E1 3.34992E1 1.89055E1 1.26036E1 8.95522E0 6.30182E0 5.3068E0 2.98507E0 2.32172E0 3.9801E0 5.63847E0 5.97015E0 5.97015E0 3.64842E0 2.32172E0 1.99005E0 1.99005E0 1.99005E0 3.31675E-1 3.31675E-1 3.31675E-1 -9.00901E-1 -9.00901E-1 -9.00901E-1 -9.00901E-1 -9.00901E-1 -9.00901E-1 -9.00901E-1 3.31675E-1 1.65837E0 1.65837E0 1.99005E0 1.99005E0 1.99005E0 1.99005E0 1.99005E0 1.99005E0 1.3267E0 1.99005E0 1.99005E0 3.9801E0 8.29187E0 1.59204E1 1.85738E1 1.69154E1 1.55887E1 1.3267E1 1.16086E1 1.2272E1 1.26036E1 1.09453E1 1.09453E1 5.3068E0
6.733E1 6.50083E1 6.40133E1 6.26866E1 6.00332E1 5.77114E1 5.93698E1 5.87065E1 5.4063E1 4.90879E1 4.47761E1 3.78109E1 3.48259E1 3.48259E1 3.48259E1 3.61526E1 3.44942E1 3.78109E1 3.28358E1 1.82421E1 1.39303E1 8.29187E0 6.30182E0 8.29187E0 5.3068E0 2.98507E0 4.64345E0 4.97512E0 3.9801E0 2.6534E0 2.32172E0 2.32172E0 1.99005E0 1.99005E0 1.3267E0 1.3267E0 3.31675E-1 -9.00901E-1 -9.00901E-1 -9.00901E-1 -9.00901E-1 -9.00901E-1 -9.00901E-1 3.31675E-1 3.31675E-1 1.3267E0 1.99005E0 1.99005E0 1.99005E0 1.99005E0 2.32172E0 1.99005E0 2.32172E0 1.3267E0 1.3267E0 1.99005E0 1.99005E0 3.9801E0 6.30182E0 1.55887E1 1.85738E1 1.75788E1 1.39303E1 1.16086E1 1.2272E1 1.09453E1 6.30182E0 5.97015E0 4.97512E0 2.98507E0
6.43449E1 6.43449E1 6.33499E1 6.23549E1 5.93698E1 5.33997E1 5.60531E1 5.87065E1 5.24046E1 4.90879E1 4.54395E1 4.01327E1 3.61526E1 3.48259E1 3.44942E1 3.44942E1 3.44942E1 3.34992E1 2.8524E1 1.75788E1 1.59204E1 1.2272E1 8.95522E0 9.2869E0 8.95522E0 5.3068E0 4.64345E0 4.64345E0 4.31177E0 2.32172E0 2.32172E0 2.32172E0 1.99005E0 1.99005E0 1.3267E0 3.31675E-1 3.31675E-1 -9.00901E-1 -9.00901E-1 -9.00901E-1 -9.00901E-1 -9.00901E-1 3.31675E-1 3.31675E-1 1.3267E0 1.3267E0 1.99005E0 1.99005E0 1.99005E0 1.99005E0 1.99005E0 2.32172E0 2.32172E0 1.99005E0 1.3267E0 1.99005E0 1.99005E0 3.9801E0 8.29187E0 1.16086E1 1.39303E1 1.69154E1 1.55887E1 1.16086E1 1.16086E1 6.96517E0 4.97512E0 3.64842E0 2.32172E0 9.95025E-1
6.40133E1 6.40133E1 6.40133E1 6.33499E1 6.26866E1 6.30182E1 5.67164E1 5.67164E1 5.10779E1 4.74295E1 4.24544E1 4.01327E1 3.61526E1 3.48259E1 3.44942E1 3.34992E1 3.11774E1 2.91874E1 2.71973E1 1.99005E1 1.75788E1 1.49254E1 1.09453E1 9.2869E0 8.29187E0 6.30182E0 4.64345E0 3.9801E0 3.64842E0 2.32172E0 2.32172E0 1.99005E0 1.99005E0 1.3267E0 1.3267E0 3.31675E-1 3.31675E-1 -9.00901E-1 -9.00901E-1 -9.00901E-1 -9.00901E-1 3.31675E-1 3.31675E-1 1.3267E0 1.3267E0 1.99005E0 1.99005E0 1.99005E0 1.99005E0 1.99005E0 1.99005E0 2.32172E0 1.99005E0 1.3267E0 1.3267E0 1.3267E0 1.99005E0 6.30182E0 9.61857E0 1.16086E1 9.61857E0 1.16086E1 1.3267E1 1.2272E1 8.29187E0 6.30182E0 4.97512E0 9.95025E-1 6.6335E-1 3.31675E-1
6.40133E1 6.43449E1 6.43449E1 6.6335E1 6.66667E1 6.03648E1 5.24046E1 5.10779E1 4.90879E1 4.54395E1 4.24544E1 4.01327E1 3.78109E1 3.61526E1 3.48259E1 3.34992E1 2.91874E1 2.71973E1 2.58706E1 2.22222E1 1.82421E1 1.59204E1 1.16086E1 8.95522E0 7.62852E0 5.3068E0 4.64345E0 3.9801E0 2.98507E0 2.32172E0 1.99005E0 1.99005E0 1.3267E0 1.3267E0 3.31675E-1 3.31675E-1 3.31675E-1 3.31675E-1 3.31675E-1 3.31675E-1 3.31675E-1 3.31675E-1 1.3267E0 1.3267E0 1.99005E0 1.99005E0 1.99005E0 1.99005E0 1.99005E0 1.99005E0 1.99005E0 1.99005E0 1.99005E0 1.3267E0 1.3267E0 1.3267E0 1.99005E0 5.97015E0 8.95522E0 7.29685E0 6.6335E0 8.29187E0 6.30182E0 6.6335E0 6.6335E0 5.97015E0 3.64842E0 9.95025E-1 -2.67857E0 -2.67857E0
