_episodes_rmd/output/experiment_big/species_big_extent.asc
ncols         660
nrows         720
xllcorner     -130.0
yllcorner     -60.0
cellsize      0.166666666666667
NODATA_value  -9999
[rows 341 to 371 of 720, columns 276 to 344 of 660]
-9999 -9999 -9999 -9999 -9999 -9999 -9999 -9999 -9999 -9999 -9999 -9999 -9999 -9999 -9999 -9999 -9999 -9999 -9999 -9999 -9999 -9999 -9999 -9999 -9999 -9999 -9999 -9999 -9999 -9999 -9999 -9999 -9999 -9999 9.05745E-3 -9999 -9999 1.99462E-2 2.02726E-2 1.89557E-2 1.35964E-2 5.34654E-2 1.11583E-1 4.36247E-1 8.44902E-2 7.12111E-2 2.7974E-1 4.72427E-3 1.54939E-2 8.58828E-2 1.18726E-1 9.63948E-2 8.77413E-2 1.02497E-1 5.64891E-2 4.44179E-2 1.40147E-2 6.39344E-2 1.75308E-1 1.45144E-1 1.65855E-1 2.53118E-1 2.01392E-1 2.43222E-1 3.01989E-1 3.14504E-1 3.12501E-1 3.24391E-1 3.32645E-1
-9999 -9999 -9999 -9999 -9999 -9999 -9999 -9999 -9999 -9999 -9999 -9999 -9999 -9999 -9999 -9999 -9999 -9999 -9999 -9999 -9999 -9999 -9999 -9999 -9999 -9999 -9999 -9999 -9999 -9999 -9999 -9999 -9999 -9999 8.76899E-3 -9999 -9999 1.95991E-2 1.70223E-2 1.31208E-2 1.07312E-2 5.77457E-2 4.69357E-1 5.02688E-1 1.0492E-1 3.07467E-1 1.55978E-1 4.77206E-3 6.94622E-3 9.21846E-2 1.04639E-1 7.32195E-2 1.07716E-1 3.17714E-2 4.9823E-2 4.49368E-2 2.09905E-2 7.95861E-2 1.37172E-1 1.66658E-1 1.43528E-1 2.48663E-1 2.11576E-1 2.85465E-1 3.36837E-1 3.37612E-1 3.45839E-1 3.62151E-1 3.43005E-1
-9999 -9999 -9999 -9999 -9999 -9999 -9999 -9999 -9999 -9999 -9999 -9999 -9999 -9999 -9999 -9999 -9999 -9999 -9999 -9999 -9999 -9999 -9999 -9999 -9999 -9999 -9999 -9999 -9999 -9999 -9999 -9999 -9999 -9999 1.38275E-2 1.51499E-2 2.00407E-2 1.51931E-2 1.47262E-2 1.11051E-2 6.05592E-2 6.38049E-2 6.39203E-1 4.93598E-1 2.9737E-1 2.32209E-1 5.05566E-3 1.7704E-1 5.82722E-2 7.15311E-2 7.40038E-2 1.00736E-1 4.76204E-2 7.14643E-2 5.34006E-2 7.90801E-2 2.27709E-2 8.84046E-2 1.6101E-1 1.87357E-1 2.45471E-1 2.3748E-1 2.22813E-1 2.94418E-1 3.34899E-1 3.38894E-1 3.45188E-1 2.52278E-1 2.94036E-1
-9999 -9999 -9999 -9999 -9999 -9999 -9999 -9999 -9999 -9999 -9999 -9999 -9999 -9999 -9999 -9999 -9999 -9999 -9999 -9999 -9999 -9999 -9999 -9999 -9999 -9999 -9999 -9999 -9999 -9999 -9999 -9999 1.25971E-2 6.05189E-3 1.24782E-2 1.48041E-2 1.44719E-2 1.15322E-2 9.76227E-3 5.80974E-2 8.03747E-2 7.18661E-2 3.64596E-1 3.6516E-1 3.61155E-1 2.09611E-1 4.19855E-3 1.43369E-1 2.29303E-1 5.87343E-2 6.93025E-2 7.65844E-2 7.66179E-2 5.66789E-2 7.32733E-2 3.25914E-2 5.03628E-2 1.05102E-1 1.91603E-1 2.68006E-1 1.60228E-1 2.13253E-1 2.20539E-1 2.6761E-1 2.97719E-1 3.1191E-1 3.44103E-1 3.03295E-1 1.9315E-1
-9999 -9999 -9999 -9999 -9999 -9999 -9999 -9999 -9999 -9999 -9999 -9999 -9999 -9999 -9999 -9999 -9999 -9999 -9999 -9999 -9999 -9999 -9999 -9999 -9999 -9999 -9999 -9999 -9999 -9999 -9999 -9999 1.17438E-2 5.26357E-3 1.159E-2 1.22722E-2 1.32623E-2 7.61145E-3 1.71722E-2 2.61055E-1 4.35716E-1 4.9107E-1 4.69312E-1 3.8143E-1 2.77097E-1 2.10836E-2 5.734E-3 1.45159E-1 9.25433E-2 4.80603E-2 5.35351E-2 1.04941E-1 3.96262E-2 8.82226E-2 4.58914E-2 1.00441E-1 1.10609E-1 1.05201E-1 1.62615E-1 2.43295E-1 1.56327E-1 1.39346E-1 2.25764E-1 2.77242E-1 2.97135E-1 3.13779E-1 3.52631E-1 3.5459E-1 3.05869E-1
-9999 -9999 -9999 -9999 -9999 -9999 -9999 -9999 -9999 -9999 -9999 -9999 -9999 -9999 -9999 -9999 -9999 -9999 -9999 -9999 -9999 -9999 -9999 -9999 -9999 -9999 -9999 -9999 -9999 -9999 -9999 8.41171E-3 1.08494E-2 5.49736E-3 1.21728E-2 1.22458E-2 1.44319E-2 1.29566E-2 1.09315E-1 1.19627E-1 1.24011E-1 4.09661E-1 1.00475E-1 3.66739E-1 1.61036E-1 3.74004E-3 2.82708E-2 9.87732E-2 2.06552E-1 2.95427E-2 3.23541E-2 4.10478E-2 6.33813E-2 6.65751E-2 7.25231E-2 1.15138E-1 1.16528E-1 1.24961E-1 1.45066E-1 1.73326E-1 1.50773E-1 1.96029E-1 2.22831E-1 2.53682E-1 2.81568E-1 3.10157E-1 3.15252E-1 3.39268E-1 4.08381E-1
-9999 -9999 -9999 -9999 -9999 -9999 -9999 -9999 -9999 -9999 -9999 -9999 -9999 -9999 -9999 -9999 -9999 -9999 -9999 -9999 -9999 -9999 -9999 -9999 -9999 -9999 -9999 -9999 -9999 -9999 -9999 8.77879E-3 1.09436E-2 5.65869E-3 1.34253E-2 1.2492E-2 1.464E-2 8.84573E-3 8.65376E-2 3.85898E-1 3.37755E-1 1.16324E-1 1.19352E-1 2.7191E-1 3.13252E-3 2.75298E-2 1.04382E-1 1.2895E-1 6.16863E-2 2.7421E-2 8.62803E-2 3.87526E-2 1.74166E-2 6.49098E-2 1.14594E-1 1.2053E-1 1.18096E-1 1.5139E-1 1.1882E-1 1.00932E-1 1.43631E-1 1.91236E-1 1.93142E-1 2.24122E-1 2.58367E-1 2.61217E-1 2.81158E-1 3.16414E-1 3.29853E-1
-9999 -9999 -9999 -9999 -9999 -9999 -9999 -9999 -9999 -9999 -9999 -9999 -9999 -9999 -9999 -9999 -9999 -9999 -9999 -9999 -9999 -9999 -9999 -9999 -9999 -9999 -9999 -9999 -9999 -9999 -9999 6.62892E-3 4.71407E-3 1.20153E-2 1.84813E-2 1.71415E-2 1.53967E-2 3.48514E-2 8.62227E-2 1.12087E-1 9.18709E-2 1.05229E-1 3.36477E-1 9.7454E-2 4.95565E-3 3.96908E-2 2.10365E-1 4.11506E-2 2.77519E-2 2.88675E-2 1.00061E-1 8.60981E-2 2.18394E-2 1.05753E-1 1.47464E-1 1.22605E-1 1.20912E-1 1.20514E-1 1.21239E-1 1.53848E-1 1.26596E-1 1.84887E-1 1.80896E-1 1.89082E-1 2.29118E-1 2.56244E-1 2.76475E-1 3.20591E-1 3.20797E-1
-9999 -9999 -9999 -9999 -9999 -9999 -9999 -9999 -9999 -9999 -9999 -9999 -9999 -9999 -9999 -9999 -9999 -9999 -9999 -9999 -9999 -9999 -9999 -9999 -9999 -9999 -9999 -9999 -9999 8.13808E-3 7.90255E-3 1.13477E-2 6.05101E-3 1.57577E-2 2.64923E-2 1.52943E-2 2.51038E-2 3.18948E-2 5.49298E-2 9.80161E-2 7.34277E-2 1.07527E-1 8.83495E-2 2.02214E-2 3.9657E-2 5.64702E-2 6.64806E-2 1.84661E-1 7.21732E-2 1.07234E-1 1.99183E-2 2.11115E-2 1.42427E-1 1.29225E-1 1.52824E-1 1.37127E-1 1.55508E-1 1.56057E-1 1.52687E-1 1.64028E-1 1.22802E-1 1.80549E-1 1.76542E-1 1.82971E-1 2.19792E-1 2.44723E-1 2.61572E-1 2.88449E-1 2.89439E-1
-9999 -9999 -9999 -9999 -9999 -9999 -9999 -9999 -9999 -9999 -9999 -9999 -9999 -9999 -9999 -9999 -9999 -9999 -9999 -9999 -9999 -9999 -9999 -9999 -9999 -9999 -9999 -9999 -9999 8.49521E-3 1.11039E-2 1.92424E-2 9.62994E-3 2.35413E-2 3.36044E-2 2.10943E-2 2.61122E-2 2.22939E-2 8.38469E-2 4.95753E-2 9.64343E-2 8.04516E-2 2.39672E-2 5.38996E-2 1.62542E-1 3.96029E-2 6.44555E-2 7.01512E-2 1.53047E-2 8.11473E-2 1.6506E-1 1.23059E-1 1.97364E-1 1.67858E-1 1.42168E-1 1.83048E-1 1.5723E-1 1.5424E-1 1.63856E-1 1.58868E-1 1.20519E-1 1.78554E-1 1.77032E-1 1.77157E-1 2.13432E-1 2.19686E-1 2.25492E-1 2.52479E-1 2.60346E-1
-9999 -9999 -9999 -9999 -9999 -9999 -9999 -9999 -9999 -9999 -9999 -9999 -9999 -9999 -9999 -9999 -9999 -9999 -9999 -9999 -9999 -9999 -9999 -9999 -9999 -9999 -9999 -9999 -9999 -9999 1.67889E-2 3.06972E-2 9.5258E-3 3.90181E-2 3.46692E-2 1.19354E-2 1.67036E-2 3.55054E-2 7.87827E-2 2.66191E-1 2.65153E-1 7.25871E-2 2.43965E-2 3.95813E-2 3.22336E-2 6.90268E-2 1.19176E-1 1.2182E-1 4.50577E-2 1.10906E-1 1.48677E-1 1.50952E-1 1.82134E-1 1.56315E-1 1.86698E-1 1.82549E-1 1.46639E-1 1.50585E-1 1.57684E-1 1.20296E-1 1.79653E-1 1.78544E-1 1.69602E-1 1.73323E-1 1.944E-1 2.12165E-1 2.10238E-1 2.20757E-1 2.49911E-1
-9999 -9999 -9999 -9999 -9999 -9999 -9999 -9999 -9999 -9999 -9999 -9999 -9999 -9999 -9999 -9999 -9999 -9999 -9999 -9999 -9999 -9999 -9999 -9999 -9999 -9999 -9999 -9999 -9999 1.59191E-2 2.02471E-2 2.30841E-2 1.49652E-2 1.76475E-2 2.32966E-2 1.68597E-2 1.20048E-1 7.16726E-2 6.86674E-2 6.94072E-2 6.19692E-2 2.30752E-2 8.63765E-2 4.66658E-2 6.98147E-2 1.16508E-1 2.84799E-2 4.96329E-2 4.25726E-2 1.1194E-1 1.14575E-1 1.94557E-1 1.7581E-1 1.5791E-1 1.89543E-1 1.7983E-1 1.42408E-1 1.27605E-1 1.31606E-1 1.32469E-1 1.4794E-1 1.74593E-1 1.80438E-1 1.74614E-1 2.04972E-1 2.00494E-1 2.0065E-1 2.08562E-1 2.24178E-1
-9999 -9999 -9999 -9999 -9999 -9999 -9999 -9999 -9999 -9999 -9999 -9999 -9999 -9999 -9999 -9999 -9999 -9999 -9999 -9999 -9999 -9999 -9999 -9999 -9999 -9999 8.40002E-3 1.30064E-2 1.39064E-2 2.5076E-2 2.70341E-2 1.49101E-2 4.28905E-2 1.10012E-2 1.33132E-2 8.27355E-2 1.60797E-1 3.15893E-2 7.48563E-2 4.63684E-2 2.59756E-2 5.36523E-2 8.61596E-2 1.80287E-1 1.14438E-1 2.09026E-2 7.80849E-2 8.86249E-2 4.95146E-2 1.14399E-1 1.12969E-1 1.44393E-1 2.14181E-1 1.91323E-1 1.86489E-1 1.80325E-1 1.4292E-1 1.39515E-1 9.8686E-2 9.74314E-2 1.52209E-1 1.47552E-1 1.50994E-1 1.71123E-1 1.85147E-1 1.86937E-1 1.92821E-1 2.55819E-1 2.07599E-1
-9999 -9999 -9999 -9999 -9999 -9999 -9999 -9999 -9999 -9999 -9999 -9999 -9999 -9999 -9999 -9999 -9999 -9999 -9999 -9999 -9999 -9999 -9999 -9999 1.11291E-2 1.27204E-2 1.90785E-2 2.70615E-2 2.7859E-2 2.95323E-2 2.14499E-2 3.67656E-2 9.76428E-3 5.15398E-2 2.38919E-1 1.492E-1 3.94276E-3 2.32904E-2 2.29858E-2 2.01402E-2 3.01086E-2 9.67145E-2 2.70067E-1 3.90434E-2 4.56876E-2 4.4307E-2 4.44861E-2 4.98849E-2 4.87552E-2 3.99872E-2 1.02068E-1 1.34246E-1 1.47905E-1 1.80507E-1 1.92242E-1 1.77767E-1 1.36578E-1 1.43543E-1 1.51584E-1 1.11469E-1 1.01829E-1 1.50522E-1 1.47812E-1 1.4892E-1 1.49747E-1 1.60292E-1 1.47793E-1 1.71595E-1 1.76008E-1
-9999 -9999 -9999 -9999 -9999 -9999 -9999 -9999 -9999 -9999 -9999 -9999 -9999 -9999 -9999 -9999 -9999 -9999 -9999 -9999 -9999 -9999 -9999 1.33299E-2 1.38775E-2 2.20498E-2 2.66729E-2 3.65878E-2 5.73513E-2 2.16147E-2 2.70237E-2 3.26319E-2 4.81188E-2 5.21882E-2 2.03785E-1 1.77393E-1 1.94924E-3 2.07327E-2 2.03356E-2 2.14846E-2 1.3754E-1 6.56777E-2 7.23426E-2 3.58303E-2 3.82214E-2 2.31996E-2 2.58216E-2 5.18676E-2 3.83419E-2 3.63824E-2 3.46855E-2 1.07856E-1 1.29706E-1 1.43008E-1 1.83156E-1 1.80198E-1 1.8972E-1 1.54036E-1 1.51726E-1 1.12046E-1 1.71232E-1 1.65619E-1 1.49418E-1 1.5353E-1 1.55396E-1 1.67874E-1 2.43672E-1 1.72264E-1 2.13278E-1
-9999 -9999 -9999 -9999 -9999 -9999 -9999 -9999 -9999 -9999 -9999 -9999 -9999 -9999 -9999 -9999 -9999 -9999 -9999 -9999 -9999 -9999 -9999 1.75005E-2 2.12541E-2 4.26946E-2 4.73894E-2 6.6851E-2 4.47554E-2 5.77004E-2 5.13738E-2 4.64824E-2 3.17303E-1 2.07069E-1 1.78194E-1 1.43189E-1 7.50163E-2 4.82461E-2 1.99857E-2 1.30983E-1 8.99524E-2 6.68413E-2 3.03135E-2 3.32356E-2 3.78262E-2 4.20301E-2 2.2891E-2 4.03304E-2 4.64212E-2 4.121E-2 3.28665E-2 8.02018E-2 1.27243E-1 1.42048E-1 1.81278E-1 1.85081E-1 1.80711E-1 1.92508E-1 1.48649E-1 1.55946E-1 1.76893E-1 1.62465E-1 1.72784E-1 1.70529E-1 1.72077E-1 1.68615E-1 1.78568E-1 2.27139E-1 2.12664E-1
-9999 -9999 -9999 -9999 -9999 -9999 -9999 -9999 -9999 -9999 -9999 -9999 -9999 -9999 -9999 -9999 -9999 -9999 -9999 -9999 -9999 -9999 -9999 2.7952E-2 4.01055E-2 5.82481E-2 8.45443E-2 3.80858E-2 6.06711E-2 6.03984E-2 1.88624E-1 3.38393E-1 2.35509E-1 9.62213E-2 1.96389E-1 1.31885E-1 1.1367E-1 5.20836E-2 1.1648E-1 1.73412E-1 4.46453E-2 2.77605E-2 3.33642E-2 3.36705E-2 1.02249E-1 4.04009E-2 3.90351E-2 3.76485E-2 4.35273E-2 3.5328E-2 3.37694E-2 2.84525E-2 1.39658E-1 1.38622E-1 1.76899E-1 1.77364E-1 1.92798E-1 2.05468E-1 2.02625E-1 1.53315E-1 1.51622E-1 2.22024E-1 2.21184E-1 2.20192E-1 1.54055E-1 1.99677E-1 2.15126E-1 2.09189E-1 2.22604E-1
-9999 -9999 -9999 -9999 -9999 -9999 -9999 -9999 -9999 -9999 -9999 -9999 -9999 -9999 -9999 -9999 -9999 -9999 -9999 -9999 -9999 -9999 -9999 2.47068E-2 4.64277E-2 4.55425E-2 5.24848E-2 7.48203E-2 1.13428E-1 8.601E-2 5.40923E-2 1.62486E-1 3.3162E-1 2.21099E-1 1.94756E-1 5.89199E-2 5.55106E-3 1.16677E-1 8.25278E-2 3.46416E-2 1.62507E-2 3.21126E-2 3.35451E-2 9.12387E-2 9.69362E-2 1.00566E-1 3.62335E-2 3.34521E-2 4.13735E-2 3.49024E-2 3.18869E-2 3.04319E-2 2.94506E-2 1.49292E-1 1.96372E-1 2.03238E-1 2.05625E-1 2.09177E-1 1.52169E-1 1.46479E-1 1.50928E-1 2.18428E-1 2.18079E-1 2.13927E-1 2.11075E-1 2.20805E-1 2.16019E-1 1.49835E-1 2.13825E-1
-9999 -9999 -9999 -9999 -9999 -9999 -9999 -9999 -9999 -9999 -9999 -9999 -9999 -9999 -9999 -9999 -9999 -9999 -9999 -9999 -9999 -9999 -9999 6.15277E-2 8.18129E-2 9.63943E-2 1.20521E-1 9.96678E-2 1.63305E-1 1.16545E-1 4.90268E-2 4.84679E-1 2.21472E-1 1.29327E-1 7.97832E-2 3.42091E-3 2.15384E-3 1.2031E-1 8.79034E-2 4.02587E-2 6.68542E-2 8.7822E-2 9.29596E-2 9.35166E-2 9.23889E-2 9.02047E-2 8.91358E-2 3.3851E-2 3.18361E-2 2.9302E-2 2.97941E-2 3.02904E-2 1.03953E-1 1.16215E-1 1.69259E-1 2.10562E-1 2.20794E-1 2.11345E-1 1.57694E-1 1.55839E-1 1.51799E-1 1.44374E-1 2.11799E-1 2.05119E-1 2.04545E-1 2.09196E-1 2.09377E-1 2.04246E-1 1.86935E-1
-9999 -9999 -9999 -9999 -9999 -9999 -9999 -9999 -9999 -9999 -9999 -9999 -9999 -9999 -9999 -9999 -9999 -9999 -9999 -9999 -9999 -9999 1.48652E-1 1.21886E-1 1.66717E-1 1.30273E-1 5.27489E-1 2.85543E-1 3.76826E-1 7.32186E-2 6.68053E-2 4.18821E-1 2.3652E-1 1.26988E-1 1.54298E-1 1.75209E-3 1.75722E-3 1.13149E-1 2.36135E-1 6.79027E-2 7.27246E-2 9.22977E-2 1.03466E-1 9.54252E-2 9.72551E-2 9.21648E-2 3.02201E-2 3.0704E-2 3.20226E-2 3.03085E-2 2.7673E-2 8.05546E-2 8.25512E-2 8.67596E-2 1.45824E-1 2.62381E-1 1.79478E-1 1.58049E-1 1.51203E-1 2.25215E-1 2.21582E-1 2.1977E-1 2.08761E-1 2.06446E-1 2.06195E-1 2.07359E-1 1.69899E-1 1.79377E-1 1.65844E-1
-9999 -9999 -9999 -9999 -9999 -9999 -9999 -9999 -9999 -9999 -9999 -9999 -9999 -9999 -9999 -9999 -9999 -9999 -9999 -9999 -9999 8.72019E-2 1.5171E-1 1.16604E-1 3.77767E-1 2.59263E-1 3.20121E-1 2.95902E-1 1.98695E-1 4.58702E-2 1.34589E-1 3.17841E-1 1.08046E-1 1.46703E-1 1.85985E-3 1.45347E-3 5.58194E-2 2.15008E-1 3.28641E-1 1.06501E-1 7.62902E-2 9.71182E-2 9.64242E-2 9.27684E-2 9.0643E-2 8.49439E-2 8.1711E-2 6.636E-2 2.18112E-2 2.82511E-2 2.72051E-2 7.79966E-2 1.17269E-1 8.80889E-2 1.44166E-1 2.01986E-1 1.79824E-1 2.17281E-1 1.50601E-1 1.73932E-1 1.70161E-1 1.6974E-1 1.70886E-1 1.61885E-1 1.62908E-1 1.65619E-1 1.6921E-1 1.65449E-1 1.76701E-1
-9999 -9999 -9999 -9999 -9999 -9999 -9999 -9999 -9999 -9999 -9999 -9999 -9999 -9999 -9999 -9999 -9999 -9999 -9999 -9999 -9999 8.33168E-2 1.04236E-1 2.06065E-1 2.66284E-1 2.83321E-1 3.21305E-1 2.65833E-1 1.73516E-1 1.46662E-1 5.32864E-1 2.59561E-1 1.05184E-1 1.03429E-1 1.28927E-3 2.14241E-3 1.74464E-1 1.71947E-1 2.97261E-1 6.78197E-2 8.87121E-2 8.98611E-2 9.02508E-2 8.7245E-2 8.39269E-2 8.50889E-2 8.45872E-2 6.63522E-2 6.23884E-2 7.31888E-2 7.40347E-2 5.53444E-2 8.54815E-2 9.02838E-2 1.41011E-1 1.39712E-1 1.43395E-1 1.25126E-1 1.24682E-1 1.79506E-1 1.70668E-1 6.16617E-2 6.39169E-2 6.53739E-2 1.6694E-1 1.62298E-1 6.33843E-2 1.67682E-1 1.19368E-1
-9999 -9999 -9999 -9999 -9999 -9999 -9999 -9999 -9999 -9999 -9999 -9999 -9999 -9999 -9999 -9999 -9999 -9999 -9999 -9999 -9999 8.9606E-2 1.34871E-1 4.68037E-1 4.43429E-1 3.54275E-1 3.3526E-1 2.37847E-1 1.48011E-1 3.03913E-1 2.54782E-1 3.1845E-2 1.00473E-2 1.58242E-3 1.03735E-3 1.47026E-3 2.1232E-1 2.41926E-1 3.89869E-1 7.59895E-2 7.72406E-2 8.7797E-2 9.09112E-2 8.59088E-2 8.47739E-2 8.45978E-2 8.49829E-2 5.99058E-2 5.86898E-2 5.98288E-2 7.09439E-2 7.61772E-2 8.21917E-2 1.17385E-1 8.62797E-2 1.35195E-1 1.37381E-1 1.33781E-1 1.26912E-1 1.25675E-1 6.72614E-2 6.63841E-2 6.11959E-2 5.8743E-2 5.96428E-2 6.15243E-2 1.60448E-1 1.63525E-1 1.13515E-1
-9999 -9999 -9999 -9999 -9999 -9999 -9999 -9999 -9999 -9999 -9999 -9999 -9999 -9999 -9999 -9999 -9999 -9999 -9999 -9999 2.06718E-2 9.6596E-2 2.8321E-1 5.67266E-1 6.09052E-1 4.13216E-1 4.5206E-1 4.25708E-1 6.55106E-2 2.9586E-1 9.47644E-2 1.11605E-2 7.97201E-2 1.3702E-3 1.39911E-3 1.45945E-1 2.09657E-1 1.00344E-1 1.73892E-1 8.25751E-2 9.48625E-2 8.96753E-2 9.27985E-2 8.77972E-2 8.8908E-2 8.48936E-2 8.54134E-2 5.75431E-2 6.04472E-2 6.17028E-2 5.23182E-2 7.58786E-2 1.07807E-1 1.11615E-1 8.70517E-2 8.3665E-2 1.2658E-1 7.9516E-2 1.20181E-1 1.19546E-1 4.30674E-2 4.24722E-2 4.2611E-2 4.25394E-2 4.06719E-2 3.93658E-2 1.50217E-1 1.51143E-1 1.56228E-1
-9999 -9999 -9999 -9999 -9999 -9999 -9999 -9999 -9999 -9999 -9999 -9999 -9999 -9999 -9999 -9999 -9999 -9999 9.35714E-3 1.10776E-2 4.50901E-2 2.04278E-1 3.88767E-1 5.2543E-1 6.11974E-1 6.72015E-1 2.16686E-1 2.78909E-1 1.39121E-1 2.99966E-1 1.0929E-2 1.0573E-2 8.39742E-2 1.40365E-3 6.94854E-3 1.39301E-1 3.4804E-1 9.90689E-2 1.06766E-1 1.11564E-1 1.20395E-1 9.95861E-2 9.17874E-2 9.13135E-2 9.19919E-2 9.00374E-2 8.58358E-2 5.81608E-2 6.07867E-2 6.06165E-2 7.63855E-2 8.33887E-2 1.11831E-1 1.11118E-1 1.15686E-1 1.08409E-1 7.73775E-2 7.49141E-2 4.28067E-2 1.12226E-1 3.90323E-2 2.84188E-2 2.91687E-2 3.91235E-2 3.82629E-2 3.74412E-2 2.85226E-2 1.01105E-1 1.03078E-1
-9999 -9999 -9999 -9999 -9999 -9999 -9999 -9999 -9999 -9999 -9999 -9999 -9999 -9999 -9999 -9999 -9999 -9999 1.2816E-2 1.7265E-2 6.02979E-2 2.96008E-1 4.54525E-1 5.38227E-1 6.14573E-1 6.63173E-1 2.38537E-1 2.56022E-1 7.74367E-2 1.7156E-1 2.93225E-3 6.32499E-3 1.44124E-1 1.47821E-3 1.10901E-2 2.90737E-1 1.42114E-1 9.89274E-2 1.1466E-1 1.12339E-1 1.27648E-1 9.93452E-2 8.8483E-2 8.49382E-2 8.89877E-2 8.49768E-2 8.29731E-2 6.22243E-2 5.91948E-2 6.33165E-2 6.4476E-2 1.04022E-1 1.0699E-1 1.02157E-1 9.79647E-2 9.94029E-2 7.50006E-2 2.55386E-2 2.54549E-2 3.99842E-2 2.80382E-2 2.76928E-2 2.6192E-2 2.1625E-2 2.2161E-2 2.14976E-2 2.19318E-2 2.5519E-2 7.45186E-2
-9999 -9999 -9999 -9999 -9999 -9999 -9999 -9999 -9999 -9999 -9999 -9999 -9999 -9999 -9999 -9999 -9999 9.31661E-4 1.24597E-2 1.74835E-2 1.65956E-1 4.17549E-1 5.76325E-1 6.27222E-1 6.14157E-1 4.43398E-1 4.48002E-1 5.03948E-1 9.82605E-2 1.44162E-1 9.37314E-3 8.53866E-3 1.28161E-1 8.31588E-3 1.17744E-1 2.01616E-1 2.90569E-2 1.36592E-1 8.64613E-2 9.49122E-2 1.02943E-1 9.61161E-2 9.14751E-2 8.51934E-2 8.89693E-2 8.78803E-2 8.12429E-2 5.91234E-2 5.95704E-2 6.03819E-2 6.1735E-2 6.52071E-2 8.34623E-2 7.38445E-2 9.07854E-2 5.15626E-2 5.07561E-2 5.85847E-2 1.44858E-2 1.39899E-2 1.35592E-2 2.04927E-2 1.95835E-2 1.95464E-2 2.02365E-2 1.96188E-2 2.0605E-2 1.91623E-2 2.08683E-2
-9999 -9999 -9999 -9999 -9999 -9999 -9999 -9999 -9999 -9999 -9999 -9999 -9999 -9999 -9999 -9999 -9999 -9999 -9999 9.98848E-3 2.39035E-1 3.95653E-1 6.10774E-1 6.09571E-1 6.03268E-1 6.24219E-1 4.90055E-1 5.61983E-1 9.65498E-2 2.54887E-1 1.85459E-3 1.407E-3 5.81888E-2 1.85722E-1 2.47116E-1 2.89295E-1 4.42783E-2 3.00413E-2 8.5007E-2 8.75652E-2 1.0066E-1 9.10077E-2 8.63989E-2 8.54755E-2 8.44051E-2 8.76769E-2 8.11262E-2 5.9642E-2 5.79408E-2 5.83483E-2 5.87399E-2 5.67092E-2 5.35054E-2 5.84902E-2 5.68856E-2 4.20755E-2 1.40013E-2 1.45096E-2 1.41002E-2 1.3123E-2 1.24412E-2 1.19942E-2 1.87103E-2 1.97876E-2 2.04873E-2 1.97973E-2 1.81875E-2 1.88442E-2 1.89534E-2
-9999 -9999 -9999 -9999 -9999 -9999 -9999 -9999 -9999 -9999 -9999 -9999 -9999 -9999 -9999 -9999 -9999 -9999 4.31131E-3 1.35583E-2 1.05644E-1 4.67649E-1 5.68287E-1 5.61632E-1 5.44266E-1 5.81974E-1 4.65465E-1 4.76676E-1 1.62078E-1 2.46414E-1 1.2429E-2 2.24344E-2 1.24395E-1 9.30964E-3 1.86602E-1 1.02594E-1 6.40427E-2 8.76859E-2 7.63014E-2 7.92E-2 9.36394E-2 9.02496E-2 8.70376E-2 9.03094E-2 8.87049E-2 8.80255E-2 8.62564E-2 5.98215E-2 5.796E-2 5.58495E-2 5.62592E-2 5.41654E-2 4.8001E-2 4.66021E-2 3.77415E-2 3.93871E-2 1.2571E-2 1.28424E-2 1.33533E-2 1.39849E-2 1.38023E-2 1.2635E-2 1.15801E-2 1.87418E-2 1.89128E-2 1.8898E-2 1.9683E-2 1.90949E-2 2.04394E-2
-9999 -9999 -9999 -9999 -9999 -9999 -9999 -9999 -9999 -9999 -9999 -9999 -9999 -9999 -9999 -9999 -9999 -9999 -9999 1.34364E-2 8.7144E-2 4.30839E-1 3.80576E-1 3.83328E-1 3.87488E-1 5.09512E-1 6.08215E-1 4.69526E-1 1.61067E-1 2.33242E-1 1.21391E-2 1.0074E-2 5.66832E-2 4.11175E-3 2.37613E-1 9.85115E-2 2.26039E-2 7.96231E-2 8.12046E-2 8.0993E-2 9.78247E-2 9.4867E-2 9.21461E-2 9.03167E-2 8.96004E-2 8.79037E-2 8.64309E-2 6.38427E-2 6.21494E-2 5.68549E-2 5.587E-2 5.59473E-2 5.44381E-2 3.77356E-2 3.5518E-2 3.51653E-2 1.22954E-2 1.34823E-2 1.29902E-2 1.32808E-2 1.23664E-2 1.234E-2 1.1763E-2 1.75951E-2 1.69387E-2 1.07284E-2 1.83164E-2 1.85735E-2 1.87501E-2
-9999 -9999 -9999 -9999 -9999 -9999 -9999 -9999 -9999 -9999 -9999 -9999 -9999 -9999 -9999 -9999 -9999 -9999 -9999 1.22749E-2 5.13707E-2 2.60786E-1 3.82656E-1 3.36675E-1 3.43513E-1 5.44803E-1 5.68743E-1 4.47135E-1 3.3041E-1 2.48478E-1 1.01172E-1 1.1658E-2 9.1418E-3 5.98372E-3 2.47331E-1 1.08871E-1 5.67534E-2 7.29682E-2 7.27475E-2 7.59898E-2 8.7536E-2 8.82559E-2 8.75744E-2 8.72607E-2 8.49227E-2 8.39514E-2 8.63964E-2 6.39964E-2 6.2726E-2 6.11462E-2 5.94906E-2 5.79215E-2 5.74323E-2 1.43074E-2 1.39884E-2 1.42832E-2 1.28995E-2 1.36705E-2 1.34307E-2 1.31587E-2 1.34942E-2 1.17047E-2 1.11301E-2 1.06335E-2 1.05058E-2 1.055E-2 1.14595E-2 1.1495E-2 1.1529E-2
