_episodes_rmd/output/experiment_big/species_big_extent_novel.asc
ncols         660
nrows         720
xllcorner     -130.0
yllcorner     -60.0
cellsize      0.166666666666667
NODATA_value  -9999
[rows 496 to 526 of 720, columns 350 to 419 of 660]
-9999 -9999 -9999 -9999 -9999 -9999 -9999 -9999 1.16754E-1 1.16754E-1 1.16754E-1 3.69722E-1 5.44853E-1 7.19984E-1 9.34034E-1 2.14049E-1 5.83771E-2 -4.34783E0 4.86476E-1 2.52968E-1 1.16754E0 6.61607E-1 9.72952E-2 7.00525E-1 3.11345E-1 8.56198E-1 5.64312E-1 1.16754E0 7.00525E-1 8.95116E-1 5.64312E-1 5.05935E-1 2.91886E-1 2.14049E-1 1.55672E-1 1.16754E-1 7.78362E-2 7.78362E-2 2.91886E-1 2.86048E0 5.58474E0 1.00409E1 1.2123E1 8.56198E0 9.3598E0 1.10917E1 8.4063E0 7.95875E0 6.16852E0 4.53396E0 4.53396E0 4.53396E0 4.53396E0 5.40961E0 6.16852E0 6.16852E0 6.53824E0 6.53824E0 6.16852E0 4.53396E0 1.00409E1 7.95875E0 7.08309E0 6.16852E0 2.35454E0 2.17941E0 1.98482E0 1.98482E0 1.98482E0 1.98482E0
-9999 -9999 -9999 -9999 -9999 -9999 -9999 1.9459E-1 1.16754E-1 1.16754E-1 3.69722E-1 3.69722E-1 6.22689E-1 7.19984E-1 9.34034E-1 5.44853E-1 5.83771E-2 1.9459E-2 7.58902E-1 1.75131E-1 7.00525E-1 4.86476E-1 5.05935E-1 6.42148E-1 4.67017E-1 3.89181E-1 9.72952E-1 1.16754E0 7.00525E-1 1.08971E0 7.00525E-1 5.64312E-1 5.05935E-1 3.89181E-1 3.89181E-1 2.14049E-1 1.55672E-1 1.55672E-1 2.14049E-1 1.2843E0 5.05935E0 1.05663E1 1.32127E1 1.14225E1 1.32127E1 9.47655E0 8.03658E0 5.40961E0 4.53396E0 4.00856E0 4.00856E0 4.00856E0 4.00856E0 4.53396E0 5.40961E0 6.16852E0 6.16852E0 6.16852E0 5.40961E0 4.53396E0 1.05663E1 9.30142E0 7.95875E0 7.08309E0 7.08309E0 2.64643E0 2.64643E0 2.35454E0 2.35454E0 2.35454E0
-9999 -9999 -9999 -9999 -9999 -9999 3.69722E-1 1.9459E-1 1.9459E-1 3.69722E-1 3.69722E-1 4.0864E-1 5.44853E-1 7.19984E-1 9.34034E-1 5.44853E-1 2.52968E-1 9.72952E-2 1.16754E0 1.75131E-1 1.01187E0 5.64312E-1 6.42148E-1 8.75657E-1 4.67017E-1 3.69722E-1 9.72952E-1 5.44853E-1 1.01187E0 1.34267E0 1.08971E0 8.95116E-1 5.64312E-1 5.64312E-1 7.00525E-1 3.89181E-1 2.91886E-1 5.05935E-1 5.05935E-1 5.05935E-1 4.76746E0 8.89278E0 1.25705E1 1.10917E1 9.47655E0 8.03658E0 7.08309E0 5.40961E0 4.00856E0 4.00856E0 4.00856E0 4.00856E0 4.00856E0 4.53396E0 5.40961E0 5.40961E0 5.40961E0 5.40961E0 5.40961E0 4.53396E0 1.13835E1 1.13835E1 1.03133E1 9.30142E0 7.95875E0 7.95875E0 2.78264E0 2.78264E0 2.64643E0 2.78264E0
-9999 -9999 -9999 -9999 -9999 -9999 3.69722E-1 3.69722E-1 1.9459E-1 3.69722E-1 4.0864E-1 4.0864E-1 5.44853E-1 7.19984E-1 8.75657E-1 1.10917E0 6.42148E-1 9.72952E-2 1.20646E0 3.89181E-1 1.2843E0 5.44853E-1 5.64312E-1 2.52968E-1 6.61607E-1 1.36213E0 1.24538E0 7.00525E-1 1.16754E0 1.36213E0 1.6151E0 1.2843E0 1.08971E0 8.95116E-1 1.2843E0 7.00525E-1 7.00525E-1 1.2843E0 1.08971E0 7.00525E-1 4.76746E0 8.89278E0 1.05663E1 9.47655E0 7.80307E0 6.53824E0 6.16852E0 5.40961E0 4.53396E0 4.00856E0 4.53396E0 4.00856E0 4.00856E0 4.53396E0 4.53396E0 4.53396E0 5.40961E0 5.40961E0 1.10917E1 1.13835E1 1.13835E1 1.13835E1 1.13835E1 1.13835E1 1.0469E1 9.30142E0 9.30142E0 3.36641E0 3.03561E0 3.36641E0
-9999 -9999 -9999 -9999 -9999 -9999 3.69722E-1 3.69722E-1 1.9459E-1 3.69722E-1 3.69722E-1 5.44853E-1 5.44853E-1 7.19984E-1 8.75657E-1 1.01187E0 1.10917E0 3.11345E-1 1.32321E0 5.83771E-1 1.32321E0 7.00525E-1 7.00525E-1 4.28099E-1 1.01187E0 6.61607E-1 1.24538E0 8.56198E-1 1.24538E0 1.55672E0 1.96536E0 1.96536E0 1.84861E0 1.84861E0 2.06266E0 1.6151E0 8.95116E-1 2.86048E0 1.6151E0 3.24966E0 5.35124E0 8.4063E0 9.47655E0 8.4063E0 7.80307E0 6.53824E0 6.53824E0 6.16852E0 5.40961E0 4.53396E0 4.00856E0 4.00856E0 4.00856E0 4.53396E0 4.00856E0 4.53396E0 1.24149E1 1.13835E1 1.13835E1 1.13835E1 1.13835E1 1.13835E1 1.13835E1 1.24149E1 1.24149E1 1.30376E1 1.1617E1 1.1617E1 4.00856E0 4.00856E0
-9999 -9999 -9999 -9999 -9999 -9999 3.69722E-1 4.28099E-1 1.9459E-1 3.69722E-1 4.0864E-1 4.0864E-1 5.44853E-1 6.42148E-1 7.97821E-1 9.92411E-1 1.10917E0 6.61607E-1 1.36213E0 9.72952E-1 1.65402E0 9.34034E-1 1.01187E0 1.57618E0 1.10917E0 6.61607E-1 1.36213E0 9.34034E-1 1.34267E0 1.57618E0 1.96536E0 2.17941E0 2.06266E0 1.86807E0 2.02374E0 2.12104E0 1.6151E0 3.561E0 2.86048E0 6.14906E0 6.9858E0 8.03658E0 9.47655E0 8.03658E0 6.9858E0 6.53824E0 6.53824E0 6.53824E0 6.16852E0 4.53396E0 4.53396E0 4.00856E0 4.00856E0 4.00856E0 4.53396E0 4.53396E0 1.13835E1 1.03133E1 1.03133E1 1.03133E1 1.13835E1 1.13835E1 1.24149E1 1.36602E1 1.36602E1 1.46527E1 1.46527E1 1.46527E1 1.30376E1 1.1617E1
-9999 -9999 -9999 -9999 -9999 -9999 1.16754E-1 3.69722E-1 1.9459E-1 3.69722E-1 4.0864E-1 4.0864E-1 5.44853E-1 6.42148E-1 7.19984E-1 8.75657E-1 1.10917E0 1.12862E0 1.32321E0 1.42051E0 6.42148E-1 1.55672E0 1.32321E0 6.61607E-1 3.30804E-1 1.86807E0 1.43997E0 9.34034E-1 1.36213E0 1.96536E0 2.06266E0 2.17941E0 1.63456E0 1.86807E0 1.96536E0 2.86048E0 3.40533E0 3.91127E0 5.05935E0 9.47655E0 9.47655E0 9.47655E0 8.4063E0 7.80307E0 6.9858E0 6.53824E0 6.53824E0 6.53824E0 6.16852E0 4.53396E0 4.53396E0 4.00856E0 4.00856E0 4.00856E0 4.00856E0 1.13835E1 1.13835E1 1.03133E1 9.22358E0 9.22358E0 1.03133E1 1.13835E1 1.24149E1 1.36602E1 1.48862E1 1.61121E1 1.70072E1 1.46527E1 1.46527E1 1.30376E1
-9999 -9999 -9999 -9999 -9999 -9999 4.28099E-1 1.9459E-1 1.9459E-1 3.69722E-1 4.0864E-1 4.28099E-1 5.44853E-1 5.44853E-1 7.19984E-1 3.11345E-1 9.34034E-1 1.12862E0 7.58902E-1 3.11345E-1 1.24538E0 7.00525E-1 1.65402E0 9.72952E-1 1.57618E0 9.34034E-1 1.69294E0 1.20646E0 1.55672E0 1.96536E0 2.06266E0 1.36213E0 2.02374E0 2.06266E0 2.91886E0 3.17182E0 3.561E0 5.35124E0 7.80307E0 1.10917E1 9.47655E0 8.03658E0 8.03658E0 7.80307E0 6.9858E0 6.53824E0 6.53824E0 6.53824E0 6.16852E0 4.53396E0 4.53396E0 4.00856E0 4.00856E0 4.00856E0 4.00856E0 1.03133E1 1.13835E1 9.22358E0 8.27009E0 9.22358E0 1.13835E1 1.24149E1 1.36602E1 1.48862E1 1.61121E1 1.70072E1 1.89142E1 1.70072E1 1.46527E1 1.30376E1
-9999 -9999 -9999 -9999 -9999 -9999 4.28099E-1 4.47558E-1 4.47558E-1 5.05935E-1 4.28099E-1 4.28099E-1 6.0323E-1 5.44853E-1 6.42148E-1 3.11345E-1 1.01187E0 1.10917E0 1.12862E0 6.42148E-1 1.40105E0 8.75657E-1 1.2843E0 9.34034E-1 1.79023E0 1.20646E0 1.86807E0 1.20646E0 1.63456E0 1.96536E0 2.06266E0 2.4713E0 2.06266E0 2.91886E0 2.33508E0 3.40533E0 3.561E0 7.45281E0 1.00409E1 1.05663E1 8.4063E0 7.80307E0 7.45281E0 7.80307E0 7.45281E0 6.14906E0 6.14906E0 6.14906E0 6.16852E0 5.40961E0 4.53396E0 4.00856E0 3.36641E0 4.00856E0 4.00856E0 1.03133E1 1.13835E1 1.03133E1 1.03133E1 1.03133E1 1.24149E1 1.36602E1 1.48862E1 1.61121E1 1.74353E1 1.89142E1 1.70072E1 1.70072E1 1.46527E1 1.46527E1
-9999 -9999 -9999 -9999 -9999 -9999 4.28099E-1 5.05935E-1 4.47558E-1 5.05935E-1 6.0323E-1 6.0323E-1 6.0323E-1 6.42148E-1 6.42148E-1 7.97821E-1 1.01187E0 1.10917E0 1.10917E0 6.42148E-1 1.40105E0 9.34034E-1 1.65402E0 1.79023E0 1.75131E0 1.24538E0 1.86807E0 1.24538E0 1.43997E0 9.34034E-1 2.17941E0 2.82156E0 2.4713E0 2.82156E0 2.02374E0 3.561E0 3.91127E0 7.80307E0 1.01965E1 8.89278E0 6.9858E0 6.53824E0 7.45281E0 7.80307E0 6.9858E0 5.83771E0 5.83771E0 6.14906E0 6.53824E0 5.40961E0 4.53396E0 4.00856E0 4.00856E0 4.00856E0 4.53396E0 9.22358E0 1.13835E1 1.13835E1 1.24149E1 1.24149E1 1.36602E1 1.48862E1 1.61121E1 1.74353E1 1.89142E1 1.91866E1 1.70072E1 1.70072E1 1.46527E1 1.46527E1
-9999 -9999 -9999 -9999 -9999 -9999 5.25394E-1 5.25394E-1 5.05935E-1 5.05935E-1 5.05935E-1 6.0323E-1 6.0323E-1 6.0323E-1 6.42148E-1 7.97821E-1 9.92411E-1 1.07025E0 1.38159E0 1.42051E0 1.55672E0 1.38159E0 1.67348E0 1.57618E0 1.75131E0 1.43997E0 2.06266E0 1.34267E0 1.55672E0 2.91886E0 2.54913E0 2.82156E0 3.40533E0 2.54913E0 2.91886E0 3.561E0 3.91127E0 6.14906E0 9.20413E0 6.9858E0 6.14906E0 5.83771E0 6.53824E0 6.9858E0 5.83771E0 5.58474E0 5.83771E0 6.14906E0 6.53824E0 6.16852E0 5.40961E0 4.53396E0 4.53396E0 4.53396E0 4.53396E0 4.53396E0 1.13835E1 1.24149E1 1.36602E1 1.48862E1 1.48862E1 1.61121E1 1.74353E1 1.89142E1 1.91866E1 1.70072E1 1.70072E1 1.46527E1 1.46527E1 1.46527E1
-9999 -9999 -9999 -9999 -9999 -9999 5.25394E-1 5.25394E-1 5.25394E-1 5.05935E-1 5.25394E-1 6.22689E-1 6.0323E-1 6.0323E-1 6.42148E-1 7.97821E-1 8.75657E-1 1.10917E0 1.45943E0 1.30376E0 1.53726E0 1.67348E0 8.36739E-1 1.67348E0 1.16754E0 1.69294E0 2.06266E0 2.45184E0 1.63456E0 2.06266E0 2.17941E0 2.00428E0 3.561E0 3.561E0 2.91886E0 3.40533E0 3.75559E0 6.14906E0 7.45281E0 5.58474E0 5.83771E0 5.83771E0 6.53824E0 5.83771E0 5.58474E0 5.58474E0 5.58474E0 5.83771E0 6.14906E0 6.16852E0 6.16852E0 5.40961E0 5.40961E0 4.53396E0 5.40961E0 5.40961E0 1.13835E1 1.24149E1 1.48862E1 1.61121E1 1.74353E1 1.74353E1 1.89142E1 2.06655E1 2.1619E1 1.91866E1 1.70072E1 1.70072E1 1.46527E1 1.46527E1
-9999 -9999 -9999 -9999 -9999 -9999 5.25394E-1 5.25394E-1 5.25394E-1 5.25394E-1 5.25394E-1 5.25394E-1 6.22689E-1 6.81066E-1 7.00525E-1 8.75657E-1 9.92411E-1 1.187E0 5.44853E-1 1.53726E0 1.53726E0 1.65402E0 1.12862E0 1.67348E0 1.16754E0 1.69294E0 2.31563E0 2.4713E0 1.57618E0 2.17941E0 2.82156E0 8.36739E-1 2.91886E0 2.82156E0 2.06266E0 3.40533E0 4.90368E0 5.83771E0 6.14906E0 5.58474E0 5.83771E0 6.53824E0 5.83771E0 5.58474E0 5.35124E0 5.35124E0 5.58474E0 6.14906E0 6.14906E0 7.08309E0 7.08309E0 6.16852E0 6.16852E0 6.16852E0 6.16852E0 5.40961E0 6.16852E0 6.16852E0 7.08309E0 7.08309E0 7.95875E0 7.95875E0 1.89142E1 2.06655E1 2.1619E1 1.91866E1 1.70072E1 1.70072E1 1.46527E1 1.46527E1
-9999 -9999 -9999 -9999 -9999 -9999 5.25394E-1 5.25394E-1 5.25394E-1 5.25394E-1 5.25394E-1 5.25394E-1 6.81066E-1 6.81066E-1 7.00525E-1 8.75657E-1 1.01187E0 1.187E0 1.49835E0 1.65402E0 1.6151E0 1.65402E0 1.65402E0 1.67348E0 1.2843E0 1.88753E0 2.33508E0 2.4713E0 3.05507E0 2.02374E0 3.36641E0 9.53493E-1 2.82156E0 2.82156E0 3.561E0 3.40533E0 5.05935E0 5.35124E0 5.35124E0 5.83771E0 5.83771E0 6.14906E0 5.83771E0 5.58474E0 5.35124E0 5.58474E0 5.83771E0 5.83771E0 6.53824E0 7.95875E0 7.08309E0 7.08309E0 7.08309E0 6.16852E0 6.16852E0 6.16852E0 6.16852E0 7.08309E0 7.95875E0 7.95875E0 7.95875E0 7.95875E0 1.89142E1 2.06655E1 2.1619E1 1.91866E1 1.91866E1 1.70072E1 1.70072E1 1.46527E1
-9999 -9999 -9999 -9999 -9999 -9999 5.25394E-1 5.25394E-1 5.25394E-1 5.25394E-1 5.25394E-1 5.25394E-1 6.81066E-1 7.00525E-1 8.75657E-1 1.10917E0 1.10917E0 1.187E0 1.40105E0 7.19984E-1 1.65402E0 1.6151E0 1.73185E0 1.7124E0 1.75131E0 1.90699E0 2.33508E0 2.4713E0 3.15236E0 3.26912E0 1.12862E0 3.561E0 1.96536E0 2.82156E0 3.561E0 3.17182E0 4.63125E0 5.05935E0 5.35124E0 5.58474E0 6.14906E0 5.83771E0 5.83771E0 5.83771E0 5.83771E0 5.58474E0 5.83771E0 6.14906E0 6.14906E0 7.45281E0 7.95875E0 7.95875E0 7.08309E0 7.08309E0 6.16852E0 6.16852E0 7.08309E0 7.08309E0 7.08309E0 7.95875E0 7.95875E0 7.95875E0 1.89142E1 1.89142E1 2.06655E1 1.91866E1 1.91866E1 1.91866E1 1.70072E1 1.46527E1
-9999 -9999 -9999 -9999 -9999 -9999 -9999 5.25394E-1 5.25394E-1 5.25394E-1 5.25394E-1 5.25394E-1 5.25394E-1 7.97821E-1 9.14575E-1 1.10917E0 1.10917E0 1.14808E0 7.78362E-1 9.34034E-1 1.69294E0 1.65402E0 1.82915E0 1.82915E0 2.08212E0 2.08212E0 2.374E0 2.66589E0 3.05507E0 3.38587E0 3.89181E0 2.17941E0 2.82156E0 1.96536E0 2.54913E0 2.06266E0 3.40533E0 4.76746E0 4.76746E0 5.05935E0 6.14906E0 6.53824E0 6.14906E0 6.14906E0 6.14906E0 5.83771E0 6.14906E0 6.14906E0 6.53824E0 7.45281E0 7.95875E0 7.95875E0 7.95875E0 7.08309E0 7.08309E0 7.08309E0 7.08309E0 7.08309E0 7.08309E0 7.95875E0 7.95875E0 1.74353E1 1.74353E1 1.89142E1 1.89142E1 1.91866E1 1.70072E1 1.70072E1 1.70072E1 1.70072E1
-9999 -9999 -9999 -9999 -9999 -9999 5.25394E-1 5.25394E-1 5.25394E-1 5.25394E-1 5.25394E-1 5.25394E-1 5.25394E-1 7.00525E-1 8.75657E-1 1.10917E0 1.187E0 1.20646E0 1.05079E0 1.67348E0 1.12862E0 1.82915E0 1.82915E0 2.06266E0 2.08212E0 2.23779E0 2.58805E0 2.68535E0 3.09399E0 3.54155E0 3.85289E0 2.02374E0 2.02374E0 2.82156E0 2.17941E0 2.06266E0 3.91127E0 4.33937E0 3.91127E0 5.05935E0 6.9858E0 6.9858E0 6.14906E0 6.14906E0 6.14906E0 6.14906E0 6.14906E0 6.14906E0 6.9858E0 7.45281E0 7.80307E0 9.30142E0 9.30142E0 7.95875E0 7.08309E0 1.13835E1 1.24149E1 1.24149E1 1.36602E1 1.48862E1 1.61121E1 1.61121E1 1.74353E1 1.89142E1 1.89142E1 1.91866E1 1.91866E1 1.70072E1 1.70072E1 1.70072E1
-9999 -9999 -9999 -9999 -9999 5.25394E-1 5.25394E-1 5.25394E-1 5.25394E-1 5.25394E-1 5.25394E-1 5.25394E-1 5.25394E-1 8.75657E-1 8.75657E-1 1.10917E0 1.10917E0 1.32321E0 1.47889E0 1.49835E0 1.7124E0 1.82915E0 7.78362E-2 2.06266E0 1.80969E0 2.66589E0 2.72427E0 3.09399E0 3.17182E0 3.59992E0 3.561E0 2.33508E0 2.33508E0 2.06266E0 1.96536E0 2.17941E0 3.561E0 3.561E0 3.91127E0 5.05935E0 6.9858E0 6.9858E0 6.9858E0 6.53824E0 6.14906E0 6.14906E0 6.14906E0 6.14906E0 7.45281E0 7.45281E0 7.80307E0 9.30142E0 7.95875E0 1.24149E1 1.24149E1 1.24149E1 1.24149E1 1.24149E1 1.24149E1 1.36602E1 1.48862E1 1.61121E1 1.61121E1 1.74353E1 1.89142E1 1.91866E1 1.91866E1 1.91866E1 1.91866E1 1.91866E1
-9999 -9999 -9999 -9999 -9999 5.25394E-1 5.25394E-1 5.25394E-1 5.25394E-1 5.25394E-1 5.25394E-1 5.25394E-1 5.25394E-1 7.00525E-1 1.01187E0 1.10917E0 1.10917E0 1.40105E0 1.40105E0 1.7124E0 1.75131E0 1.7124E0 1.90699E0 1.75131E0 2.39346E0 2.70481E0 2.91886E0 1.38159E0 2.49076E0 3.85289E0 3.91127E0 1.86807E0 2.4713E0 2.4713E0 2.17941E0 2.54913E0 2.91886E0 2.91886E0 3.91127E0 5.35124E0 6.14906E0 6.14906E0 6.14906E0 6.53824E0 6.14906E0 6.14906E0 6.14906E0 6.53824E0 7.45281E0 7.45281E0 8.03658E0 9.30142E0 9.30142E0 1.24149E1 1.24149E1 1.13835E1 1.24149E1 1.24149E1 1.24149E1 1.24149E1 1.48862E1 1.48862E1 1.61121E1 1.74353E1 1.89142E1 1.91866E1 1.70072E1 1.91866E1 1.91866E1 1.91866E1
-9999 -9999 -9999 -9999 -9999 5.25394E-1 5.25394E-1 5.25394E-1 5.25394E-1 5.25394E-1 5.25394E-1 5.25394E-1 5.25394E-1 7.00525E-1 1.10917E0 1.10917E0 1.20646E0 1.40105E0 1.69294E0 1.79023E0 1.75131E0 1.7124E0 1.73185E0 1.84861E0 2.374E0 2.29617E0 2.87994E0 7.19984E-1 4.28099E-1 3.36641E0 4.5145E0 3.40533E0 2.91886E0 2.54913E0 1.96536E0 2.02374E0 2.54913E0 3.561E0 4.76746E0 5.35124E0 5.35124E0 6.14906E0 6.14906E0 6.14906E0 6.53824E0 6.53824E0 6.53824E0 6.53824E0 7.45281E0 7.80307E0 8.03658E0 8.89278E0 1.24149E1 1.13835E1 1.03133E1 1.03133E1 1.03133E1 1.13835E1 1.13835E1 1.13835E1 1.36602E1 1.48862E1 1.48862E1 1.61121E1 1.89142E1 1.89142E1 1.91866E1 2.1619E1 2.1619E1 2.06655E1
-9999 -9999 -9999 -9999 -9999 5.25394E-1 5.25394E-1 5.25394E-1 5.25394E-1 5.25394E-1 5.25394E-1 5.25394E-1 5.25394E-1 1.10917E0 1.10917E0 1.10917E0 1.32321E0 1.40105E0 7.58902E-1 7.58902E-1 1.63456E0 1.82915E0 1.82915E0 2.33508E0 2.29617E0 2.29617E0 3.05507E0 1.47889E0 8.36739E-1 2.00428E0 4.61179E0 3.91127E0 5.05935E0 3.91127E0 2.91886E0 3.40533E0 4.33937E0 4.76746E0 4.76746E0 5.05935E0 5.83771E0 6.53824E0 6.53824E0 6.14906E0 6.14906E0 6.14906E0 6.53824E0 6.53824E0 7.80307E0 7.80307E0 8.03658E0 9.47655E0 9.30142E0 1.03133E1 1.03133E1 9.22358E0 1.03133E1 1.03133E1 1.03133E1 1.03133E1 1.13835E1 1.36602E1 1.36602E1 1.61121E1 1.74353E1 1.89142E1 2.06655E1 2.06655E1 2.24557E1 2.24557E1
-9999 -9999 -9999 -9999 -9999 5.25394E-1 5.25394E-1 5.25394E-1 5.25394E-1 5.25394E-1 5.25394E-1 5.25394E-1 7.00525E-1 1.14808E0 1.187E0 1.10917E0 1.20646E0 7.58902E-1 1.30376E0 5.83771E-1 3.30804E-1 1.82915E0 1.9459E0 2.31563E0 2.10158E0 2.29617E0 2.91886E0 3.69722E0 4.02802E0 4.47558E0 3.21074E0 5.05935E0 5.05935E0 3.91127E0 3.91127E0 3.561E0 4.76746E0 5.05935E0 4.76746E0 6.14906E0 6.9858E0 6.53824E0 6.53824E0 6.14906E0 6.53824E0 6.53824E0 6.9858E0 6.9858E0 7.80307E0 7.80307E0 8.4063E0 9.47655E0 1.03133E1 9.22358E0 9.22358E0 9.22358E0 9.22358E0 9.22358E0 9.22358E0 9.22358E0 1.13835E1 1.24149E1 1.36602E1 1.48862E1 1.61121E1 1.74353E1 1.89142E1 2.06655E1 2.24557E1 2.24557E1
-9999 -9999 -9999 -9999 -9999 5.25394E-1 5.25394E-1 5.25394E-1 5.25394E-1 5.25394E-1 5.25394E-1 5.25394E-1 7.00525E-1 1.187E0 1.20646E0 1.187E0 1.32321E0 8.36739E-1 3.50263E-1 1.9459E-1 8.36739E-1 2.02374E0 2.49076E0 2.45184E0 2.23779E0 2.31563E0 2.91886E0 1.30376E0 3.85289E0 4.04748E0 4.76746E0 5.05935E0 4.33937E0 4.33937E0 4.76746E0 4.76746E0 5.83771E0 7.45281E0 6.14906E0 8.03658E0 8.03658E0 7.45281E0 6.9858E0 6.9858E0 6.53824E0 6.53824E0 6.9858E0 7.45281E0 7.80307E0 8.03658E0 8.4063E0 1.00409E1 9.22358E0 8.27009E0 8.27009E0 8.27009E0 8.27009E0 8.27009E0 9.22358E0 9.22358E0 1.03133E1 1.03133E1 1.24149E1 1.36602E1 1.48862E1 1.74353E1 1.89142E1 2.06655E1 2.24557E1 2.374E1
-9999 -9999 -9999 -9999 -9999 5.25394E-1 5.25394E-1 5.25394E-1 5.25394E-1 5.25394E-1 5.25394E-1 5.25394E-1 1.32321E0 1.32321E0 1.32321E0 1.20646E0 1.40105E0 6.81066E-1 1.75131E-1 2.91886E-1 2.10158E0 2.4713E0 9.34034E-1 2.52968E0 2.45184E0 2.52968E0 3.15236E0 9.34034E-1 3.54155E0 3.91127E0 5.05935E0 4.76746E0 3.91127E0 3.561E0 4.33937E0 5.58474E0 6.53824E0 1.10917E1 1.10917E1 1.05663E1 8.89278E0 8.4063E0 7.45281E0 6.53824E0 6.53824E0 6.53824E0 6.9858E0 7.45281E0 8.03658E0 8.03658E0 8.89278E0 9.22358E0 8.27009E0 7.27768E0 7.27768E0 7.27768E0 6.59661E0 7.27768E0 8.27009E0 9.22358E0 9.22358E0 9.22358E0 1.03133E1 1.24149E1 1.36602E1 1.61121E1 1.89142E1 2.06655E1 2.24557E1 2.374E1
-9999 -9999 -9999 -9999 -9999 5.25394E-1 5.25394E-1 5.25394E-1 5.25394E-1 5.25394E-1 5.25394E-1 7.00525E-1 1.32321E0 1.32321E0 1.30376E0 1.32321E0 1.47889E0 5.83771E-1 3.30804E-1 3.11345E-1 3.69722E-1 3.30804E-1 2.8021E0 2.91886E0 2.91886E0 3.17182E0 3.40533E0 3.85289E0 3.89181E0 4.5145E0 5.05935E0 2.82156E0 3.91127E0 4.33937E0 4.76746E0 5.58474E0 8.89278E0 2.33508E1 1.98677E1 1.48667E1 1.05663E1 8.03658E0 7.45281E0 7.45281E0 6.9858E0 6.9858E0 7.45281E0 7.80307E0 8.03658E0 8.4063E0 8.89278E0 8.27009E0 6.59661E0 6.59661E0 6.59661E0 5.93501E0 5.93501E0 6.59661E0 7.27768E0 8.27009E0 7.27768E0 8.27009E0 9.22358E0 1.03133E1 1.24149E1 1.48862E1 1.74353E1 2.06655E1 2.24557E1 2.374E1
-9999 -9999 -9999 -9999 7.00525E-1 5.25394E-1 5.25394E-1 5.25394E-1 5.25394E-1 5.25394E-1 5.25394E-1 9.72952E-1 1.32321E0 1.32321E0 1.32321E0 1.32321E0 7.58902E-1 5.64312E-1 3.69722E-1 7.00525E-1 7.19984E-1 2.87994E0 2.91886E0 2.70481E0 3.48317E0 3.85289E0 4.04748E0 4.14478E0 4.22261E0 4.57287E0 4.16423E0 3.17182E0 4.76746E0 4.76746E0 6.14906E0 6.14906E0 1.77077E1 2.68535E1 2.39346E1 2.19498E1 1.25705E1 8.03658E0 6.9858E0 6.9858E0 6.9858E0 7.45281E0 7.45281E0 7.80307E0 8.03658E0 8.4063E0 7.27768E0 7.27768E0 5.93501E0 5.93501E0 5.93501E0 5.93501E0 5.93501E0 6.59661E0 6.59661E0 7.27768E0 6.59661E0 6.59661E0 7.27768E0 9.22358E0 1.03133E1 1.36602E1 1.61121E1 2.06655E1 2.24557E1 2.374E1
-9999 -9999 -9999 -9999 5.25394E-1 7.00525E-1 5.25394E-1 5.25394E-1 5.25394E-1 5.25394E-1 5.25394E-1 5.25394E-1 1.20646E0 1.32321E0 1.40105E0 1.40105E0 6.81066E-1 1.9459E-2 -9.46372E-1 1.9459E-2 7.00525E-1 3.05507E0 2.91886E0 2.4713E0 3.17182E0 3.75559E0 4.22261E0 4.22261E0 3.91127E0 3.91127E0 4.33937E0 4.76746E0 4.76746E0 5.35124E0 6.14906E0 1.98677E1 3.80035E1 3.57268E1 2.99475E1 2.93637E1 1.66569E1 9.47655E0 7.45281E0 6.9858E0 7.45281E0 7.45281E0 7.45281E0 7.80307E0 8.03658E0 7.27768E0 6.59661E0 5.93501E0 5.93501E0 5.23448E0 5.23448E0 5.23448E0 5.23448E0 5.93501E0 5.93501E0 6.59661E0 5.23448E0 5.93501E0 6.59661E0 7.27768E0 8.27009E0 1.03133E1 1.36602E1 1.74353E1 2.06655E1 2.374E1
-9999 -9999 -9999 -9999 5.25394E-1 5.25394E-1 5.25394E-1 5.25394E-1 5.25394E-1 5.25394E-1 5.25394E-1 1.32321E0 1.20646E0 1.40105E0 1.16754E0 6.81066E-1 4.47558E-1 3.30804E-1 -1.57729E0 3.30804E-1 2.00428E0 3.15236E0 3.15236E0 2.72427E0 3.09399E0 3.44425E0 4.5145E0 4.22261E0 4.63125E0 4.76746E0 4.76746E0 5.05935E0 5.58474E0 6.53824E0 1.39521E1 4.93481E1 4.4892E1 4.00272E1 3.66803E1 3.63884E1 2.20471E1 1.17143E1 8.4063E0 7.80307E0 7.45281E0 7.45281E0 7.45281E0 7.80307E0 7.27768E0 6.59661E0 5.93501E0 5.23448E0 5.23448E0 4.61179E0 4.61179E0 4.61179E0 4.61179E0 5.23448E0 5.23448E0 5.23448E0 5.23448E0 5.23448E0 5.23448E0 5.93501E0 6.59661E0 8.27009E0 1.03133E1 1.36602E1 1.74353E1 2.24557E1
-9999 -9999 -9999 -9999 5.25394E-1 5.25394E-1 5.25394E-1 5.25394E-1 5.25394E-1 5.25394E-1 5.25394E-1 1.16754E0 1.40105E0 1.40105E0 5.64312E-1 5.05935E-1 3.11345E-1 6.81066E-1 5.05935E-1 3.89181E-1 3.26912E0 3.24966E0 3.09399E0 3.05507E0 3.38587E0 3.89181E0 5.03989E0 4.33937E0 4.90368E0 5.05935E0 5.05935E0 5.58474E0 5.83771E0 6.9858E0 1.87585E1 5.30453E1 4.93481E1 4.36272E1 4.0864E1 3.99105E1 2.33119E1 1.39521E1 1.00409E1 8.03658E0 7.45281E0 7.45281E0 7.80307E0 7.27768E0 6.59661E0 5.93501E0 4.61179E0 4.61179E0 4.30045E0 3.9891E0 3.9891E0 4.30045E0 4.30045E0 4.30045E0 4.61179E0 4.61179E0 4.61179E0 4.61179E0 4.61179E0 5.23448E0 5.23448E0 5.93501E0 8.27009E0 1.24149E1 1.61121E1 2.24557E1
-9999 -9999 -9999 5.25394E-1 5.25394E-1 5.25394E-1 5.25394E-1 5.25394E-1 5.25394E-1 5.25394E-1 7.00525E-1 1.32321E0 1.5178E0 1.40105E0 5.05935E-1 2.52968E-1 1.75131E-1 7.19984E-1 1.82915E0 7.00525E-1 1.82915E0 3.54155E0 3.44425E0 3.26912E0 3.75559E0 4.47558E0 4.65071E0 5.05935E0 5.35124E0 5.83771E0 7.45281E0 1.05663E1 1.00409E1 8.4063E0 1.17143E1 4.55536E1 5.09438E1 4.66628E1 4.45612E1 3.50068E1 2.20471E1 1.39521E1 1.00409E1 8.03658E0 7.80307E0 7.45281E0 7.80307E0 6.59661E0 5.93501E0 5.23448E0 4.30045E0 4.30045E0 3.9891E0 3.9891E0 3.9891E0 3.9891E0 4.30045E0 4.61179E0 4.61179E0 3.9891E0 4.30045E0 4.30045E0 4.30045E0 4.30045E0 4.30045E0 4.61179E0 6.59661E0 1.13835E1 1.61121E1 2.06655E1
-9999 -9999 -9999 5.25394E-1 5.25394E-1 5.25394E-1 5.25394E-1 5.25394E-1 5.25394E-1 5.25394E-1 9.72952E-1 1.32321E0 1.40105E0 1.7124E0 2.52968E-1 1.16754E-1 1.9459E-2 -3.15457E-1 3.30804E-1 9.53493E-1 3.75559E0 3.58046E0 3.77505E0 3.75559E0 4.22261E0 4.57287E0 4.76746E0 5.83771E0 6.53824E0 7.80307E0 1.10917E1 1.32127E1 1.66569E1 8.4063E0 1.05663E1 1.87585E1 3.02977E1 3.74197E1 3.50068E1 2.66978E1 1.77077E1 1.32127E1 1.00409E1 7.80307E0 7.80307E0 7.45281E0 7.27768E0 5.93501E0 5.23448E0 4.61179E0 4.30045E0 3.71668E0 3.71668E0 3.71668E0 3.71668E0 3.71668E0 3.9891E0 4.30045E0 4.61179E0 4.30045E0 3.9891E0 3.9891E0 4.61179E0 4.61179E0 5.23448E0 5.93501E0 7.27768E0 1.13835E1 1.61121E1 2.06655E1
