_episodes_rmd/output/experiment_big/species_big_extent_novel.asc
ncols         660
nrows         720
xllcorner     -130.0
yllcorner     -60.0
cellsize      0.166666666666667
NODATA_value  -9999
[rows 124 to 154 of 720, columns 140 to 209 of 660]
8.52306E0 1.08387E1 9.55439E0 8.52306E0 1.69488E1 1.3991E1 1.76299E1 1.99455E1 1.6151E0 6.4604E0 5.50691E0 1.03717E1 1.3991E1 1.50224E1 1.32127E1 1.20451E1 1.20451E1 1.17143E1 1.11111E1 1.11111E1 9.37926E0 8.36739E0 9.37926E0 1.03717E1 1.31154E1 1.39521E1 1.48667E1 1.58397E1 1.66569E1 1.77077E1 1.87585E1 1.77077E1 1.66569E1 1.66569E1 1.77077E1 1.87585E1 2.0899E1 2.20471E1 2.43433E1 2.43433E1 2.43433E1 2.33119E1 2.20471E1 2.57054E1 2.88967E1 3.15626E1 3.15626E1 3.15626E1 2.95583E1 2.6367E1 2.374E1 2.24557E1 2.78653E1 2.95583E1 3.53182E1 3.53182E1 3.3236E1 3.53182E1 4.22456E1 4.22456E1 4.12921E1 4.32185E1 4.41331E1 4.45028E1 4.46974E1 4.49504E1 4.50866E1 4.53006E1 4.61374E1 4.73438E1
3.95018E0 7.6474E0 1.60148E1 1.47694E1 6.4604E0 7.14147E0 1.50224E1 9.37926E0 7.60848E0 1.03717E1 1.11111E1 1.20451E1 1.59564E1 1.48667E1 1.32127E1 1.17143E1 1.11111E1 1.03717E1 8.36739E0 7.14147E0 7.60848E0 8.36739E0 8.36739E0 1.03717E1 1.17143E1 1.17143E1 1.39521E1 1.48667E1 1.59564E1 1.59564E1 1.59564E1 1.66569E1 1.66569E1 1.77077E1 1.87585E1 1.98677E1 1.98677E1 2.20471E1 2.47714E1 2.67951E1 2.7807E1 2.43433E1 2.33119E1 2.57054E1 2.88967E1 3.27496E1 3.12123E1 2.95583E1 2.50243E1 2.374E1 2.06655E1 2.06655E1 2.374E1 2.6367E1 2.95583E1 3.12123E1 3.12123E1 3.76143E1 4.35882E1 4.36272E1 4.36661E1 4.43666E1 4.47558E1 4.5145E1 4.52423E1 4.55731E1 4.5865E1 4.61958E1 4.66628E1 4.74411E1
1.23954E1 5.83771E0 1.5217E1 1.20451E1 5.50691E0 7.14147E0 1.03717E1 1.11111E1 1.31154E1 1.92644E1 1.3991E1 1.59564E1 1.77856E1 1.39521E1 1.31154E1 8.36739E0 7.60848E0 7.14147E0 5.50691E0 4.96205E0 4.96205E0 4.96205E0 5.50691E0 6.4604E0 1.03717E1 1.10917E1 1.17143E1 1.39521E1 1.31154E1 1.20451E1 1.20451E1 1.31154E1 1.3991E1 1.59564E1 1.87585E1 1.98677E1 1.98677E1 2.0899E1 2.25141E1 2.57054E1 2.7768E1 2.43433E1 2.57054E1 2.66978E1 3.02977E1 3.3236E1 3.12123E1 2.95583E1 2.78653E1 2.6367E1 2.6367E1 2.374E1 2.50243E1 2.6367E1 2.78653E1 2.6367E1 2.78653E1 3.53182E1 4.39969E1 4.42693E1 4.43471E1 4.47752E1 4.52423E1 4.60012E1 4.59233E1 4.58844E1 4.61179E1 4.66628E1 4.76941E1 4.73633E1
1.08387E1 6.49932E0 1.43608E1 4.47558E0 1.03717E1 1.3991E1 1.31154E1 1.11111E1 1.03717E1 1.43608E1 2.06266E1 1.58397E1 1.39521E1 1.17143E1 1.03717E1 7.14147E0 4.96205E0 4.06694E0 4.06694E0 4.06694E0 4.06694E0 4.06694E0 3.6583E0 4.06694E0 7.14147E0 1.05663E1 1.05663E1 1.20451E1 1.11111E1 1.11111E1 1.20451E1 1.31154E1 1.31154E1 1.3991E1 1.50224E1 1.59564E1 1.69488E1 1.87585E1 2.06266E1 2.3526E1 2.43433E1 2.43433E1 2.43433E1 2.66978E1 2.78653E1 2.78653E1 2.95583E1 2.95583E1 2.95583E1 2.95583E1 2.95583E1 3.12123E1 3.12123E1 2.95583E1 2.95583E1 2.95583E1 3.12123E1 3.76143E1 4.46001E1 4.47558E1 4.44444E1 4.47169E1 4.57482E1 4.61568E1 4.63709E1 4.6079E1 4.59039E1 4.65655E1 4.78692E1 4.82779E1
7.60848E0 1.03522E1 1.23954E1 4.06694E0 7.60848E0 1.31154E1 1.11111E1 4.96205E0 5.50691E0 1.11111E1 1.31154E1 1.20451E1 1.03717E1 7.60848E0 7.14147E0 4.96205E0 3.24966E0 2.12104E0 2.86048E0 2.86048E0 3.6583E0 3.6583E0 4.06694E0 4.06694E0 4.96205E0 7.60848E0 9.37926E0 9.37926E0 8.36739E0 9.37926E0 1.03717E1 1.20451E1 1.31154E1 1.50224E1 1.59564E1 1.69488E1 1.69488E1 1.96731E1 2.12882E1 2.25141E1 2.47714E1 2.57054E1 2.66978E1 2.7768E1 2.50243E1 2.6367E1 2.6367E1 2.78653E1 2.95583E1 3.12123E1 3.3236E1 3.53182E1 3.53182E1 3.3236E1 3.3236E1 3.53182E1 3.97354E1 4.18953E1 4.47947E1 4.52423E1 4.52617E1 4.5145E1 4.59428E1 4.6332E1 4.65266E1 4.63903E1 4.5826E1 4.69547E1 4.85308E1 4.83752E1
2.12104E0 7.14147E0 1.23954E1 1.20451E1 1.20451E1 4.47558E0 4.06694E0 4.06694E0 5.50691E0 7.14147E0 7.60848E0 8.36739E0 7.14147E0 4.96205E0 4.06694E0 3.24966E0 2.12104E0 1.6151E0 2.12104E0 2.4713E0 2.86048E0 3.6583E0 4.06694E0 4.06694E0 4.06694E0 5.50691E0 7.60848E0 7.60848E0 7.60848E0 7.60848E0 9.37926E0 1.11111E1 1.31154E1 1.50224E1 1.59564E1 1.77856E1 1.87585E1 1.96731E1 2.12882E1 2.12882E1 2.25141E1 2.47714E1 2.67951E1 2.6367E1 2.50243E1 2.374E1 2.24557E1 2.24557E1 2.374E1 2.6367E1 3.12123E1 3.53182E1 3.76143E1 3.53182E1 3.97354E1 3.97354E1 3.97354E1 4.18953E1 4.43666E1 4.53785E1 4.5865E1 4.62931E1 4.64293E1 4.64293E1 4.64098E1 4.63903E1 4.67601E1 4.81027E1 4.92119E1 4.88811E1
1.11111E1 1.20451E1 1.50224E1 1.3991E1 9.37926E0 2.06266E1 4.96205E0 4.47558E0 1.03717E1 7.14147E0 6.4604E0 5.50691E0 4.06694E0 3.24966E0 2.4713E0 2.12104E0 1.6151E0 1.6151E0 2.12104E0 2.86048E0 2.86048E0 3.24966E0 3.6583E0 3.24966E0 3.24966E0 4.06694E0 5.50691E0 6.4604E0 7.14147E0 7.14147E0 8.36739E0 1.20451E1 1.3991E1 1.59564E1 1.69488E1 1.87585E1 1.96731E1 1.96731E1 2.06266E1 2.12882E1 2.25141E1 2.47714E1 2.50243E1 2.50243E1 2.6367E1 2.50243E1 2.24557E1 2.06655E1 2.06655E1 2.374E1 2.6367E1 2.95583E1 3.12123E1 3.3236E1 3.53182E1 3.76143E1 3.97354E1 3.76143E1 3.76143E1 4.18953E1 4.64682E1 4.72465E1 4.72271E1 4.73633E1 4.66433E1 4.6546E1 4.77525E1 4.87838E1 4.99319E1 4.94065E1
9.37926E0 8.36739E0 8.36739E0 9.37926E0 6.4604E0 1.69488E1 1.99455E1 7.14147E0 1.96731E1 1.69488E1 7.60848E0 5.50691E0 4.96205E0 3.24966E0 2.12104E0 1.6151E0 1.2843E0 1.2843E0 2.86048E0 3.24966E0 2.4713E0 2.4713E0 2.86048E0 2.4713E0 2.4713E0 3.24966E0 4.06694E0 4.96205E0 4.96205E0 6.4604E0 8.36739E0 1.20451E1 1.48667E1 1.58397E1 1.77077E1 2.06266E1 1.96731E1 1.96731E1 2.12882E1 2.3526E1 2.47714E1 2.57054E1 2.6367E1 2.50243E1 2.50243E1 2.50243E1 2.374E1 2.06655E1 1.89142E1 2.24557E1 2.50243E1 2.50243E1 2.78653E1 2.78653E1 2.95583E1 3.12123E1 3.53182E1 3.76143E1 4.18953E1 4.45612E1 4.64682E1 4.77525E1 4.77525E1 4.72465E1 4.80249E1 4.8239E1 4.94843E1 4.98735E1 5.04573E1 5.00097E1
9.55439E0 1.3991E1 7.14147E0 4.96205E0 4.47558E0 4.47558E0 1.92644E1 1.59564E1 1.31154E1 2.25141E1 9.37926E0 7.14147E0 6.4604E0 4.96205E0 2.4713E0 1.6151E0 1.2843E0 1.6151E0 2.4713E0 3.6583E0 3.24966E0 3.24966E0 3.6583E0 3.6583E0 3.6583E0 4.06694E0 4.47558E0 4.96205E0 4.96205E0 4.96205E0 7.60848E0 1.20451E1 1.32127E1 1.58397E1 1.66569E1 1.98677E1 2.06266E1 2.06266E1 2.25141E1 2.57054E1 2.7768E1 2.78653E1 2.6367E1 2.374E1 2.50243E1 2.50243E1 2.374E1 2.06655E1 2.06655E1 2.06655E1 2.24557E1 2.24557E1 2.50243E1 2.6367E1 2.6367E1 2.95583E1 3.53182E1 3.76143E1 4.45612E1 4.45612E1 4.73633E1 3.97354E1 3.97354E1 4.18953E1 4.73633E1 4.73633E1 4.45612E1 4.73633E1 5.10021E1 5.08659E1
9.37926E0 6.4604E0 3.6583E0 2.12104E0 2.12104E0 2.86048E0 7.60848E0 1.69488E1 8.36739E0 7.60848E0 8.36739E0 7.60848E0 8.36739E0 7.60848E0 3.6583E0 1.84861E0 1.6151E0 2.12104E0 3.24966E0 3.6583E0 3.6583E0 4.47558E0 4.96205E0 5.50691E0 5.50691E0 5.50691E0 5.50691E0 5.50691E0 5.50691E0 6.4604E0 8.36739E0 1.03717E1 1.39521E1 1.58397E1 1.77077E1 1.87585E1 1.87585E1 1.87585E1 2.12882E1 2.7768E1 3.12123E1 2.95583E1 2.6367E1 2.50243E1 2.50243E1 2.374E1 2.374E1 2.24557E1 2.24557E1 2.24557E1 2.24557E1 2.06655E1 2.06655E1 2.50243E1 2.78653E1 3.12123E1 3.76143E1 3.76143E1 4.18953E1 4.73633E1 4.9893E1 3.97354E1 3.53182E1 4.45612E1 4.18953E1 4.18953E1 4.45612E1 4.45612E1 4.73633E1 5.03989E1
1.87974E1 1.11111E1 3.24966E0 1.08971E0 8.95116E-1 1.2843E0 7.60848E0 1.71434E1 1.59564E1 1.03717E1 8.36739E0 1.03717E1 1.03717E1 8.36739E0 4.96205E0 3.24966E0 2.4713E0 2.86048E0 3.24966E0 4.47558E0 5.50691E0 6.4604E0 7.60848E0 7.60848E0 7.14147E0 7.14147E0 7.14147E0 7.14147E0 7.14147E0 7.14147E0 7.60848E0 1.03717E1 1.31154E1 1.58397E1 1.77077E1 1.87585E1 1.87585E1 1.96731E1 2.25141E1 2.57054E1 2.90718E1 3.12123E1 2.95583E1 2.78653E1 2.6367E1 2.50243E1 2.50243E1 2.374E1 2.374E1 2.24557E1 2.06655E1 1.89142E1 1.74353E1 1.89142E1 2.50243E1 2.95583E1 3.53182E1 3.53182E1 3.76143E1 4.45612E1 5.03989E1 3.97354E1 3.76143E1 4.18953E1 3.76143E1 3.53182E1 3.97354E1 4.45612E1 4.45612E1 4.45612E1
8.99008E0 1.38159E1 6.4604E0 7.00525E-1 3.89181E-1 5.64312E-1 1.2843E0 4.06694E0 1.59564E1 1.50224E1 1.50224E1 1.11111E1 1.11111E1 9.37926E0 6.4604E0 4.47558E0 3.24966E0 4.06694E0 5.50691E0 7.60848E0 8.36739E0 9.37926E0 9.37926E0 9.37926E0 8.36739E0 7.60848E0 7.14147E0 7.60848E0 7.60848E0 8.36739E0 9.37926E0 1.20451E1 1.3991E1 1.59564E1 1.77856E1 1.87585E1 1.87585E1 1.87585E1 1.96731E1 2.3526E1 2.67951E1 2.7768E1 2.6367E1 2.6367E1 2.6367E1 2.24557E1 2.06655E1 2.24557E1 2.374E1 2.50243E1 2.24557E1 1.89142E1 1.61121E1 1.89142E1 2.24557E1 2.6367E1 2.78653E1 2.95583E1 3.3236E1 3.97354E1 4.45612E1 3.76143E1 3.3236E1 3.53182E1 3.53182E1 3.53182E1 3.76143E1 4.45612E1 4.45612E1 4.45612E1
8.52306E0 1.82331E1 5.50691E0 1.08971E0 5.64312E-1 7.00525E-1 1.2843E0 3.6583E0 1.60148E1 1.92644E1 9.37926E0 1.03717E1 1.20451E1 1.03717E1 6.4604E0 4.96205E0 4.96205E0 7.14147E0 9.37926E0 1.11111E1 1.11111E1 1.11111E1 1.03717E1 1.03717E1 9.37926E0 8.36739E0 8.36739E0 8.36739E0 9.37926E0 1.03717E1 1.20451E1 1.50224E1 1.69488E1 1.77856E1 1.77856E1 1.87585E1 1.87585E1 1.77856E1 1.77856E1 1.89142E1 2.06655E1 1.89142E1 1.74353E1 2.06655E1 2.374E1 2.06655E1 2.06655E1 1.89142E1 1.89142E1 1.89142E1 1.74353E1 1.74353E1 1.48862E1 1.48862E1 1.89142E1 2.374E1 2.374E1 2.50243E1 2.78653E1 3.3236E1 3.53182E1 3.12123E1 3.3236E1 3.3236E1 3.3236E1 3.3236E1 3.53182E1 3.97354E1 4.18953E1 4.45612E1
1.43608E1 1.64818E1 9.37926E0 2.12104E0 1.08971E0 1.2843E0 1.6151E0 4.47558E0 1.23954E1 1.31154E1 7.60848E0 8.36739E0 1.11111E1 1.50224E1 1.03717E1 7.60848E0 9.37926E0 1.03717E1 1.20451E1 1.20451E1 1.03717E1 1.03717E1 9.37926E0 9.37926E0 9.37926E0 8.36739E0 8.36739E0 9.37926E0 1.03717E1 1.20451E1 1.3991E1 1.69488E1 1.77856E1 1.87585E1 1.89142E1 1.74353E1 1.77856E1 1.61121E1 1.61121E1 1.24149E1 1.03133E1 1.13835E1 1.13835E1 1.36602E1 1.61121E1 1.36602E1 1.24149E1 1.48862E1 1.36602E1 1.36602E1 1.24149E1 1.48862E1 1.36602E1 1.36602E1 1.48862E1 1.74353E1 2.06655E1 2.374E1 2.6367E1 3.12123E1 2.95583E1 2.6367E1 2.95583E1 3.12123E1 3.12123E1 3.3236E1 3.12123E1 3.53182E1 3.97354E1 4.18953E1
4.06694E0 1.71434E1 1.31154E1 4.96205E0 2.4713E0 1.84861E0 2.86048E0 1.20451E1 1.43608E1 5.50691E0 6.4604E0 8.36739E0 1.03717E1 1.31154E1 1.59564E1 1.50224E1 1.50224E1 1.11111E1 1.03717E1 9.37926E0 9.37926E0 9.37926E0 8.36739E0 7.60848E0 7.60848E0 7.60848E0 9.37926E0 1.11111E1 1.20451E1 1.31154E1 1.50224E1 1.59564E1 1.77856E1 1.74353E1 1.74353E1 1.74353E1 1.74353E1 1.74353E1 1.61121E1 1.13835E1 1.13835E1 1.13835E1 1.03133E1 9.22358E0 1.24149E1 1.36602E1 1.13835E1 9.22358E0 9.22358E0 9.22358E0 9.22358E0 1.13835E1 1.13835E1 1.24149E1 1.36602E1 1.36602E1 1.61121E1 2.374E1 2.6367E1 2.78653E1 3.3236E1 2.95583E1 2.95583E1 2.95583E1 2.78653E1 2.95583E1 2.78653E1 3.3236E1 3.97354E1 3.97354E1
1.6151E0 1.3991E1 1.50224E1 7.60848E0 3.24966E0 3.24966E0 4.96205E0 1.64818E1 1.31154E1 3.6583E0 3.6583E0 4.96205E0 4.47558E0 4.96205E0 1.03717E1 1.3991E1 1.59564E1 1.31154E1 1.11111E1 1.11111E1 1.31154E1 1.31154E1 1.11111E1 1.03717E1 9.37926E0 9.37926E0 1.11111E1 1.20451E1 1.31154E1 1.3991E1 1.3991E1 1.50224E1 1.59564E1 1.48862E1 1.48862E1 1.61121E1 1.74353E1 1.61121E1 1.48862E1 1.36602E1 1.24149E1 1.48862E1 1.13835E1 9.22358E0 8.27009E0 7.27768E0 1.03133E1 8.27009E0 9.22358E0 8.27009E0 8.27009E0 9.22358E0 9.22358E0 1.03133E1 1.13835E1 1.13835E1 1.36602E1 1.89142E1 2.374E1 2.50243E1 3.12123E1 2.95583E1 2.95583E1 2.78653E1 2.50243E1 2.6367E1 2.50243E1 2.95583E1 3.3236E1 3.76143E1
2.4713E0 9.37926E0 1.31154E1 7.14147E0 4.47558E0 3.24966E0 6.4604E0 1.19479E1 7.14147E0 3.24966E0 2.4713E0 1.2843E0 7.00525E-1 2.4713E0 9.37926E0 1.20451E1 1.20451E1 1.11111E1 1.03717E1 1.20451E1 1.25705E1 1.25705E1 1.31154E1 1.20451E1 1.11111E1 1.11111E1 1.31154E1 1.3991E1 1.3991E1 1.50224E1 1.50224E1 1.3991E1 1.50224E1 1.36602E1 1.69488E1 1.96731E1 2.06266E1 2.12882E1 1.89142E1 1.89142E1 1.74353E1 1.61121E1 1.74353E1 1.48862E1 1.36602E1 9.22358E0 6.59661E0 9.22358E0 9.22358E0 1.03133E1 1.24149E1 1.36602E1 1.24149E1 1.13835E1 1.13835E1 1.13835E1 1.36602E1 1.61121E1 2.06655E1 2.06655E1 2.50243E1 2.6367E1 2.50243E1 2.6367E1 2.374E1 2.50243E1 2.50243E1 3.12123E1 3.3236E1 3.53182E1
4.96205E0 8.36739E0 1.11111E1 7.14147E0 5.50691E0 3.24966E0 3.24966E0 7.60848E0 8.36739E0 7.60848E0 1.6151E0 5.05935E-1 3.89181E-1 1.2843E0 4.47558E0 7.14147E0 8.36739E0 9.37926E0 9.37926E0 1.10917E1 1.10917E1 1.17143E1 1.17143E1 1.20451E1 1.20451E1 1.31154E1 1.50224E1 1.59564E1 1.59564E1 1.59564E1 1.3991E1 1.31154E1 1.3991E1 1.50224E1 1.77856E1 1.96731E1 2.06266E1 2.06266E1 2.06655E1 2.06655E1 2.06655E1 1.89142E1 1.61121E1 1.36602E1 1.24149E1 1.13835E1 8.27009E0 6.59661E0 8.27009E0 1.03133E1 1.48862E1 1.61121E1 1.89142E1 1.61121E1 1.48862E1 1.36602E1 1.48862E1 1.61121E1 1.89142E1 1.89142E1 2.06655E1 2.24557E1 2.374E1 2.50243E1 2.374E1 2.50243E1 2.95583E1 3.3236E1 3.12123E1 3.53182E1
8.36739E0 1.20451E1 1.03717E1 6.4604E0 4.96205E0 5.50691E0 7.60848E0 1.69488E1 9.37926E0 4.47558E0 1.84861E0 7.00525E-1 5.64312E-1 1.6151E0 4.06694E0 6.4604E0 7.14147E0 7.14147E0 8.36739E0 1.03717E1 1.05663E1 1.10917E1 1.17143E1 1.31154E1 1.3991E1 1.50224E1 1.59564E1 1.69488E1 1.69488E1 1.59564E1 1.50224E1 1.20451E1 1.31154E1 1.59564E1 1.87585E1 1.87585E1 1.87585E1 1.61121E1 1.61121E1 1.74353E1 1.89142E1 2.06655E1 2.24557E1 1.89142E1 1.36602E1 1.13835E1 1.13835E1 1.24149E1 1.13835E1 9.22358E0 1.13835E1 1.74353E1 2.06655E1 1.74353E1 1.74353E1 1.74353E1 1.74353E1 1.89142E1 2.06655E1 2.06655E1 1.89142E1 1.89142E1 2.50243E1 2.6367E1 2.50243E1 2.78653E1 2.95583E1 3.12123E1 2.95583E1 3.76143E1
1.3991E1 1.87585E1 1.59564E1 4.06694E0 7.14147E0 1.11111E1 1.99455E1 1.03717E1 4.47558E0 3.24966E0 2.12104E0 1.2843E0 1.6151E0 2.4713E0 5.50691E0 7.60848E0 8.36739E0 7.60848E0 7.60848E0 8.36739E0 9.37926E0 9.37926E0 1.03717E1 1.20451E1 1.31154E1 1.50224E1 1.69488E1 1.77856E1 1.77856E1 1.77856E1 1.69488E1 1.59564E1 1.59564E1 1.77856E1 1.87585E1 1.96731E1 1.89142E1 1.89142E1 2.06655E1 2.374E1 2.06655E1 2.50243E1 2.374E1 1.74353E1 1.61121E1 1.24149E1 1.13835E1 1.48862E1 1.48862E1 1.13835E1 1.03133E1 1.48862E1 1.89142E1 1.74353E1 1.48862E1 1.61121E1 1.74353E1 1.89142E1 2.06655E1 1.89142E1 1.74353E1 1.89142E1 2.50243E1 2.6367E1 2.78653E1 2.95583E1 2.6367E1 2.78653E1 2.95583E1 3.97354E1
1.59564E1 2.06266E1 2.25141E1 4.06694E0 9.37926E0 2.25141E1 1.30376E1 1.03717E1 3.24966E0 2.4713E0 2.4713E0 1.2843E0 2.12104E0 3.24966E0 7.14147E0 1.03717E1 1.03717E1 7.14147E0 7.60848E0 9.37926E0 7.60848E0 7.14147E0 8.36739E0 1.03717E1 1.20451E1 1.50224E1 1.69488E1 1.87585E1 1.96731E1 1.96731E1 1.96731E1 1.96731E1 1.77856E1 1.48862E1 1.48862E1 1.61121E1 1.48862E1 1.24149E1 1.36602E1 1.74353E1 1.89142E1 1.89142E1 1.74353E1 1.61121E1 1.24149E1 1.13835E1 1.24149E1 1.36602E1 1.61121E1 1.48862E1 1.24149E1 1.36602E1 1.48862E1 1.61121E1 1.48862E1 1.48862E1 1.74353E1 1.89142E1 2.06655E1 2.24557E1 2.06655E1 2.06655E1 2.374E1 2.6367E1 2.78653E1 2.95583E1 2.6367E1 2.50243E1 2.78653E1 3.53182E1
1.77856E1 2.06266E1 1.77856E1 1.50224E1 1.59564E1 2.12882E1 2.25141E1 1.03717E1 4.06694E0 2.4713E0 1.6151E0 2.12104E0 3.24966E0 4.06694E0 6.4604E0 8.36739E0 1.20451E1 7.60848E0 8.36739E0 9.37926E0 7.60848E0 7.14147E0 7.14147E0 8.36739E0 1.03717E1 1.31154E1 1.69488E1 1.87585E1 1.96731E1 1.87585E1 1.96731E1 1.96731E1 1.89142E1 2.12882E1 2.3526E1 2.57054E1 2.47714E1 2.24557E1 1.89142E1 1.89142E1 2.06655E1 1.89142E1 1.48862E1 1.13835E1 1.13835E1 9.22358E0 1.13835E1 1.24149E1 1.61121E1 1.74353E1 1.61121E1 1.36602E1 1.61121E1 1.74353E1 1.61121E1 2.06655E1 2.06655E1 2.06655E1 2.06655E1 1.89142E1 1.74353E1 1.89142E1 2.24557E1 2.6367E1 2.95583E1 2.78653E1 2.50243E1 2.50243E1 2.50243E1 3.3236E1
1.50224E1 1.03717E1 1.03717E1 1.31154E1 1.31154E1 1.11111E1 1.11111E1 6.4604E0 1.84861E0 3.24966E0 3.24966E0 3.6583E0 4.06694E0 4.47558E0 5.50691E0 6.4604E0 9.37926E0 9.37926E0 8.36739E0 8.36739E0 7.60848E0 6.4604E0 6.4604E0 7.14147E0 8.36739E0 1.03717E1 1.31154E1 1.69488E1 1.96731E1 1.87585E1 2.12882E1 2.25141E1 2.3526E1 2.57054E1 2.7768E1 2.7768E1 2.90718E1 2.374E1 2.24557E1 2.374E1 2.374E1 1.74353E1 1.24149E1 1.24149E1 1.03133E1 7.27768E0 7.27768E0 1.24149E1 1.36602E1 1.74353E1 1.89142E1 1.89142E1 1.89142E1 2.06655E1 2.24557E1 2.374E1 2.50243E1 2.374E1 2.06655E1 1.74353E1 1.89142E1 2.06655E1 2.24557E1 2.6367E1 2.6367E1 2.6367E1 2.50243E1 2.374E1 2.374E1 2.6367E1
1.03717E1 8.36739E0 1.11111E1 9.37926E0 5.50691E0 7.14147E0 4.47558E0 2.12104E0 1.08971E0 1.6151E0 2.4713E0 3.24966E0 4.06694E0 5.50691E0 9.37926E0 9.37926E0 1.11111E1 1.03717E1 9.37926E0 7.60848E0 7.14147E0 6.4604E0 6.4604E0 8.36739E0 1.03717E1 1.11111E1 1.31154E1 1.50224E1 1.69488E1 1.96731E1 2.3526E1 2.25141E1 2.3526E1 2.57054E1 2.67951E1 2.50243E1 1.89142E1 1.74353E1 1.74353E1 1.48862E1 1.48862E1 1.48862E1 1.36602E1 1.61121E1 1.61121E1 9.22358E0 6.59661E0 1.13835E1 1.48862E1 1.74353E1 1.89142E1 1.74353E1 1.89142E1 2.24557E1 2.374E1 2.78653E1 2.78653E1 2.374E1 2.06655E1 1.89142E1 2.06655E1 2.374E1 2.50243E1 2.6367E1 2.6367E1 2.374E1 2.24557E1 2.24557E1 2.24557E1 2.06655E1
1.03717E1 1.96731E1 1.59564E1 1.03717E1 4.96205E0 5.50691E0 4.47558E0 2.4713E0 1.6151E0 2.12104E0 2.86048E0 3.6583E0 4.96205E0 6.4604E0 1.03717E1 1.20451E1 1.20451E1 1.11111E1 1.11111E1 9.37926E0 9.37926E0 7.60848E0 8.36739E0 1.20451E1 1.31154E1 1.50224E1 1.59564E1 1.77856E1 1.96731E1 2.25141E1 2.25141E1 2.12882E1 2.25141E1 2.47714E1 2.57054E1 2.374E1 2.06655E1 1.74353E1 1.24149E1 1.13835E1 1.13835E1 1.03133E1 7.27768E0 1.13835E1 1.48862E1 1.36602E1 8.27009E0 9.22358E0 1.24149E1 1.36602E1 1.36602E1 1.48862E1 1.48862E1 1.89142E1 1.89142E1 1.89142E1 2.24557E1 2.06655E1 1.74353E1 1.74353E1 2.06655E1 2.374E1 2.50243E1 2.6367E1 2.50243E1 2.24557E1 2.06655E1 2.24557E1 2.06655E1 1.89142E1
1.20451E1 1.77856E1 1.50224E1 5.50691E0 3.6583E0 5.50691E0 5.50691E0 3.24966E0 2.86048E0 3.24966E0 4.06694E0 4.47558E0 4.96205E0 7.14147E0 8.36739E0 1.11111E1 1.20451E1 1.3991E1 1.31154E1 1.11111E1 1.03717E1 9.37926E0 1.20451E1 1.31154E1 1.3991E1 1.50224E1 1.59564E1 1.77856E1 1.96731E1 2.06266E1 2.12882E1 2.06266E1 2.06266E1 2.12882E1 2.25141E1 1.74353E1 1.36602E1 1.03133E1 9.22358E0 8.27009E0 8.27009E0 8.27009E0 5.93501E0 8.27009E0 1.03133E1 1.03133E1 9.22358E0 8.27009E0 1.03133E1 1.13835E1 1.13835E1 1.13835E1 1.13835E1 1.48862E1 1.48862E1 1.61121E1 1.89142E1 1.89142E1 1.89142E1 1.89142E1 2.24557E1 2.374E1 2.6367E1 2.6367E1 2.50243E1 2.374E1 2.24557E1 2.50243E1 2.374E1 2.374E1
7.14147E0 1.3991E1 1.31154E1 3.6583E0 2.86048E0 4.96205E0 6.4604E0 4.47558E0 3.6583E0 4.06694E0 4.47558E0 4.47558E0 5.50691E0 7.60848E0 1.03717E1 1.31154E1 1.31154E1 1.3991E1 1.3991E1 1.3991E1 1.31154E1 1.20451E1 1.31154E1 1.31154E1 1.3991E1 1.3991E1 1.50224E1 1.69488E1 1.77856E1 1.87585E1 1.77856E1 1.77856E1 1.96731E1 1.87585E1 2.06266E1 1.61121E1 1.24149E1 8.27009E0 6.59661E0 5.93501E0 5.23448E0 4.61179E0 4.61179E0 5.23448E0 7.27768E0 8.27009E0 9.22358E0 1.24149E1 1.61121E1 1.13835E1 1.36602E1 1.36602E1 1.24149E1 1.13835E1 1.24149E1 1.36602E1 1.61121E1 1.89142E1 2.24557E1 2.374E1 2.374E1 2.50243E1 2.6367E1 2.6367E1 2.50243E1 2.50243E1 2.24557E1 2.374E1 2.6367E1 2.06655E1
2.4713E0 1.3991E1 7.14147E0 2.12104E0 2.12104E0 4.06694E0 6.4604E0 5.50691E0 4.96205E0 4.47558E0 4.06694E0 4.96205E0 5.50691E0 7.14147E0 8.36739E0 1.20451E1 1.31154E1 1.3991E1 1.50224E1 1.3991E1 1.20451E1 1.20451E1 1.31154E1 1.31154E1 1.31154E1 1.31154E1 1.3991E1 1.59564E1 1.77856E1 1.87585E1 1.96731E1 1.87585E1 1.59564E1 1.48862E1 1.13835E1 1.24149E1 8.27009E0 5.93501E0 4.30045E0 3.9891E0 3.71668E0 3.71668E0 3.71668E0 3.9891E0 5.93501E0 5.93501E0 7.27768E0 1.36602E1 1.36602E1 1.13835E1 1.24149E1 1.48862E1 1.61121E1 1.48862E1 1.24149E1 1.36602E1 1.48862E1 1.89142E1 2.6367E1 2.6367E1 2.50243E1 2.24557E1 2.374E1 2.50243E1 2.50243E1 2.6367E1 2.78653E1 2.6367E1 2.78653E1 2.78653E1
1.2843E0 1.3991E1 5.50691E0 3.24966E0 2.86048E0 4.96205E0 6.4604E0 6.4604E0 5.50691E0 4.06694E0 4.06694E0 4.06694E0 4.96205E0 6.4604E0 6.4604E0 8.36739E0 1.03717E1 1.20451E1 1.3991E1 1.50224E1 1.31154E1 1.20451E1 1.20451E1 1.31154E1 1.20451E1 1.11111E1 1.20451E1 1.50224E1 1.69488E1 1.87585E1 1.96731E1 2.06266E1 1.96731E1 1.24149E1 8.27009E0 5.93501E0 5.23448E0 4.30045E0 3.9891E0 3.61938E0 3.46371E0 3.46371E0 3.61938E0 3.61938E0 3.9891E0 4.30045E0 4.30045E0 4.30045E0 5.23448E0 8.27009E0 1.03133E1 1.13835E1 1.48862E1 1.36602E1 1.36602E1 1.36602E1 1.48862E1 1.89142E1 2.78653E1 2.95583E1 2.374E1 2.06655E1 2.06655E1 2.24557E1 2.78653E1 2.95583E1 3.3236E1 3.12123E1 2.95583E1 3.14847E1
1.84861E0 4.47558E0 7.60848E0 6.4604E0 5.50691E0 5.50691E0 5.50691E0 7.14147E0 4.96205E0 4.47558E0 4.06694E0 3.6583E0 4.06694E0 4.47558E0 4.06694E0 4.96205E0 7.14147E0 9.37926E0 1.20451E1 1.59564E1 1.69488E1 1.31154E1 1.11111E1 1.03717E1 1.03717E1 1.03717E1 1.20451E1 1.50224E1 1.77856E1 2.06266E1 2.12882E1 2.25141E1 2.3526E1 2.25141E1 1.24149E1 8.27009E0 7.27768E0 5.93501E0 5.93501E0 4.30045E0 3.71668E0 3.46371E0 3.61938E0 3.61938E0 3.61938E0 3.71668E0 3.3275E0 3.3275E0 3.46371E0 4.30045E0 5.23448E0 8.27009E0 1.13835E1 1.13835E1 1.24149E1 1.36602E1 2.24557E1 1.89142E1 2.374E1 2.50243E1 2.374E1 1.89142E1 1.89142E1 2.06655E1 2.50243E1 2.78653E1 2.78653E1 2.6367E1 2.95583E1 3.01226E1
4.06694E0 4.96205E0 7.14147E0 6.4604E0 7.60848E0 1.11111E1 8.36739E0 6.4604E0 4.47558E0 3.24966E0 2.86048E0 2.86048E0 2.86048E0 2.86048E0 2.86048E0 4.47558E0 7.14147E0 8.36739E0 9.37926E0 1.03717E1 1.20451E1 1.11111E1 8.36739E0 7.14147E0 8.36739E0 1.03717E1 1.31154E1 1.59564E1 2.06266E1 2.3526E1 2.47714E1 2.47714E1 2.47714E1 2.3526E1 1.24149E1 8.27009E0 5.93501E0 4.61179E0 4.30045E0 3.9891E0 3.71668E0 3.9891E0 3.71668E0 3.71668E0 3.46371E0 3.3275E0 3.19128E0 3.19128E0 3.3275E0 3.46371E0 3.9891E0 6.59661E0 8.27009E0 8.27009E0 9.22358E0 1.13835E1 1.48862E1 1.61121E1 1.61121E1 1.61121E1 1.74353E1 2.06655E1 1.89142E1 2.06655E1 2.24557E1 2.374E1 2.24557E1 2.374E1 2.50243E1 2.374E1
