_episodes_rmd/output/experiment_big/species_big_extent_novel.asc
ncols         660
nrows         720
xllcorner     -130.0
yllcorner     -60.0
cellsize      0.166666666666667
NODATA_value  -9999
[rows 93 to 123 of 720, columns 280 to 349 of 660]
2.73399E1 2.4246E1 1.83304E1 1.52753E1 1.27068E1 1.01187E1 1.01187E1 5.19556E0 5.29286E0 5.29286E0 5.29286E0 5.19556E0 4.82584E0 4.57287E0 4.10586E0 3.44425E0 3.21074E0 3.09399E0 3.17182E0 3.71668E0 3.81397E0 3.50263E0 1.01187E1 1.01187E1 7.51119E0 7.51119E0 7.51119E0 5.05935E0 5.05935E0 5.05935E0 5.05935E0 2.97723E0 2.97723E0 5.05935E0 5.05935E0 5.05935E0 5.05935E0 7.51119E0 7.51119E0 7.51119E0 1.01187E1 1.01187E1 1.01187E1 1.01187E1 1.01187E1 1.27068E1 1.52753E1 2.08601E1 2.08601E1 2.08601E1 2.08601E1 2.08601E1 2.08601E1 2.4246E1 2.4246E1 2.73399E1 2.73399E1 3.06091E1 3.36836E1 3.65246E1 3.65246E1 3.65246E1 3.06091E1 2.73399E1 2.4246E1 2.4246E1 2.4246E1 2.73399E1 3.06091E1 3.06091E1
3.06091E1 2.73399E1 2.08601E1 1.52753E1 1.27068E1 1.01187E1 1.01187E1 5.29286E0 5.29286E0 5.50691E0 5.19556E0 4.82584E0 4.82584E0 4.47558E0 3.95018E0 7.51119E0 7.51119E0 7.51119E0 7.51119E0 7.51119E0 7.51119E0 7.51119E0 1.01187E1 1.27068E1 1.01187E1 7.51119E0 7.51119E0 5.05935E0 5.05935E0 5.05935E0 2.97723E0 2.97723E0 2.97723E0 5.05935E0 7.51119E0 7.51119E0 7.51119E0 7.51119E0 7.51119E0 1.01187E1 1.19868E1 1.01187E1 1.01187E1 1.01187E1 1.27068E1 1.27068E1 1.52753E1 1.83304E1 1.83304E1 1.83304E1 1.83304E1 1.83304E1 1.83304E1 2.08601E1 2.08601E1 2.08601E1 2.08601E1 2.4246E1 2.73399E1 3.06091E1 3.65246E1 3.36836E1 2.4246E1 2.4246E1 2.08601E1 1.83304E1 2.08601E1 2.4246E1 2.73399E1 2.4246E1
3.65246E1 3.06091E1 2.4246E1 1.83304E1 1.27068E1 1.01187E1 7.51119E0 5.29286E0 5.50691E0 5.50691E0 5.05935E0 4.67017E0 4.47558E0 4.26153E0 3.95018E0 5.05935E0 5.05935E0 5.05935E0 5.05935E0 7.51119E0 7.51119E0 1.01187E1 1.27068E1 1.52753E1 1.27068E1 1.01187E1 7.51119E0 5.05935E0 5.05935E0 2.97723E0 2.97723E0 2.97723E0 5.05935E0 5.05935E0 7.51119E0 7.51119E0 7.51119E0 1.01187E1 1.01187E1 1.01187E1 1.01187E1 1.01187E1 1.27068E1 1.27068E1 1.27068E1 1.27068E1 1.27068E1 1.52753E1 1.52753E1 1.27068E1 1.27068E1 1.27068E1 1.52753E1 1.52753E1 1.83304E1 1.52753E1 1.52753E1 1.83304E1 2.4246E1 2.73399E1 3.06091E1 2.73399E1 1.83304E1 1.52753E1 1.52753E1 1.27068E1 1.83304E1 2.4246E1 1.83304E1 1.01187E1
4.19342E1 3.36836E1 2.73399E1 2.08601E1 1.27068E1 1.01187E1 7.51119E0 5.05935E0 5.50691E0 5.50691E0 4.90368E0 4.57287E0 4.26153E0 3.81397E0 5.05935E0 5.05935E0 5.05935E0 5.05935E0 5.05935E0 7.51119E0 7.51119E0 1.01187E1 1.27068E1 1.27068E1 1.01187E1 1.01187E1 7.51119E0 7.51119E0 5.05935E0 5.05935E0 5.05935E0 5.05935E0 5.05935E0 5.05935E0 7.51119E0 7.51119E0 7.51119E0 7.51119E0 1.01187E1 1.01187E1 1.01187E1 1.01187E1 1.27068E1 1.27068E1 1.27068E1 1.01965E1 1.27068E1 1.27068E1 1.01187E1 1.01187E1 1.01187E1 1.01187E1 1.01187E1 1.27068E1 1.52753E1 1.52753E1 1.52753E1 1.83304E1 2.08601E1 2.4246E1 2.73399E1 2.4246E1 1.52753E1 1.27068E1 1.01187E1 1.01187E1 1.27068E1 1.52753E1 1.27068E1 1.01187E1
4.4172E1 3.90348E1 3.36836E1 2.4246E1 1.52753E1 1.01187E1 7.51119E0 2.97723E0 2.97723E0 5.05935E0 4.90368E0 4.47558E0 4.26153E0 3.95018E0 2.97723E0 5.05935E0 5.05935E0 7.51119E0 7.51119E0 7.51119E0 1.01187E1 1.27068E1 1.01187E1 1.01187E1 7.51119E0 1.01187E1 1.01187E1 1.01187E1 7.51119E0 7.51119E0 5.05935E0 7.51119E0 7.51119E0 7.51119E0 7.51119E0 7.51119E0 7.51119E0 1.01187E1 1.01187E1 1.01187E1 1.01187E1 1.01187E1 1.01187E1 1.26484E1 1.07219E1 9.2625E0 8.97062E0 1.01187E1 7.51119E0 7.51119E0 7.51119E0 7.51119E0 7.51119E0 7.51119E0 1.01187E1 1.01187E1 1.27068E1 1.52753E1 1.52753E1 2.08601E1 2.4246E1 2.08601E1 1.27068E1 1.01187E1 7.51119E0 7.51119E0 1.01187E1 1.01187E1 1.01187E1 7.51119E0
4.42304E1 4.38412E1 3.90348E1 3.06091E1 2.08601E1 1.52753E1 7.51119E0 2.97723E0 1.45943E0 1.45943E0 2.97723E0 2.97723E0 2.97723E0 2.97723E0 2.97723E0 5.05935E0 5.05935E0 7.51119E0 1.01187E1 1.01187E1 1.01187E1 1.01187E1 1.01187E1 7.51119E0 7.51119E0 1.01187E1 1.27068E1 1.27068E1 1.27068E1 1.01187E1 1.01187E1 1.01187E1 1.01187E1 1.01187E1 7.51119E0 7.51119E0 1.01187E1 1.01187E1 1.01187E1 1.01187E1 1.01187E1 1.01187E1 1.01187E1 1.01187E1 1.01187E1 9.86573E0 7.51119E0 7.51119E0 5.05935E0 5.05935E0 7.51119E0 5.05935E0 5.05935E0 2.97723E0 5.05935E0 7.51119E0 7.51119E0 1.01187E1 1.27068E1 1.83304E1 2.08601E1 1.83304E1 1.27068E1 7.51119E0 5.05935E0 5.05935E0 7.51119E0 7.51119E0 5.05935E0 5.05935E0
4.46001E1 4.46001E1 4.4172E1 3.65246E1 2.73399E1 1.83304E1 1.01187E1 2.97723E0 1.45943E0 1.45943E0 1.45943E0 2.97723E0 2.97723E0 2.97723E0 5.05935E0 5.05935E0 7.51119E0 1.01187E1 1.01187E1 7.51119E0 7.51119E0 1.01187E1 7.51119E0 7.51119E0 1.01187E1 1.01187E1 1.27068E1 1.52753E1 1.27068E1 1.27068E1 1.27068E1 1.27068E1 1.27068E1 1.01187E1 1.01187E1 1.01187E1 1.27068E1 1.27068E1 1.27068E1 1.27068E1 7.51119E0 7.51119E0 7.51119E0 7.51119E0 7.51119E0 7.51119E0 5.05935E0 5.05935E0 5.05935E0 5.05935E0 5.05935E0 5.05935E0 2.97723E0 2.97723E0 2.97723E0 2.97723E0 5.05935E0 7.51119E0 1.27068E1 1.83304E1 1.83304E1 1.27068E1 7.51119E0 2.97723E0 2.97723E0 2.97723E0 5.05935E0 5.05935E0 2.97723E0 2.97723E0
4.57677E1 4.60985E1 4.4172E1 3.90348E1 3.06091E1 2.08601E1 1.27068E1 7.51119E0 2.97723E0 1.45943E0 1.45943E0 2.97723E0 2.97723E0 5.05935E0 5.05935E0 7.51119E0 7.51119E0 7.51119E0 7.51119E0 7.51119E0 7.51119E0 7.51119E0 7.51119E0 7.51119E0 7.51119E0 1.01187E1 1.01187E1 1.27068E1 1.27068E1 1.27068E1 1.52753E1 1.83304E1 1.83304E1 1.52753E1 1.27068E1 1.52753E1 1.83304E1 1.83304E1 1.83304E1 1.52753E1 1.01187E1 7.51119E0 5.05935E0 5.05935E0 5.05935E0 7.51119E0 5.05935E0 2.97723E0 5.05935E0 7.51119E0 7.51119E0 5.05935E0 2.97723E0 2.97723E0 1.45943E0 2.97723E0 5.05935E0 7.51119E0 1.27068E1 1.83304E1 1.52753E1 7.51119E0 5.05935E0 2.97723E0 1.45943E0 1.45943E0 2.97723E0 2.97723E0 1.45943E0 1.45943E0
4.61958E1 4.4172E1 4.19342E1 3.65246E1 3.06091E1 2.4246E1 1.52753E1 1.01187E1 5.05935E0 5.05935E0 2.97723E0 5.05935E0 5.05935E0 5.05935E0 7.51119E0 7.51119E0 7.51119E0 5.05935E0 5.05935E0 5.05935E0 7.51119E0 7.51119E0 7.51119E0 7.51119E0 7.51119E0 5.05935E0 5.05935E0 7.51119E0 7.51119E0 1.27068E1 1.83304E1 2.4246E1 2.4246E1 2.08601E1 1.83304E1 2.08601E1 2.08601E1 2.4246E1 2.4246E1 2.08601E1 1.52753E1 1.01187E1 7.51119E0 7.51119E0 7.51119E0 1.01187E1 7.51119E0 7.51119E0 1.01187E1 1.27068E1 1.27068E1 1.01187E1 5.05935E0 5.05935E0 2.97723E0 5.05935E0 5.05935E0 7.51119E0 1.52753E1 2.08601E1 1.27068E1 5.05935E0 1.45943E0 1.45943E0 7.39443E-1 1.45943E0 1.45943E0 1.45943E0 1.45943E0 1.45943E0
4.4172E1 4.19342E1 3.65246E1 3.36836E1 2.73399E1 2.4246E1 1.52753E1 1.01187E1 1.01187E1 7.51119E0 7.51119E0 7.51119E0 1.01187E1 1.01187E1 7.51119E0 7.51119E0 7.51119E0 5.05935E0 5.05935E0 5.05935E0 5.05935E0 7.51119E0 7.51119E0 7.51119E0 7.51119E0 7.51119E0 5.05935E0 7.51119E0 7.51119E0 1.27068E1 1.83304E1 2.4246E1 3.06091E1 3.36836E1 3.06091E1 2.73399E1 2.73399E1 2.73399E1 3.06091E1 2.73399E1 2.08601E1 1.52753E1 1.01187E1 7.51119E0 7.51119E0 7.51119E0 1.01187E1 1.01187E1 1.27068E1 1.27068E1 1.27068E1 1.27068E1 1.01187E1 7.51119E0 7.51119E0 7.51119E0 7.51119E0 1.01187E1 1.52753E1 1.83304E1 1.27068E1 2.97723E0 1.45943E0 7.39443E-1 7.39443E-1 7.39443E-1 1.45943E0 7.39443E-1 7.39443E-1 7.39443E-1
3.90348E1 3.65246E1 3.36836E1 3.06091E1 2.4246E1 1.83304E1 1.27068E1 1.27068E1 1.27068E1 1.27068E1 1.27068E1 1.27068E1 1.27068E1 1.27068E1 1.01187E1 1.01187E1 7.51119E0 5.05935E0 5.05935E0 5.05935E0 7.51119E0 1.01187E1 1.27068E1 1.27068E1 1.01187E1 1.01187E1 1.01187E1 1.01187E1 1.01187E1 1.27068E1 1.83304E1 2.73399E1 3.65246E1 3.65246E1 3.65246E1 3.36836E1 3.06091E1 3.06091E1 3.36836E1 3.36836E1 2.73399E1 2.08601E1 1.27068E1 1.01187E1 7.51119E0 7.51119E0 1.01187E1 1.27068E1 1.52753E1 1.27068E1 1.27068E1 1.27068E1 1.27068E1 1.01187E1 1.01187E1 1.01187E1 1.01187E1 1.27068E1 1.52753E1 1.52753E1 1.01187E1 2.97723E0 7.39443E-1 7.39443E-1 7.39443E-1 7.39443E-1 7.39443E-1 7.39443E-1 2.52968E-1 7.39443E-1
3.36836E1 3.06091E1 3.06091E1 2.4246E1 1.83304E1 1.27068E1 1.01187E1 1.27068E1 1.52753E1 1.52753E1 1.52753E1 1.52753E1 1.52753E1 1.52753E1 1.52753E1 1.27068E1 1.01187E1 7.51119E0 7.51119E0 7.51119E0 1.01187E1 1.52753E1 1.52753E1 1.83304E1 1.52753E1 1.52753E1 1.27068E1 1.27068E1 1.52753E1 2.08601E1 2.73399E1 3.36836E1 3.90348E1 3.90348E1 3.65246E1 3.65246E1 3.65246E1 3.36836E1 3.65246E1 3.36836E1 3.06091E1 2.4246E1 1.52753E1 1.01187E1 1.01187E1 1.01187E1 1.27068E1 1.52753E1 1.52753E1 1.52753E1 1.52753E1 1.52753E1 1.27068E1 1.27068E1 1.01187E1 1.01187E1 1.27068E1 1.27068E1 1.27068E1 1.01187E1 5.05935E0 2.97723E0 1.45943E0 7.39443E-1 7.39443E-1 7.39443E-1 7.39443E-1 2.52968E-1 2.52968E-1 2.52968E-1
3.06091E1 2.73399E1 2.4246E1 1.83304E1 1.52753E1 1.27068E1 1.01187E1 1.01187E1 1.52753E1 1.52753E1 1.52753E1 1.83304E1 1.83304E1 1.83304E1 1.83304E1 1.52753E1 1.27068E1 1.01187E1 1.01187E1 1.27068E1 1.52753E1 1.83304E1 2.08601E1 2.08601E1 1.83304E1 1.52753E1 1.52753E1 1.52753E1 1.83304E1 2.73399E1 3.36836E1 3.65246E1 3.65246E1 3.90348E1 3.90348E1 3.65246E1 3.65246E1 3.36836E1 3.36836E1 3.06091E1 2.73399E1 2.4246E1 1.83304E1 1.52753E1 1.27068E1 1.27068E1 1.27068E1 1.27068E1 1.52753E1 1.52753E1 1.52753E1 1.83304E1 1.52753E1 1.27068E1 1.01187E1 1.01187E1 1.01187E1 1.01187E1 1.01187E1 7.51119E0 2.97723E0 1.45943E0 1.45943E0 7.39443E-1 2.52968E-1 2.52968E-1 2.52968E-1 2.52968E-1 9.72952E-2 2.52968E-1
3.06091E1 2.4246E1 1.83304E1 1.83304E1 1.52753E1 1.27068E1 1.01187E1 1.01187E1 1.52753E1 1.52753E1 1.83304E1 1.83304E1 2.08601E1 2.08601E1 2.08601E1 1.83304E1 1.83304E1 1.52753E1 1.52753E1 1.52753E1 1.83304E1 2.08601E1 2.08601E1 1.83304E1 1.52753E1 1.52753E1 1.52753E1 1.83304E1 2.08601E1 2.73399E1 3.36836E1 3.90348E1 3.65246E1 3.65246E1 3.90348E1 3.90348E1 3.65246E1 3.65246E1 3.36836E1 3.06091E1 2.73399E1 2.4246E1 2.08601E1 1.52753E1 1.27068E1 1.27068E1 1.01187E1 1.01187E1 1.27068E1 1.52753E1 1.52753E1 1.52753E1 1.27068E1 7.51119E0 5.05935E0 5.05935E0 7.51119E0 7.51119E0 7.51119E0 5.05935E0 2.97723E0 1.45943E0 7.39443E-1 2.52968E-1 2.52968E-1 2.52968E-1 9.72952E-2 9.72952E-2 9.72952E-2 9.72952E-2
2.73399E1 2.08601E1 2.08601E1 1.83304E1 1.83304E1 1.52753E1 1.27068E1 1.27068E1 1.52753E1 1.52753E1 1.83304E1 2.08601E1 2.08601E1 2.4246E1 2.4246E1 2.4246E1 2.08601E1 1.83304E1 1.83304E1 1.52753E1 1.52753E1 1.52753E1 1.52753E1 1.83304E1 1.52753E1 1.52753E1 1.83304E1 1.83304E1 2.4246E1 3.06091E1 3.65246E1 3.65246E1 3.90348E1 3.65246E1 3.90348E1 3.90348E1 3.65246E1 3.65246E1 3.36836E1 3.06091E1 2.73399E1 2.4246E1 2.08601E1 1.83304E1 1.27068E1 1.01187E1 1.01187E1 1.01187E1 1.01187E1 1.01187E1 1.27068E1 1.27068E1 7.51119E0 2.97723E0 2.97723E0 2.97723E0 5.05935E0 5.05935E0 5.05935E0 2.97723E0 1.45943E0 7.39443E-1 2.52968E-1 2.52968E-1 2.52968E-1 9.72952E-2 9.72952E-2 9.72952E-2 9.72952E-2 9.72952E-2
2.73399E1 2.73399E1 2.04904E1 1.82526E1 2.04904E1 1.83304E1 1.83304E1 1.52753E1 1.52753E1 1.52753E1 1.83304E1 2.08601E1 2.4246E1 2.4246E1 2.73399E1 2.4246E1 2.08601E1 2.08601E1 1.83304E1 1.83304E1 1.83304E1 1.52753E1 1.52753E1 1.52753E1 1.52753E1 1.83304E1 1.83304E1 2.08601E1 2.4246E1 3.06091E1 3.36836E1 3.65246E1 3.36836E1 3.65246E1 3.65246E1 3.65246E1 3.90348E1 3.90348E1 3.90348E1 3.65246E1 3.65246E1 3.06091E1 2.4246E1 1.83304E1 1.27068E1 1.01187E1 1.01187E1 7.51119E0 7.51119E0 1.01187E1 1.01187E1 7.51119E0 5.05935E0 2.97723E0 2.97723E0 2.97723E0 2.97723E0 5.05935E0 2.97723E0 1.45943E0 2.52968E-1 2.52968E-1 2.52968E-1 2.52968E-1 2.52968E-1 9.72952E-2 9.72952E-2 9.72952E-2 9.72952E-2 2.52968E-1
3.06091E1 3.06091E1 2.26698E1 1.66375E1 2.04904E1 2.4246E1 2.08601E1 1.83304E1 1.52753E1 1.52753E1 1.83304E1 2.08601E1 2.08601E1 2.08601E1 2.4246E1 2.4246E1 2.08601E1 2.08601E1 1.83304E1 1.83304E1 1.83304E1 1.83304E1 1.83304E1 1.83304E1 1.83304E1 1.83304E1 1.83304E1 1.83304E1 2.08601E1 2.4246E1 3.06091E1 3.06091E1 3.06091E1 3.06091E1 3.06091E1 3.36836E1 3.65246E1 4.19342E1 4.19342E1 4.80054E1 4.60985E1 3.36836E1 2.73399E1 2.08601E1 1.52753E1 1.27068E1 1.01187E1 7.51119E0 7.51119E0 7.51119E0 7.51119E0 7.51119E0 7.51119E0 5.05935E0 2.97723E0 2.97723E0 2.97723E0 2.97723E0 2.97723E0 7.39443E-1 2.52968E-1 2.52968E-1 2.52968E-1 2.52968E-1 9.72952E-2 2.52968E-1 2.52968E-1 2.52968E-1 7.39443E-1 7.39443E-1
3.36836E1 3.65246E1 3.18155E1 2.44795E1 2.92275E1 2.4246E1 2.08601E1 1.83304E1 1.52753E1 1.52753E1 1.52753E1 1.83304E1 1.52753E1 1.52753E1 2.08601E1 2.08601E1 2.08601E1 2.08601E1 2.08601E1 2.08601E1 2.08601E1 2.08601E1 2.08601E1 2.08601E1 2.08601E1 1.83304E1 1.83304E1 1.83304E1 1.83304E1 2.08601E1 2.73399E1 2.73399E1 2.73399E1 2.73399E1 2.73399E1 3.06091E1 3.36836E1 3.90348E1 4.19342E1 4.60985E1 4.4172E1 3.65246E1 3.06091E1 2.4246E1 2.08601E1 1.52753E1 1.27068E1 1.01187E1 7.51119E0 7.51119E0 7.51119E0 7.51119E0 7.51119E0 5.05935E0 5.05935E0 2.97723E0 2.97723E0 1.45943E0 1.45943E0 7.39443E-1 2.52968E-1 2.52968E-1 2.52968E-1 2.52968E-1 2.52968E-1 2.52968E-1 7.39443E-1 7.39443E-1 1.45943E0 2.97723E0
3.65246E1 3.65246E1 3.65246E1 3.65246E1 3.36836E1 3.06091E1 2.4246E1 2.08601E1 1.83304E1 1.52753E1 1.52753E1 1.52753E1 1.27068E1 1.52753E1 2.08601E1 2.4246E1 2.4246E1 2.4246E1 2.08601E1 2.08601E1 2.08601E1 2.4246E1 2.4246E1 2.4246E1 2.08601E1 1.83304E1 1.83304E1 1.83304E1 1.83304E1 2.08601E1 2.4246E1 2.4246E1 2.73399E1 2.4246E1 2.73399E1 2.73399E1 3.06091E1 3.36836E1 3.65246E1 4.19342E1 3.90348E1 3.36836E1 2.73399E1 2.4246E1 2.4246E1 1.83304E1 1.27068E1 1.01187E1 7.51119E0 7.51119E0 1.01187E1 1.01187E1 7.51119E0 7.51119E0 5.05935E0 1.45943E0 7.39443E-1 7.39443E-1 2.52968E-1 7.39443E-1 7.39443E-1 2.52968E-1 2.52968E-1 2.52968E-1 2.52968E-1 7.39443E-1 7.39443E-1 1.45943E0 2.97723E0 5.05935E0
3.65246E1 3.65246E1 3.65246E1 3.65246E1 3.36836E1 3.06091E1 2.73399E1 2.4246E1 2.08601E1 1.83304E1 1.83304E1 1.83304E1 1.83304E1 1.83304E1 2.4246E1 2.4246E1 2.4246E1 2.4246E1 2.08601E1 2.08601E1 2.08601E1 2.4246E1 2.4246E1 2.08601E1 1.83304E1 1.83304E1 1.83304E1 1.83304E1 1.83304E1 2.08601E1 2.08601E1 2.08601E1 2.4246E1 2.4246E1 2.4246E1 2.4246E1 2.08601E1 2.08601E1 2.4246E1 2.73399E1 3.06091E1 3.06091E1 2.73399E1 2.4246E1 2.4246E1 1.83304E1 1.27068E1 7.51119E0 7.51119E0 7.51119E0 7.51119E0 1.01187E1 7.51119E0 5.05935E0 2.97723E0 1.45943E0 1.45943E0 7.39443E-1 7.39443E-1 7.39443E-1 7.39443E-1 7.39443E-1 7.39443E-1 7.39443E-1 7.39443E-1 7.39443E-1 1.45943E0 2.97723E0 5.05935E0 5.05935E0
3.36836E1 3.36836E1 3.65246E1 3.65246E1 3.36836E1 3.36836E1 3.06091E1 2.73399E1 2.4246E1 2.4246E1 2.08601E1 2.08601E1 2.08601E1 2.08601E1 2.73399E1 2.73399E1 2.4246E1 2.08601E1 2.08601E1 2.08601E1 2.08601E1 2.08601E1 2.4246E1 2.08601E1 2.08601E1 1.83304E1 1.83304E1 1.83304E1 1.83304E1 2.08601E1 2.08601E1 2.08601E1 2.08601E1 2.08601E1 1.83304E1 2.08601E1 2.08601E1 1.83304E1 1.83304E1 2.08601E1 2.4246E1 2.4246E1 2.08601E1 2.08601E1 1.83304E1 1.52753E1 1.01187E1 5.05935E0 5.05935E0 5.05935E0 7.51119E0 7.51119E0 5.05935E0 2.97723E0 2.97723E0 2.97723E0 1.45943E0 7.39443E-1 7.39443E-1 7.39443E-1 7.39443E-1 7.39443E-1 -9999 -9999 2.97723E0 1.45943E0 2.97723E0 5.05935E0 5.05935E0 -9999
3.65246E1 3.36836E1 3.65246E1 3.65246E1 3.65246E1 3.36836E1 3.36836E1 3.06091E1 3.06091E1 3.06091E1 2.73399E1 2.4246E1 2.4246E1 2.4246E1 2.73399E1 2.73399E1 2.4246E1 2.4246E1 2.08601E1 2.08601E1 2.08601E1 2.08601E1 2.08601E1 2.08601E1 1.83304E1 1.52753E1 1.52753E1 1.52753E1 1.83304E1 2.4246E1 2.4246E1 2.08601E1 1.83304E1 1.83304E1 1.83304E1 1.83304E1 1.83304E1 1.52753E1 1.27068E1 1.52753E1 2.08601E1 2.08601E1 1.83304E1 1.52753E1 1.27068E1 1.01187E1 7.51119E0 5.05935E0 5.05935E0 5.05935E0 5.05935E0 7.51119E0 5.05935E0 2.97723E0 2.97723E0 2.97723E0 1.45943E0 1.45943E0 1.45943E0 7.39443E-1 7.39443E-1 7.39443E-1 7.39443E-1 1.45943E0 5.05935E0 5.05935E0 5.05935E0 5.05935E0 -9999 -9999
3.65246E1 3.65246E1 3.65246E1 3.90348E1 3.65246E1 3.65246E1 3.65246E1 3.36836E1 3.36836E1 3.36836E1 3.06091E1 2.73399E1 2.73399E1 2.73399E1 2.4246E1 2.73399E1 2.4246E1 2.4246E1 2.08601E1 2.08601E1 2.08601E1 2.08601E1 2.4246E1 2.08601E1 1.83304E1 1.52753E1 1.27068E1 1.52753E1 1.83304E1 2.4246E1 2.08601E1 1.83304E1 1.52753E1 1.52753E1 1.52753E1 1.52753E1 1.52753E1 1.27068E1 1.27068E1 1.27068E1 1.83304E1 1.83304E1 1.52753E1 1.01187E1 7.51119E0 7.51119E0 7.51119E0 5.05935E0 5.05935E0 5.05935E0 5.05935E0 7.51119E0 7.51119E0 5.05935E0 2.97723E0 2.97723E0 1.45943E0 2.97723E0 2.97723E0 1.45943E0 1.45943E0 1.45943E0 1.45943E0 2.97723E0 7.51119E0 -9999 -9999 -9999 -9999 -9999
3.65246E1 3.65246E1 3.65246E1 3.65246E1 3.36836E1 3.36836E1 3.36836E1 3.36836E1 3.36836E1 3.06091E1 3.06091E1 2.73399E1 2.73399E1 2.73399E1 2.73399E1 2.4246E1 2.4246E1 2.4246E1 2.08601E1 2.08601E1 1.83304E1 2.08601E1 2.08601E1 2.08601E1 1.83304E1 1.27068E1 1.01187E1 1.27068E1 1.52753E1 1.83304E1 1.83304E1 1.52753E1 1.27068E1 1.52753E1 1.52753E1 1.27068E1 1.27068E1 1.01187E1 1.01187E1 1.01187E1 1.27068E1 1.27068E1 1.27068E1 1.01187E1 7.51119E0 7.51119E0 7.51119E0 5.05935E0 5.05935E0 5.05935E0 5.05935E0 7.51119E0 1.01187E1 7.51119E0 5.05935E0 2.97723E0 2.97723E0 2.97723E0 2.97723E0 2.97723E0 1.45943E0 -9999 -9999 -9999 -9999 -9999 -9999 -9999 -9999 -9999
3.36836E1 3.65246E1 3.65246E1 3.36836E1 3.36836E1 3.06091E1 3.36836E1 3.36836E1 3.36836E1 3.06091E1 3.06091E1 3.06091E1 2.73399E1 2.73399E1 2.4246E1 2.4246E1 2.4246E1 2.08601E1 2.08601E1 2.08601E1 2.08601E1 1.83304E1 1.83304E1 1.83304E1 1.52753E1 1.01187E1 1.01187E1 7.51119E0 1.01187E1 1.52753E1 1.52753E1 1.27068E1 1.27068E1 1.27068E1 1.27068E1 1.01187E1 1.01187E1 7.51119E0 7.51119E0 7.51119E0 1.01187E1 1.27068E1 1.01187E1 1.01187E1 7.51119E0 7.51119E0 7.51119E0 7.51119E0 7.51119E0 7.51119E0 7.51119E0 1.01187E1 1.01187E1 7.51119E0 5.05935E0 2.97723E0 2.97723E0 -9999 -9999 -9999 -9999 -9999 -9999 -9999 -9999 -9999 -9999 -9999 -9999 -9999
3.36836E1 3.36836E1 3.36836E1 3.36836E1 3.36836E1 3.06091E1 3.06091E1 3.06091E1 3.06091E1 3.06091E1 3.06091E1 2.73399E1 2.73399E1 2.73399E1 2.4246E1 2.4246E1 2.4246E1 2.08601E1 2.08601E1 2.08601E1 2.08601E1 1.83304E1 1.52753E1 1.52753E1 1.27068E1 1.01187E1 7.51119E0 7.51119E0 1.01187E1 1.27068E1 1.27068E1 1.27068E1 1.01187E1 1.01187E1 7.51119E0 7.51119E0 5.05935E0 5.05935E0 2.97723E0 5.05935E0 1.01187E1 1.27068E1 1.27068E1 1.01187E1 7.51119E0 7.51119E0 7.51119E0 7.51119E0 7.51119E0 7.51119E0 1.01187E1 1.27068E1 1.01187E1 7.51119E0 5.05935E0 5.05935E0 5.05935E0 -9999 -9999 -9999 -9999 -9999 -9999 -9999 -9999 -9999 -9999 -9999 -9999 -9999
3.36836E1 3.36836E1 3.36836E1 3.06091E1 3.06091E1 3.06091E1 3.06091E1 3.06091E1 3.06091E1 3.06091E1 2.73399E1 2.73399E1 2.73399E1 2.4246E1 2.4246E1 2.08601E1 2.08601E1 2.08601E1 2.08601E1 2.08601E1 1.83304E1 1.83304E1 1.52753E1 1.27068E1 1.01187E1 1.01187E1 7.51119E0 7.51119E0 1.27068E1 1.27068E1 1.27068E1 1.01187E1 1.01187E1 7.51119E0 5.05935E0 5.05935E0 2.97723E0 2.97723E0 2.97723E0 2.97723E0 7.51119E0 1.27068E1 1.27068E1 1.01187E1 7.51119E0 5.05935E0 5.05935E0 5.05935E0 7.51119E0 1.01187E1 1.01187E1 1.27068E1 1.01187E1 7.51119E0 5.05935E0 7.51119E0 -9999 -9999 -9999 -9999 -9999 -9999 -9999 -9999 -9999 -9999 -9999 -9999 -9999 -9999
3.06091E1 3.06091E1 3.36836E1 3.06091E1 3.06091E1 3.06091E1 3.06091E1 3.06091E1 3.06091E1 3.06091E1 2.73399E1 2.73399E1 2.4246E1 2.4246E1 2.08601E1 2.08601E1 2.08601E1 2.08601E1 2.08601E1 2.08601E1 1.83304E1 1.83304E1 1.27068E1 1.27068E1 1.01187E1 1.01187E1 7.51119E0 1.01187E1 1.01187E1 1.27068E1 1.27068E1 1.01187E1 7.51119E0 5.05935E0 5.05935E0 2.97723E0 2.97723E0 2.97723E0 2.97723E0 2.97723E0 7.51119E0 1.01187E1 1.01187E1 1.01187E1 7.51119E0 5.05935E0 5.05935E0 5.05935E0 7.51119E0 7.51119E0 7.51119E0 1.01187E1 1.01187E1 7.51119E0 5.05935E0 5.05935E0 -9999 -9999 -9999 -9999 -9999 -9999 -9999 -9999 -9999 -9999 -9999 -9999 -9999 -9999
3.06091E1 3.06091E1 3.06091E1 3.06091E1 3.06091E1 3.06091E1 3.06091E1 3.06091E1 3.06091E1 2.73399E1 2.73399E1 2.4246E1 2.08601E1 2.08601E1 1.83304E1 1.83304E1 1.83304E1 1.83304E1 1.83304E1 1.83304E1 1.83304E1 1.27068E1 1.27068E1 1.27068E1 1.01187E1 1.01187E1 1.01187E1 1.27068E1 1.27068E1 1.27068E1 1.27068E1 1.01187E1 7.51119E0 7.51119E0 5.05935E0 2.97723E0 2.97723E0 2.97723E0 2.97723E0 2.97723E0 5.05935E0 7.51119E0 7.51119E0 7.51119E0 7.51119E0 5.05935E0 5.05935E0 5.05935E0 5.05935E0 5.05935E0 5.05935E0 7.51119E0 7.51119E0 7.51119E0 7.51119E0 7.51119E0 -9999 -9999 -9999 -9999 -9999 -9999 -9999 -9999 -9999 -9999 -9999 -9999 -9999 -9999
2.73399E1 2.73399E1 3.06091E1 3.06091E1 3.06091E1 3.06091E1 2.73399E1 2.73399E1 2.4246E1 2.4246E1 2.08601E1 2.08601E1 1.83304E1 1.83304E1 1.83304E1 1.52753E1 1.52753E1 1.52753E1 1.83304E1 1.83304E1 1.52753E1 1.27068E1 1.27068E1 1.01187E1 1.01187E1 1.01187E1 1.27068E1 1.52753E1 1.52753E1 1.52753E1 1.27068E1 1.27068E1 1.01187E1 7.51119E0 5.05935E0 5.05935E0 2.97723E0 2.97723E0 2.97723E0 2.97723E0 2.97723E0 5.05935E0 7.51119E0 7.51119E0 5.05935E0 5.05935E0 5.05935E0 2.97723E0 2.97723E0 2.97723E0 2.97723E0 5.05935E0 7.51119E0 1.01187E1 1.01187E1 1.01187E1 -9999 -9999 -9999 -9999 -9999 -9999 -9999 -9999 -9999 -9999 -9999 -9999 -9999 -9999
2.73399E1 2.73399E1 2.73399E1 3.06091E1 3.06091E1 2.73399E1 2.73399E1 2.4246E1 2.08601E1 2.08601E1 1.83304E1 1.83304E1 1.52753E1 1.52753E1 1.27068E1 1.27068E1 1.27068E1 1.52753E1 1.52753E1 1.52753E1 1.27068E1 1.01187E1 1.01187E1 1.01187E1 1.01187E1 1.27068E1 1.83304E1 1.52753E1 1.52753E1 1.52753E1 1.52753E1 1.27068E1 1.01187E1 7.51119E0 7.51119E0 7.51119E0 5.05935E0 2.97723E0 2.97723E0 2.97723E0 2.97723E0 5.05935E0 7.51119E0 5.05935E0 5.05935E0 5.05935E0 2.97723E0 2.97723E0 2.97723E0 2.97723E0 2.97723E0 2.97723E0 1.01187E1 1.27068E1 1.27068E1 -9999 -9999 -9999 -9999 -9999 -9999 -9999 -9999 -9999 -9999 -9999 -9999 -9999 -9999 -9999
