_episodes_rmd/output/experiment_big/species_big_extent.asc
ncols         660
nrows         720
xllcorner     -130.0
yllcorner     -60.0
cellsize      0.166666666666667
NODATA_value  -9999
[rows 31 to 61 of 720, columns 276 to 344 of 660]
1.41957E-3 1.41571E-3 1.42374E-3 1.42052E-3 1.41867E-3 1.34826E-3 1.3524E-3 1.353E-3 1.35322E-3 1.36717E-3 1.35976E-3 -9999 -9999 -9999 -9999 -9999 -9999 -9999 -9999 -9999 -9999 -9999 -9999 -9999 -9999 1.65671E-3 1.55345E-3 1.57837E-3 1.62088E-3 1.36801E-3 1.53592E-3 1.44407E-3 7.35505E-4 1.55939E-3 7.41796E-4 7.33054E-4 6.927E-4 6.73338E-4 6.34934E-4 6.3286E-4 6.89268E-4 6.90089E-4 6.09528E-4 6.566E-4 6.54803E-4 7.00567E-4 6.28504E-4 6.12584E-4 5.9078E-4 6.01961E-4 5.99072E-4 5.99072E-4 6.03903E-4 5.97794E-4 5.9705E-4 5.73032E-4 5.73773E-4 5.72914E-4 5.72183E-4 5.87105E-4 5.69008E-4 5.65524E-4 5.65551E-4 5.64006E-4 5.67434E-4 5.64277E-4 5.65902E-4 5.56541E-4 5.5661E-4
1.47648E-3 1.47118E-3 1.4669E-3 1.46944E-3 1.47188E-3 1.47221E-3 1.5083E-3 1.50623E-3 1.50991E-3 1.43819E-3 1.44023E-3 -9999 -9999 -9999 -9999 -9999 -9999 -9999 -9999 -9999 -9999 -9999 -9999 -9999 -9999 1.7106E-3 1.62745E-3 1.69731E-3 1.64875E-3 1.72993E-3 1.65399E-3 1.58227E-3 8.2817E-4 7.97604E-4 7.35318E-4 7.93977E-4 7.91332E-4 6.86732E-4 7.73061E-4 6.93198E-4 7.2419E-4 6.6489E-4 7.01748E-4 7.02479E-4 6.76E-4 7.08608E-4 1.32591E-3 6.66935E-4 6.17133E-4 6.13615E-4 6.10987E-4 6.1425E-4 6.29972E-4 6.29399E-4 6.29157E-4 6.00433E-4 5.85766E-4 5.86506E-4 5.80746E-4 6.00752E-4 5.74669E-4 5.58625E-4 5.61953E-4 5.79093E-4 5.59489E-4 5.56464E-4 5.55983E-4 5.5606E-4 5.6826E-4
1.49252E-3 1.5219E-3 1.53915E-3 1.52668E-3 1.56402E-3 1.57721E-3 1.56022E-3 1.57563E-3 1.56462E-3 1.61138E-3 1.48076E-3 -9999 -9999 -9999 -9999 -9999 -9999 1.61852E-3 -9999 -9999 -9999 -9999 -9999 -9999 -9999 -9999 1.81881E-3 1.84396E-3 1.85741E-3 1.82579E-3 1.76755E-3 1.62392E-3 1.61891E-3 1.58132E-3 1.52197E-3 1.50674E-3 1.51697E-3 1.43722E-3 1.4773E-3 1.51448E-3 1.46744E-3 1.45749E-3 1.41008E-3 1.40644E-3 1.41608E-3 1.41447E-3 1.39239E-3 1.3504E-3 1.32163E-3 1.34251E-3 1.35922E-3 1.32285E-3 1.27501E-3 1.27112E-3 1.22497E-3 6.16359E-4 1.14488E-3 1.14005E-3 1.14879E-3 1.11477E-3 5.73075E-4 5.72415E-4 5.68833E-4 1.09751E-3 1.09138E-3 1.09469E-3 1.08864E-3 1.08781E-3 1.05283E-3
1.57558E-3 1.57817E-3 1.58623E-3 1.61422E-3 1.62365E-3 1.62646E-3 1.665E-3 1.66354E-3 1.66342E-3 1.67138E-3 -9999 -9999 -9999 -9999 -9999 -9999 -9999 -9999 -9999 -9999 1.65214E-3 -9999 -9999 -9999 -9999 -9999 -9999 1.94192E-3 1.94199E-3 1.93534E-3 1.8336E-3 1.82798E-3 1.78488E-3 1.66602E-3 1.61735E-3 1.57125E-3 1.5093E-3 1.51146E-3 1.46608E-3 1.50322E-3 1.50041E-3 1.49515E-3 1.50362E-3 1.48514E-3 1.4944E-3 1.47558E-3 1.50832E-3 1.50163E-3 1.50223E-3 1.44298E-3 1.39917E-3 1.43709E-3 1.40036E-3 1.34021E-3 1.26146E-3 6.09253E-4 1.16804E-3 1.21063E-3 1.12978E-3 1.0939E-3 1.12831E-3 1.12564E-3 1.12244E-3 1.11705E-3 1.15395E-3 1.15059E-3 1.11257E-3 1.11303E-3 1.1117E-3
1.63879E-3 1.63152E-3 1.68039E-3 1.68934E-3 1.69306E-3 1.66984E-3 1.72287E-3 1.72057E-3 1.76054E-3 1.76332E-3 1.77401E-3 -9999 -9999 -9999 -9999 -9999 -9999 -9999 -9999 -9999 -9999 -9999 -9999 -9999 -9999 -9999 -9999 1.95078E-3 2.00918E-3 2.02411E-3 1.96792E-3 1.90641E-3 1.87194E-3 1.75014E-3 1.69025E-3 1.67794E-3 1.60237E-3 1.59469E-3 1.59864E-3 1.60053E-3 1.53979E-3 1.53157E-3 1.50795E-3 1.5674E-3 1.56712E-3 1.58775E-3 1.59261E-3 1.51946E-3 1.4829E-3 1.51999E-3 1.55976E-3 1.46679E-3 1.44654E-3 1.41756E-3 1.44642E-3 1.39936E-3 1.32753E-3 1.28095E-3 1.27293E-3 1.22832E-3 1.25136E-3 1.2217E-3 1.17416E-3 1.20617E-3 1.24218E-3 1.20153E-3 1.17309E-3 1.16806E-3 1.13622E-3
1.71295E-3 1.7233E-3 1.73723E-3 1.73949E-3 1.72911E-3 1.79277E-3 1.8305E-3 1.81715E-3 1.79417E-3 1.83856E-3 1.91656E-3 1.90497E-3 -9999 -9999 -9999 -9999 -9999 -9999 -9999 -9999 -9999 -9999 -9999 -9999 2.01586E-3 -9999 -9999 -9999 -9999 2.15651E-3 2.13064E-3 2.01401E-3 1.96944E-3 1.93005E-3 1.8471E-3 9.65098E-4 1.73898E-3 8.90203E-4 9.04476E-4 1.62028E-3 1.61451E-3 1.59067E-3 1.59929E-3 1.63043E-3 1.63099E-3 1.62848E-3 1.62548E-3 1.5627E-3 1.51334E-3 1.55784E-3 1.55243E-3 1.54968E-3 1.53301E-3 1.52596E-3 1.48026E-3 1.4612E-3 1.4659E-3 1.49662E-3 1.4166E-3 1.33381E-3 1.32517E-3 1.27127E-3 1.35302E-3 1.27817E-3 1.27071E-3 1.27088E-3 1.21609E-3 1.19715E-3 1.18458E-3
1.82319E-3 1.82547E-3 1.82357E-3 1.83056E-3 1.91008E-3 1.9198E-3 1.92409E-3 1.97352E-3 1.96343E-3 1.96407E-3 1.9632E-3 1.97693E-3 -9999 -9999 -9999 -9999 -9999 -9999 -9999 -9999 -9999 -9999 -9999 -9999 -9999 -9999 -9999 -9999 2.18177E-3 2.18232E-3 2.13552E-3 2.1316E-3 2.08212E-3 2.07375E-3 2.01955E-3 1.98315E-3 1.01222E-3 1.00536E-3 1.01183E-3 1.75181E-3 1.75274E-3 1.74161E-3 1.72814E-3 1.72835E-3 1.77638E-3 1.78386E-3 1.71214E-3 1.60473E-3 1.54125E-3 1.53384E-3 1.56903E-3 1.57008E-3 1.52528E-3 1.5564E-3 1.56811E-3 1.55671E-3 1.53249E-3 1.49649E-3 1.4883E-3 1.48803E-3 1.48699E-3 1.46024E-3 1.39485E-3 1.33664E-3 1.33599E-3 1.3311E-3 1.34281E-3 1.34274E-3 1.25192E-3
1.9345E-3 1.93801E-3 1.93895E-3 1.93741E-3 2.01063E-3 2.02529E-3 2.0415E-3 2.03284E-3 2.1077E-3 2.09686E-3 2.08788E-3 -9999 -9999 -9999 -9999 -9999 -9999 -9999 -9999 -9999 -9999 -9999 -9999 -9999 -9999 2.27948E-3 -9999 -9999 2.32373E-3 2.21573E-3 2.16398E-3 2.16597E-3 2.11749E-3 2.04544E-3 1.99097E-3 1.0311E-3 1.03221E-3 1.04225E-3 1.02331E-3 9.63803E-4 1.89798E-3 1.83874E-3 1.84382E-3 1.83222E-3 1.82145E-3 1.73222E-3 1.73713E-3 1.63817E-3 1.57437E-3 1.62533E-3 1.5997E-3 1.58397E-3 1.54586E-3 1.5375E-3 1.58019E-3 1.61334E-3 1.57011E-3 1.47332E-3 1.4671E-3 1.43263E-3 1.41714E-3 1.37781E-3 1.3375E-3 1.33235E-3 1.32883E-3 1.32642E-3 1.3389E-3 1.33522E-3 1.29315E-3
2.06134E-3 2.04962E-3 2.1166E-3 2.12444E-3 2.14582E-3 2.13871E-3 2.13205E-3 2.15773E-3 2.15582E-3 2.16595E-3 2.43198E-3 2.24032E-3 -9999 -9999 -9999 -9999 -9999 -9999 -9999 -9999 -9999 -9999 -9999 2.32379E-3 2.3193E-3 2.29309E-3 -9999 -9999 -9999 2.38509E-3 2.37137E-3 2.22812E-3 2.15222E-3 2.09996E-3 2.03076E-3 1.05754E-3 1.08783E-3 1.07948E-3 1.0791E-3 1.96537E-3 1.90332E-3 1.87549E-3 1.88585E-3 1.87422E-3 1.90324E-3 1.84089E-3 1.84396E-3 1.70458E-3 1.72059E-3 1.65413E-3 1.58712E-3 1.57574E-3 1.52067E-3 1.52538E-3 1.51238E-3 1.58579E-3 1.59577E-3 1.50472E-3 1.44316E-3 1.49674E-3 1.4963E-3 1.41907E-3 1.39214E-3 1.36474E-3 1.34772E-3 1.30369E-3 1.35065E-3 1.3136E-3 1.2598E-3
2.15591E-3 2.16146E-3 2.15897E-3 2.19733E-3 2.17968E-3 2.24581E-3 2.26035E-3 2.27277E-3 2.2956E-3 2.48341E-3 2.28212E-3 2.49801E-3 -9999 2.58576E-3 2.32532E-3 2.32966E-3 2.26597E-3 2.45697E-3 -9999 -9999 -9999 -9999 -9999 2.38548E-3 2.37245E-3 2.46596E-3 2.34414E-3 -9999 -9999 2.42838E-3 2.42624E-3 2.36858E-3 2.29984E-3 2.28491E-3 2.1395E-3 2.06345E-3 1.0751E-3 1.0711E-3 2.0196E-3 1.98139E-3 1.92848E-3 1.94338E-3 1.96473E-3 1.96916E-3 1.93786E-3 1.9226E-3 1.89097E-3 1.813E-3 1.72067E-3 1.68494E-3 1.61961E-3 1.59747E-3 1.58765E-3 1.54689E-3 1.51159E-3 1.57897E-3 1.56641E-3 1.51813E-3 1.47193E-3 1.46955E-3 1.43254E-3 1.38267E-3 1.41883E-3 1.42102E-3 1.38397E-3 1.37006E-3 1.34404E-3 1.32976E-3 1.33961E-3
2.2075E-3 2.28957E-3 2.28062E-3 2.28592E-3 2.38769E-3 2.32384E-3 2.37193E-3 2.42034E-3 2.59295E-3 2.4345E-3 2.63962E-3 2.62789E-3 2.63422E-3 2.57065E-3 2.58677E-3 2.53197E-3 2.53504E-3 2.50293E-3 2.62651E-3 -9999 -9999 -9999 -9999 -9999 2.46543E-3 2.47564E-3 -9999 -9999 -9999 2.54403E-3 2.53467E-3 2.46079E-3 2.40399E-3 2.3441E-3 2.24174E-3 2.12465E-3 2.05568E-3 1.06774E-3 1.98585E-3 1.97709E-3 1.94993E-3 1.94997E-3 1.99488E-3 1.94927E-3 1.92172E-3 1.91352E-3 1.83947E-3 1.8393E-3 1.83058E-3 1.66784E-3 1.6372E-3 1.63806E-3 1.58778E-3 1.54278E-3 1.52129E-3 1.55948E-3 1.55887E-3 1.55462E-3 1.59216E-3 1.55561E-3 1.55148E-3 1.54909E-3 1.50065E-3 1.49233E-3 1.46046E-3 1.44524E-3 1.43384E-3 1.43094E-3 1.40867E-3
2.40148E-3 2.40057E-3 2.39946E-3 2.42821E-3 2.50517E-3 2.51993E-3 2.52527E-3 2.73925E-3 2.54779E-3 2.75203E-3 2.54349E-3 2.76264E-3 2.62748E-3 2.64862E-3 2.63436E-3 2.57811E-3 2.68585E-3 2.7125E-3 2.60563E-3 2.70843E-3 -9999 -9999 -9999 -9999 -9999 -9999 -9999 -9999 -9999 2.58655E-3 2.59448E-3 2.60995E-3 2.54312E-3 2.45622E-3 2.44017E-3 2.32124E-3 2.24794E-3 2.08742E-3 2.07179E-3 2.05791E-3 2.00191E-3 1.97136E-3 2.0524E-3 2.07162E-3 2.07831E-3 2.00091E-3 1.93088E-3 1.98019E-3 1.92527E-3 1.8732E-3 1.84068E-3 1.79456E-3 1.73216E-3 1.60343E-3 1.59966E-3 1.61983E-3 1.62044E-3 1.551E-3 1.53504E-3 1.53063E-3 1.52839E-3 1.56645E-3 1.58174E-3 1.51887E-3 1.46725E-3 1.46624E-3 1.44586E-3 1.46836E-3 1.42761E-3
2.44933E-3 2.4504E-3 2.4476E-3 2.54065E-3 2.56264E-3 2.60006E-3 2.59601E-3 2.90508E-3 2.9105E-3 2.93148E-3 2.9463E-3 2.94406E-3 2.96862E-3 -9999 -9999 -9999 2.83761E-3 2.748E-3 2.78368E-3 2.84922E-3 -9999 -9999 -9999 -9999 -9999 -9999 -9999 -9999 2.75433E-3 2.75095E-3 2.65307E-3 2.63778E-3 2.65651E-3 2.58513E-3 2.56486E-3 2.48531E-3 2.34948E-3 2.28466E-3 2.34843E-3 2.25548E-3 2.11729E-3 2.02611E-3 2.00744E-3 2.04343E-3 2.06195E-3 2.0407E-3 2.03554E-3 2.06089E-3 1.95497E-3 1.95134E-3 1.93047E-3 1.93405E-3 1.85021E-3 1.81138E-3 1.75851E-3 1.72107E-3 1.73119E-3 1.62046E-3 1.61777E-3 1.50472E-3 1.5376E-3 1.6309E-3 1.64128E-3 1.55419E-3 1.5077E-3 1.44245E-3 1.45008E-3 1.41783E-3 1.45856E-3
2.56561E-3 2.60538E-3 2.60794E-3 2.59359E-3 2.69147E-3 2.92365E-3 2.69653E-3 2.9615E-3 3.09884E-3 3.09146E-3 3.09513E-3 2.9585E-3 2.95353E-3 3.03449E-3 3.04578E-3 -9999 -9999 -9999 -9999 -9999 -9999 -9999 -9999 -9999 -9999 -9999 2.9426E-3 -9999 2.86887E-3 2.87347E-3 2.81874E-3 2.88665E-3 2.83093E-3 2.63364E-3 2.61738E-3 2.54567E-3 2.39907E-3 2.35099E-3 2.28864E-3 2.23195E-3 2.20479E-3 2.26422E-3 2.25705E-3 2.17333E-3 2.13758E-3 2.13764E-3 2.13378E-3 2.12106E-3 2.04575E-3 1.96851E-3 1.98143E-3 1.84845E-3 1.82827E-3 1.77879E-3 1.66568E-3 1.82692E-3 1.68635E-3 1.63055E-3 1.63587E-3 1.63312E-3 1.6284E-3 1.62421E-3 1.61946E-3 1.61777E-3 1.56932E-3 1.52579E-3 1.51912E-3 1.47013E-3 1.51882E-3
2.59071E-3 2.69755E-3 2.72388E-3 2.71995E-3 2.74601E-3 3.09456E-3 2.90744E-3 3.13258E-3 3.13846E-3 3.08617E-3 3.07659E-3 3.09994E-3 3.09597E-3 3.08563E-3 3.10043E-3 -9999 -9999 -9999 -9999 -9999 -9999 -9999 -9999 -9999 -9999 -9999 -9999 -9999 -9999 -9999 -9999 2.88981E-3 2.95627E-3 2.88927E-3 2.80201E-3 2.52624E-3 2.50166E-3 2.42267E-3 2.34208E-3 2.38391E-3 2.31773E-3 2.35101E-3 2.28529E-3 2.27545E-3 2.18929E-3 2.17124E-3 2.15707E-3 2.0234E-3 2.0438E-3 1.95714E-3 1.95543E-3 1.9826E-3 2.00005E-3 1.92434E-3 1.92332E-3 1.92228E-3 1.84554E-3 1.80051E-3 1.78347E-3 1.82936E-3 1.76899E-3 1.71109E-3 1.6052E-3 1.65637E-3 1.65169E-3 1.6015E-3 1.59246E-3 1.59341E-3 1.65749E-3
2.83731E-3 2.87139E-3 2.89732E-3 2.97063E-3 3.23516E-3 3.15664E-3 3.18156E-3 3.1916E-3 3.11683E-3 3.13728E-3 3.12892E-3 3.2539E-3 3.17799E-3 3.19065E-3 3.20635E-3 3.28131E-3 -9999 -9999 -9999 -9999 -9999 -9999 -9999 -9999 -9999 -9999 -9999 2.96856E-3 -9999 3.10723E-3 -9999 -9999 3.03382E-3 3.01271E-3 3.0094E-3 2.88149E-3 2.70464E-3 2.53426E-3 2.52781E-3 2.43649E-3 2.36581E-3 2.34227E-3 2.34761E-3 2.35017E-3 2.30997E-3 2.29606E-3 2.17937E-3 2.18806E-3 2.16895E-3 2.10656E-3 2.03032E-3 2.08764E-3 2.08622E-3 2.08299E-3 2.05083E-3 2.06582E-3 2.04875E-3 1.9698E-3 1.97132E-3 1.96838E-3 1.86342E-3 1.86147E-3 1.85332E-3 1.85782E-3 1.84765E-3 1.78721E-3 1.8562E-3 1.72903E-3 1.67736E-3
2.99603E-3 2.99793E-3 2.99208E-3 3.16406E-3 3.1893E-3 3.18839E-3 3.31791E-3 3.23394E-3 3.25159E-3 3.28262E-3 3.28939E-3 3.30346E-3 3.32592E-3 3.32349E-3 3.33965E-3 3.36255E-3 3.31976E-3 3.12272E-3 3.29816E-3 -9999 -9999 -9999 -9999 -9999 -9999 -9999 3.18199E-3 3.17184E-3 3.21051E-3 3.11083E-3 3.04299E-3 3.19963E-3 3.16238E-3 3.04611E-3 2.96686E-3 2.84384E-3 2.69306E-3 2.57033E-3 2.47993E-3 2.38475E-3 2.31403E-3 2.30128E-3 2.3088E-3 2.34706E-3 2.36476E-3 2.32356E-3 2.25482E-3 2.17202E-3 2.22382E-3 2.14472E-3 2.19554E-3 2.14668E-3 2.11019E-3 2.10516E-3 2.10939E-3 2.08279E-3 2.08322E-3 2.08503E-3 2.00924E-3 1.9761E-3 1.9435E-3 1.99136E-3 2.01514E-3 2.01001E-3 1.93134E-3 1.95285E-3 1.8352E-3 1.82899E-3 1.76791E-3
3.04944E-3 3.12422E-3 3.39159E-3 3.33237E-3 3.32494E-3 3.33605E-3 3.37823E-3 3.3851E-3 3.40815E-3 3.42006E-3 3.44295E-3 3.37401E-3 3.45826E-3 3.40948E-3 3.41891E-3 3.41446E-3 3.39087E-3 3.07166E-3 3.50437E-3 3.25656E-3 -9999 -9999 -9999 -9999 -9999 -9999 3.07566E-3 3.101E-3 3.31398E-3 3.41159E-3 3.26149E-3 3.26186E-3 3.1987E-3 3.15563E-3 3.07544E-3 2.89589E-3 2.80697E-3 2.69189E-3 2.64038E-3 2.44653E-3 2.42709E-3 2.42277E-3 2.45866E-3 2.47901E-3 2.50905E-3 2.43516E-3 2.372E-3 2.28519E-3 2.27587E-3 2.25138E-3 2.22812E-3 2.2216E-3 2.2153E-3 2.12825E-3 2.1281E-3 2.13391E-3 2.04258E-3 2.09932E-3 2.10882E-3 2.11174E-3 2.11347E-3 2.1028E-3 2.04962E-3 2.03832E-3 2.03806E-3 2.06106E-3 1.97133E-3 1.61149E-3 1.46039E-3
3.19686E-3 3.53608E-3 3.46091E-3 3.4475E-3 3.49385E-3 3.47917E-3 3.54253E-3 3.52885E-3 3.55078E-3 3.57489E-3 3.49575E-3 3.52465E-3 3.53436E-3 3.4498E-3 3.45758E-3 3.47044E-3 3.45788E-3 3.19358E-3 3.35324E-3 3.23467E-3 3.35265E-3 -9999 -9999 -9999 -9999 -9999 -9999 -9999 3.44854E-3 3.33758E-3 3.43367E-3 3.45531E-3 3.36424E-3 3.2118E-3 3.09256E-3 2.9554E-3 2.90102E-3 2.75526E-3 2.74201E-3 2.72031E-3 2.7237E-3 2.59265E-3 2.57088E-3 2.58005E-3 2.56176E-3 2.52876E-3 2.4926E-3 2.44694E-3 2.39471E-3 2.39307E-3 2.35434E-3 2.27308E-3 2.27682E-3 2.25046E-3 2.24194E-3 2.15509E-3 2.10684E-3 2.16462E-3 2.14817E-3 2.1335E-3 2.19019E-3 2.13162E-3 2.0733E-3 2.06489E-3 2.06232E-3 2.00225E-3 1.59002E-3 1.05543E-3 1.35694E-3
2.82841E-3 3.61258E-3 3.53424E-3 3.52554E-3 3.65108E-3 3.64478E-3 3.66924E-3 3.66679E-3 3.71293E-3 3.62726E-3 3.63756E-3 3.54033E-3 3.56972E-3 3.56944E-3 3.50333E-3 3.48888E-3 3.49737E-3 3.3804E-3 3.40225E-3 3.39146E-3 3.42575E-3 3.43507E-3 -9999 -9999 -9999 -9999 3.55652E-3 3.49361E-3 3.70483E-3 3.69897E-3 3.60928E-3 3.58134E-3 3.47916E-3 3.39417E-3 3.27951E-3 3.06382E-3 2.96106E-3 2.88453E-3 2.76752E-3 2.75071E-3 2.74607E-3 2.62499E-3 2.62882E-3 2.5572E-3 2.53847E-3 2.61952E-3 2.59643E-3 2.48219E-3 2.48023E-3 2.47452E-3 2.35804E-3 2.48237E-3 2.36945E-3 2.29864E-3 2.26657E-3 2.33606E-3 2.24548E-3 2.23251E-3 2.24539E-3 2.2422E-3 1.74767E-3 1.7006E-3 1.69341E-3 1.60423E-3 1.65424E-3 1.89305E-3 1.35628E-3 1.83223E-3 1.76388E-3
2.88501E-3 2.99512E-3 2.89896E-3 2.89219E-3 3.69022E-3 3.72383E-3 3.60451E-3 3.72577E-3 3.63895E-3 3.65385E-3 3.69232E-3 3.68591E-3 3.71226E-3 3.71482E-3 3.75952E-3 3.73316E-3 3.64678E-3 3.80323E-3 3.53061E-3 3.45188E-3 3.5422E-3 3.5588E-3 -9999 -9999 -9999 3.54093E-3 3.73207E-3 3.64904E-3 3.61657E-3 3.62608E-3 3.7572E-3 3.52865E-3 3.5113E-3 3.40168E-3 3.41593E-3 3.18127E-3 3.06788E-3 2.98532E-3 2.89569E-3 2.81526E-3 2.7962E-3 2.77178E-3 2.68061E-3 2.67287E-3 2.57797E-3 2.63356E-3 2.63818E-3 2.52976E-3 2.54178E-3 2.53588E-3 2.52809E-3 2.50078E-3 2.4184E-3 2.436E-3 2.37081E-3 2.36817E-3 2.37254E-3 2.36075E-3 1.85332E-3 1.85318E-3 1.84345E-3 1.7703E-3 1.67192E-3 1.6941E-3 1.7471E-3 1.70324E-3 1.7374E-3 2.23636E-3 2.10549E-3
3.12344E-3 3.13967E-3 3.08527E-3 2.96328E-3 2.95934E-3 2.9764E-3 3.79854E-3 3.78014E-3 3.80155E-3 3.813E-3 3.85467E-3 3.84557E-3 3.86822E-3 3.90365E-3 3.9234E-3 4.04199E-3 3.86188E-3 3.68691E-3 3.69623E-3 3.6788E-3 3.63252E-3 3.63446E-3 3.62076E-3 3.61156E-3 3.61272E-3 3.5963E-3 3.78941E-3 3.76952E-3 3.77675E-3 3.78843E-3 3.7075E-3 3.65213E-3 3.59008E-3 3.47198E-3 3.36399E-3 3.2719E-3 3.01301E-3 2.8423E-3 2.84581E-3 2.83118E-3 2.82698E-3 2.82363E-3 2.8128E-3 2.70256E-3 2.67944E-3 2.59306E-3 2.65668E-3 2.5883E-3 2.52168E-3 2.48092E-3 2.56533E-3 2.62917E-3 2.62839E-3 2.61532E-3 2.42951E-3 2.47703E-3 1.93274E-3 1.94079E-3 1.87085E-3 1.86681E-3 1.86818E-3 1.81029E-3 1.82041E-3 1.81141E-3 1.86947E-3 1.8738E-3 1.84747E-3 1.84578E-3 1.83579E-3
3.2052E-3 3.20348E-3 3.12476E-3 3.10626E-3 3.12641E-3 3.12098E-3 3.03258E-3 3.11328E-3 3.1235E-3 4.00152E-3 4.00262E-3 4.04822E-3 4.13844E-3 4.12137E-3 4.17302E-3 4.22728E-3 4.21339E-3 4.14036E-3 3.88422E-3 3.85038E-3 3.77422E-3 3.69356E-3 3.66252E-3 3.56452E-3 3.674E-3 3.70047E-3 3.96005E-3 3.92387E-3 3.82273E-3 3.84857E-3 3.62025E-3 3.70227E-3 3.64186E-3 3.49484E-3 3.31185E-3 3.20219E-3 3.09761E-3 3.03162E-3 2.89494E-3 2.82247E-3 2.87453E-3 2.88405E-3 2.95E-3 2.95155E-3 2.84446E-3 2.72514E-3 2.72507E-3 2.7903E-3 2.72457E-3 2.68638E-3 2.69406E-3 2.76916E-3 2.73741E-3 2.64756E-3 2.63729E-3 2.05919E-3 2.05501E-3 1.95317E-3 1.91605E-3 1.90975E-3 1.89542E-3 1.90349E-3 1.94773E-3 1.93811E-3 1.88989E-3 1.89343E-3 1.94001E-3 1.83563E-3 1.67094E-3
2.61125E-3 3.28283E-3 3.18637E-3 3.17575E-3 3.15635E-3 3.06985E-3 3.05815E-3 3.13193E-3 3.25067E-3 3.28484E-3 3.32134E-3 3.38945E-3 3.40189E-3 4.33253E-3 4.31056E-3 4.33036E-3 4.36587E-3 4.42886E-3 4.33442E-3 4.19224E-3 4.11077E-3 4.09482E-3 3.73178E-3 3.96448E-3 4.03137E-3 3.74501E-3 4.02848E-3 4.02718E-3 3.78417E-3 3.69846E-3 3.69679E-3 3.63795E-3 3.56309E-3 3.4383E-3 3.30852E-3 3.24246E-3 3.12895E-3 2.93037E-3 2.84105E-3 2.93468E-3 3.01802E-3 3.02031E-3 3.04919E-3 3.07599E-3 3.06476E-3 3.0516E-3 2.85614E-3 2.83305E-3 2.73878E-3 2.74662E-3 2.75157E-3 2.72423E-3 2.65543E-3 2.70346E-3 2.78272E-3 2.10497E-3 2.02767E-3 2.03724E-3 2.01198E-3 1.91916E-3 2.0442E-3 2.05693E-3 2.05329E-3 1.92036E-3 1.91947E-3 1.89082E-3 1.91548E-3 1.8574E-3 1.78081E-3
2.66353E-3 2.66725E-3 2.61327E-3 3.18697E-3 3.13616E-3 3.12728E-3 3.07747E-3 3.19841E-3 3.32185E-3 3.53234E-3 3.61157E-3 3.61244E-3 3.65236E-3 3.64192E-3 3.59059E-3 3.58161E-3 3.62018E-3 3.53531E-3 3.43572E-3 3.25964E-3 4.03296E-3 3.93666E-3 3.82132E-3 3.84872E-3 3.94912E-3 4.03651E-3 4.07232E-3 4.06728E-3 3.92141E-3 3.74477E-3 3.71776E-3 3.49101E-3 3.37746E-3 3.3109E-3 3.29152E-3 3.15573E-3 3.19826E-3 3.18651E-3 2.98636E-3 3.05441E-3 3.04171E-3 3.04614E-3 3.05108E-3 3.11915E-3 3.11558E-3 3.12372E-3 3.19034E-3 2.90829E-3 2.89979E-3 2.95061E-3 2.95875E-3 2.94398E-3 2.93766E-3 2.83259E-3 2.15258E-3 2.14737E-3 2.06897E-3 2.04608E-3 2.09222E-3 2.09491E-3 2.07349E-3 2.14467E-3 2.08042E-3 2.02437E-3 1.78608E-3 1.8102E-3 1.83689E-3 1.77821E-3 1.86321E-3
2.84134E-3 2.72263E-3 2.70709E-3 2.63314E-3 3.16783E-3 3.27301E-3 3.27676E-3 3.36619E-3 3.5432E-3 3.76373E-3 3.79132E-3 3.78974E-3 3.8277E-3 3.81195E-3 3.71968E-3 3.7254E-3 3.68381E-3 3.60259E-3 3.48566E-3 3.2071E-3 3.06074E-3 2.81538E-3 2.73413E-3 2.73584E-3 3.56657E-3 3.56987E-3 3.78958E-3 3.87909E-3 4.00278E-3 3.89212E-3 3.75011E-3 3.54985E-3 3.44822E-3 3.33494E-3 3.23571E-3 3.21868E-3 3.21299E-3 3.23684E-3 3.11331E-3 3.0927E-3 3.12078E-3 3.09613E-3 3.10788E-3 3.1884E-3 3.27736E-3 3.27398E-3 3.18318E-3 2.93351E-3 2.87266E-3 2.9435E-3 2.99584E-3 2.91657E-3 2.87702E-3 2.81183E-3 2.08815E-3 2.1222E-3 2.11859E-3 2.08729E-3 2.01796E-3 2.06103E-3 2.1575E-3 2.11295E-3 2.10592E-3 1.98597E-3 1.83017E-3 1.962E-3 1.99022E-3 1.8755E-3 2.02205E-3
2.89869E-3 2.88278E-3 2.79727E-3 2.6882E-3 2.68845E-3 3.39408E-3 3.53392E-3 3.70114E-3 3.81958E-3 3.94949E-3 4.01556E-3 3.96199E-3 3.95681E-3 3.98956E-3 3.89503E-3 3.86432E-3 3.65287E-3 3.46273E-3 3.2607E-3 3.07237E-3 2.93769E-3 2.78671E-3 2.68818E-3 2.71234E-3 2.70442E-3 2.70547E-3 3.54372E-3 3.59931E-3 3.74583E-3 3.75642E-3 3.73927E-3 3.51876E-3 3.41107E-3 3.39811E-3 3.39824E-3 3.39226E-3 3.27078E-3 3.1236E-3 3.2453E-3 3.13063E-3 3.01846E-3 3.26068E-3 3.21553E-3 3.30782E-3 3.33147E-3 3.32829E-3 3.22049E-3 3.01229E-3 3.00964E-3 3.01286E-3 2.97682E-3 2.97574E-3 3.06378E-3 2.96658E-3 3.04406E-3 2.30906E-3 2.28169E-3 2.16461E-3 2.03251E-3 2.13822E-3 2.19194E-3 2.21918E-3 2.06727E-3 2.04775E-3 2.03564E-3 2.07901E-3 2.01862E-3 2.10789E-3 2.12341E-3
2.92208E-3 2.84172E-3 2.82716E-3 2.74012E-3 2.80481E-3 2.86978E-3 3.79139E-3 3.86796E-3 3.97828E-3 4.07548E-3 4.19314E-3 4.25479E-3 4.12719E-3 4.02125E-3 3.84398E-3 3.76166E-3 3.47964E-3 3.27683E-3 3.13222E-3 3.04566E-3 2.90391E-3 2.82415E-3 2.83983E-3 2.7547E-3 2.7642E-3 2.75574E-3 3.52939E-3 3.59735E-3 3.51324E-3 3.57733E-3 3.57866E-3 3.48534E-3 3.49953E-3 3.43126E-3 3.45948E-3 3.4122E-3 3.44534E-3 3.21852E-3 3.19098E-3 3.27531E-3 3.31147E-3 3.15644E-3 3.42953E-3 3.43284E-3 3.52049E-3 3.46429E-3 3.30103E-3 3.23821E-3 3.38712E-3 3.21029E-3 3.21433E-3 3.14124E-3 3.16192E-3 3.18975E-3 2.43317E-3 2.40121E-3 2.40209E-3 2.27501E-3 2.19764E-3 2.18028E-3 2.24528E-3 2.17978E-3 2.12407E-3 2.15772E-3 2.15163E-3 2.19095E-3 2.13762E-3 2.26402E-3 2.30335E-3
2.54845E-3 2.48295E-3 2.46677E-3 2.46824E-3 2.45817E-3 2.96963E-3 3.65903E-3 3.84704E-3 3.93194E-3 4.12946E-3 4.16506E-3 4.05222E-3 3.9826E-3 3.76855E-3 3.79854E-3 3.62099E-3 3.42697E-3 3.24616E-3 3.18716E-3 3.0818E-3 2.96941E-3 2.86929E-3 2.88119E-3 2.79136E-3 2.81378E-3 2.86097E-3 2.87447E-3 2.87045E-3 3.64596E-3 3.73261E-3 3.75874E-3 3.6472E-3 3.61403E-3 3.60361E-3 3.63316E-3 3.59116E-3 3.34001E-3 3.3418E-3 3.33355E-3 3.36875E-3 3.38817E-3 3.32666E-3 3.33203E-3 3.68371E-3 3.68691E-3 3.66315E-3 3.66877E-3 3.56122E-3 3.65999E-3 3.52381E-3 3.38221E-3 3.37498E-3 3.30862E-3 3.35639E-3 3.36273E-3 2.56575E-3 2.42687E-3 2.40126E-3 2.37539E-3 2.33609E-3 2.22267E-3 2.15743E-3 2.24555E-3 2.34714E-3 2.40787E-3 2.34574E-3 2.31531E-3 2.45132E-3 2.25373E-3
2.41109E-3 2.40237E-3 2.40131E-3 2.45491E-3 2.43367E-3 2.51038E-3 2.55801E-3 3.70497E-3 3.90829E-3 3.91001E-3 3.88671E-3 4.04225E-3 3.72539E-3 3.54253E-3 3.67145E-3 3.57416E-3 3.47876E-3 3.30039E-3 3.2478E-3 3.22244E-3 3.2184E-3 3.12864E-3 3.05075E-3 2.86252E-3 2.83563E-3 2.93835E-3 3.03767E-3 3.1054E-3 3.93699E-3 3.94401E-3 3.94504E-3 3.91993E-3 3.79629E-3 3.78682E-3 3.7662E-3 3.748E-3 3.42783E-3 3.37975E-3 3.49344E-3 3.50223E-3 3.54007E-3 3.62838E-3 3.63494E-3 3.63032E-3 3.8317E-3 3.83897E-3 3.84956E-3 3.73569E-3 3.63747E-3 3.69363E-3 3.55793E-3 3.69522E-3 3.56253E-3 3.49913E-3 3.53015E-3 2.69515E-3 2.59938E-3 2.5772E-3 2.4035E-3 2.44337E-3 2.31221E-3 2.29458E-3 2.4623E-3 2.48231E-3 2.54149E-3 2.47976E-3 2.51906E-3 2.58613E-3 2.39159E-3
2.58743E-3 2.57576E-3 2.57894E-3 2.59098E-3 2.58717E-3 2.44301E-3 2.48778E-3 3.72019E-3 3.88873E-3 4.03202E-3 3.91575E-3 4.00943E-3 3.93775E-3 3.91031E-3 3.76344E-3 3.65695E-3 3.45898E-3 3.53558E-3 3.41424E-3 2.70226E-3 2.551E-3 2.54971E-3 2.51606E-3 3.13338E-3 3.11096E-3 3.0213E-3 3.11966E-3 4.07165E-3 4.03053E-3 4.01756E-3 4.00865E-3 3.98956E-3 3.98014E-3 3.96018E-3 3.95168E-3 3.80986E-3 3.57699E-3 3.47435E-3 3.59411E-3 3.68734E-3 3.71934E-3 3.72957E-3 3.82489E-3 3.84495E-3 3.71542E-3 3.95496E-3 3.94886E-3 3.90538E-3 3.90961E-3 3.90075E-3 3.89667E-3 3.90535E-3 3.70796E-3 3.70663E-3 3.69394E-3 2.85004E-3 2.83426E-3 2.61154E-3 2.6136E-3 2.4414E-3 2.4274E-3 2.44356E-3 2.67191E-3 2.67743E-3 2.62135E-3 2.53884E-3 2.58336E-3 2.84271E-3 2.85384E-3
