_episodes_rmd/output/experiment_big/species_big_extent_novel.asc
ncols         660
nrows         720
xllcorner     -130.0
yllcorner     -60.0
cellsize      0.166666666666667
NODATA_value  -9999
[rows 124 to 154 of 720, columns 210 to 279 of 660]
4.79276E1 4.63709E1 4.59233E1 4.57871E1 4.58455E1 4.62541E1 4.68963E1 4.68963E1 4.63903E1 4.60012E1 4.58844E1 4.60206E1 4.50282E1 4.53006E1 4.5826E1 4.65655E1 4.67601E1 4.67017E1 4.64098E1 4.58844E1 4.58455E1 4.65266E1 4.60985E1 4.60985E1 4.4172E1 4.19342E1 4.19342E1 4.19342E1 3.90348E1 3.90348E1 3.65246E1 3.36836E1 3.36836E1 3.36836E1 3.36836E1 3.36836E1 3.06091E1 3.06091E1 3.06091E1 3.06091E1 3.06091E1 3.06091E1 3.06091E1 3.06091E1 3.36836E1 3.36836E1 3.36836E1 3.36836E1 3.36836E1 3.06091E1 2.73399E1 2.4246E1 2.4246E1 2.08601E1 2.08601E1 2.4246E1 2.73399E1 2.73399E1 2.4246E1 2.4246E1 2.08601E1 2.08601E1 2.08601E1 2.08601E1 2.08601E1 2.08601E1 2.4246E1 2.4246E1 2.4246E1 2.4246E1
4.79276E1 4.64098E1 4.64098E1 4.64682E1 4.69352E1 4.71882E1 4.82973E1 4.78692E1 4.72855E1 4.69547E1 4.5826E1 4.53006E1 4.5145E1 4.53396E1 4.61568E1 4.7052E1 4.75774E1 4.73438E1 4.69352E1 4.71298E1 4.60985E1 4.4172E1 4.60985E1 4.4172E1 4.19342E1 3.90348E1 3.90348E1 3.65246E1 3.65246E1 3.36836E1 3.36836E1 3.06091E1 3.06091E1 3.36836E1 3.36836E1 3.36836E1 3.06091E1 3.06091E1 2.73399E1 3.06091E1 3.06091E1 3.06091E1 3.06091E1 2.73399E1 3.06091E1 3.06091E1 3.36836E1 3.36836E1 3.36836E1 3.06091E1 2.73399E1 2.4246E1 2.08601E1 2.08601E1 2.08601E1 2.08601E1 2.08601E1 2.4246E1 2.08601E1 2.08601E1 2.08601E1 2.08601E1 2.08601E1 1.83304E1 1.83304E1 2.08601E1 2.08601E1 2.08601E1 2.08601E1 2.08601E1
4.73633E1 4.79471E1 4.64098E1 4.78692E1 4.79276E1 4.81806E1 4.8239E1 4.80249E1 4.79471E1 4.7986E1 4.64876E1 4.62931E1 4.61763E1 4.62736E1 4.72855E1 4.85503E1 4.97762E1 4.9426E1 4.79276E1 4.60985E1 4.4172E1 4.4172E1 4.4172E1 4.4172E1 3.90348E1 3.65246E1 3.36836E1 3.36836E1 3.06091E1 3.06091E1 3.06091E1 3.06091E1 3.06091E1 3.06091E1 3.36836E1 3.36836E1 3.06091E1 3.06091E1 2.73399E1 2.73399E1 2.73399E1 2.73399E1 2.73399E1 2.73399E1 2.73399E1 3.06091E1 3.06091E1 3.06091E1 3.06091E1 2.73399E1 2.4246E1 2.08601E1 2.08601E1 2.08601E1 1.83304E1 1.83304E1 2.08601E1 2.08601E1 1.83304E1 1.83304E1 1.83304E1 1.83304E1 1.83304E1 1.83304E1 1.83304E1 1.83304E1 2.08601E1 2.08601E1 2.08601E1 2.08601E1
4.7986E1 4.78109E1 4.73633E1 4.71493E1 4.73633E1 4.77719E1 4.78692E1 4.73438E1 4.84335E1 4.84335E1 4.73828E1 4.75968E1 4.80249E1 4.92897E1 5.05351E1 5.06324E1 5.14692E1 4.99903E1 4.80054E1 4.4172E1 4.4172E1 4.19342E1 4.19342E1 4.19342E1 3.65246E1 3.36836E1 3.06091E1 3.06091E1 3.06091E1 2.73399E1 2.73399E1 2.73399E1 2.73399E1 2.73399E1 3.06091E1 3.06091E1 3.06091E1 2.73399E1 2.73399E1 2.73399E1 2.73399E1 2.4246E1 2.4246E1 2.73399E1 2.73399E1 2.73399E1 3.06091E1 2.73399E1 2.73399E1 2.4246E1 2.4246E1 2.08601E1 1.83304E1 1.83304E1 1.83304E1 1.83304E1 1.83304E1 1.83304E1 1.83304E1 1.83304E1 1.83304E1 1.83304E1 1.83304E1 1.83304E1 1.83304E1 1.83304E1 2.08601E1 2.08601E1 2.08601E1 2.08601E1
4.80249E1 4.80249E1 4.74411E1 4.69352E1 4.75968E1 4.83946E1 4.9173E1 4.94843E1 4.90562E1 4.93481E1 4.92897E1 4.96595E1 5.11578E1 5.1761E1 5.18778E1 5.21502E1 5.2014E1 4.99903E1 4.60985E1 4.4172E1 4.19342E1 3.90348E1 3.65246E1 3.36836E1 3.36836E1 3.06091E1 2.73399E1 2.73399E1 2.73399E1 2.73399E1 2.73399E1 2.73399E1 2.4246E1 2.73399E1 3.06091E1 3.06091E1 2.73399E1 2.73399E1 2.73399E1 2.73399E1 2.73399E1 2.73399E1 2.73399E1 2.73399E1 2.73399E1 2.73399E1 2.73399E1 2.4246E1 2.4246E1 2.4246E1 2.08601E1 1.83304E1 1.83304E1 1.83304E1 1.83304E1 1.83304E1 1.83304E1 1.83304E1 1.83304E1 1.83304E1 1.83304E1 1.83304E1 1.83304E1 1.83304E1 1.83304E1 1.83304E1 1.83304E1 2.08601E1 1.83304E1 1.83304E1
4.83168E1 4.80249E1 4.82195E1 4.86865E1 4.94843E1 5.04767E1 5.07297E1 5.14108E1 5.06908E1 5.09438E1 5.09243E1 5.1547E1 5.2014E1 5.2014E1 5.2014E1 5.2014E1 4.99903E1 4.60985E1 4.4172E1 4.4172E1 4.19342E1 3.90348E1 3.36836E1 3.06091E1 2.73399E1 2.4246E1 2.4246E1 2.4246E1 2.4246E1 2.4246E1 2.4246E1 2.4246E1 2.4246E1 2.4246E1 2.4246E1 2.73399E1 2.73399E1 2.4246E1 2.73399E1 2.73399E1 2.73399E1 2.73399E1 2.73399E1 2.4246E1 2.4246E1 2.4246E1 2.4246E1 2.4246E1 2.4246E1 2.08601E1 2.08601E1 1.83304E1 1.83304E1 1.52753E1 1.83304E1 1.83304E1 2.08601E1 2.08601E1 1.83304E1 2.08601E1 2.08601E1 1.83304E1 1.83304E1 1.83304E1 1.83304E1 1.83304E1 1.83304E1 1.83304E1 1.83304E1 1.83304E1
4.85892E1 4.78692E1 4.87838E1 4.9893E1 5.12162E1 5.18973E1 5.22281E1 5.22086E1 5.22086E1 5.24616E1 5.18194E1 5.19751E1 5.2014E1 4.99903E1 4.99903E1 4.80054E1 4.60985E1 4.4172E1 4.4172E1 4.19342E1 3.90348E1 3.65246E1 3.36836E1 3.06091E1 2.73399E1 2.73399E1 2.4246E1 2.4246E1 2.4246E1 2.4246E1 2.4246E1 2.4246E1 2.4246E1 2.08601E1 2.08601E1 2.4246E1 2.08601E1 2.4246E1 2.4246E1 2.73399E1 2.73399E1 2.73399E1 2.73399E1 2.4246E1 2.4246E1 2.4246E1 2.08601E1 2.08601E1 2.08601E1 1.83304E1 1.83304E1 1.52753E1 1.52753E1 1.52753E1 1.52753E1 1.83304E1 2.08601E1 2.08601E1 1.83304E1 1.83304E1 1.83304E1 1.83304E1 1.83304E1 1.83304E1 1.83304E1 1.83304E1 1.83304E1 1.83304E1 1.83304E1 1.83304E1
4.92119E1 4.87449E1 4.95427E1 4.95427E1 5.07297E1 5.12162E1 5.25005E1 5.32983E1 5.30453E1 5.25978E1 5.26951E1 5.2014E1 4.99903E1 4.80054E1 4.60985E1 4.4172E1 4.19342E1 4.19342E1 3.90348E1 3.90348E1 3.65246E1 3.36836E1 3.06091E1 3.06091E1 2.73399E1 2.73399E1 2.4246E1 2.4246E1 2.4246E1 2.4246E1 2.4246E1 2.08601E1 2.08601E1 2.08601E1 2.08601E1 2.08601E1 2.08601E1 2.08601E1 2.08601E1 2.4246E1 2.4246E1 2.73399E1 2.73399E1 2.4246E1 2.08601E1 2.08601E1 1.83304E1 1.83304E1 1.83304E1 1.83304E1 1.52753E1 1.52753E1 1.52753E1 1.27068E1 1.27068E1 1.52753E1 1.83304E1 1.83304E1 1.83304E1 1.83304E1 1.83304E1 1.83304E1 1.83304E1 1.52753E1 1.52753E1 1.52753E1 1.83304E1 1.83304E1 1.83304E1 1.83304E1
4.73633E1 4.45612E1 4.73633E1 4.9173E1 5.02627E1 5.17805E1 5.12162E1 5.12162E1 5.31037E1 5.31037E1 5.2014E1 4.99903E1 4.80054E1 4.4172E1 4.4172E1 4.19342E1 3.90348E1 3.65246E1 3.65246E1 3.36836E1 3.36836E1 3.06091E1 3.06091E1 2.73399E1 2.73399E1 2.73399E1 2.4246E1 2.4246E1 2.4246E1 2.4246E1 2.4246E1 2.08601E1 2.08601E1 2.08601E1 2.08601E1 2.08601E1 2.08601E1 2.08601E1 2.08601E1 2.08601E1 2.4246E1 2.4246E1 2.4246E1 2.08601E1 2.08601E1 1.83304E1 1.52753E1 1.52753E1 1.52753E1 1.52753E1 1.52753E1 1.27068E1 1.27068E1 1.27068E1 1.27068E1 1.52753E1 1.52753E1 1.83304E1 1.52753E1 1.52753E1 1.52753E1 1.52753E1 1.52753E1 1.52753E1 1.52753E1 1.52753E1 1.52753E1 1.52753E1 1.52753E1 1.83304E1
4.45612E1 4.45612E1 4.73633E1 5.17805E1 5.30259E1 5.40183E1 5.17805E1 5.07297E1 5.2014E1 5.2014E1 4.99903E1 4.80054E1 4.60985E1 4.4172E1 4.19342E1 3.65246E1 3.36836E1 3.36836E1 3.06091E1 3.06091E1 3.06091E1 3.06091E1 3.06091E1 2.73399E1 2.73399E1 2.4246E1 2.4246E1 2.4246E1 2.4246E1 2.4246E1 2.4246E1 2.08601E1 2.08601E1 2.08601E1 1.83304E1 1.83304E1 1.83304E1 2.08601E1 2.08601E1 2.08601E1 2.08601E1 2.08601E1 2.08601E1 1.83304E1 1.83304E1 1.83304E1 1.52753E1 1.52753E1 1.27068E1 1.27068E1 1.27068E1 1.27068E1 1.01187E1 1.27068E1 1.27068E1 1.27068E1 1.52753E1 1.52753E1 1.52753E1 1.27068E1 1.27068E1 1.27068E1 1.52753E1 1.27068E1 1.27068E1 1.52753E1 1.52753E1 1.52753E1 1.52753E1 1.52753E1
4.73633E1 4.73633E1 5.03989E1 5.42129E1 5.51664E1 5.42907E1 5.42907E1 5.2014E1 4.99903E1 4.80054E1 4.60985E1 4.60985E1 4.4172E1 4.19342E1 3.90348E1 3.65246E1 3.06091E1 3.06091E1 3.06091E1 3.06091E1 3.06091E1 3.06091E1 3.06091E1 2.73399E1 2.4246E1 2.4246E1 2.08601E1 2.08601E1 2.08601E1 2.08601E1 2.08601E1 2.08601E1 1.83304E1 1.83304E1 1.83304E1 1.83304E1 1.83304E1 1.83304E1 1.83304E1 1.83304E1 1.83304E1 1.83304E1 1.83304E1 1.83304E1 1.52753E1 1.83304E1 1.52753E1 1.27068E1 1.27068E1 1.27068E1 1.01187E1 1.01187E1 1.01187E1 1.27068E1 1.27068E1 1.27068E1 1.27068E1 1.27068E1 1.27068E1 1.27068E1 1.01187E1 1.01187E1 1.27068E1 1.27068E1 1.27068E1 1.27068E1 1.27068E1 1.27068E1 1.27068E1 1.27068E1
4.73633E1 5.03989E1 5.50691E1 5.57307E1 5.42907E1 5.2014E1 5.2014E1 4.80054E1 4.60985E1 4.60985E1 4.4172E1 4.19342E1 4.19342E1 3.90348E1 3.65246E1 3.36836E1 3.06091E1 3.06091E1 2.73399E1 3.06091E1 3.06091E1 3.06091E1 3.06091E1 2.4246E1 2.08601E1 2.08601E1 1.83304E1 1.83304E1 2.08601E1 1.83304E1 1.83304E1 1.83304E1 1.83304E1 1.83304E1 1.52753E1 1.52753E1 1.52753E1 1.83304E1 1.52753E1 1.83304E1 1.83304E1 1.52753E1 1.52753E1 1.52753E1 1.52753E1 1.52753E1 1.52753E1 1.27068E1 1.01187E1 1.01187E1 1.27068E1 1.27068E1 1.27068E1 1.27068E1 1.27068E1 1.27068E1 1.27068E1 1.27068E1 1.01187E1 1.01187E1 1.01187E1 1.01187E1 1.01187E1 1.01187E1 1.01187E1 1.01187E1 1.01187E1 1.01187E1 1.01187E1 1.01187E1
5.03989E1 5.27535E1 5.50691E1 5.64312E1 5.64312E1 5.2014E1 4.99903E1 4.80054E1 4.60985E1 4.4172E1 4.19342E1 4.19342E1 3.90348E1 3.65246E1 3.65246E1 3.36836E1 3.06091E1 2.73399E1 2.73399E1 3.06091E1 3.06091E1 3.06091E1 2.73399E1 2.4246E1 2.08601E1 1.83304E1 1.83304E1 1.83304E1 1.83304E1 1.83304E1 1.83304E1 1.83304E1 1.83304E1 1.83304E1 1.52753E1 1.52753E1 1.52753E1 1.52753E1 1.52753E1 1.52753E1 1.52753E1 1.52753E1 1.52753E1 1.52753E1 1.52753E1 1.52753E1 1.27068E1 1.27068E1 1.01187E1 1.01187E1 1.27068E1 1.27068E1 1.27068E1 1.27068E1 1.27068E1 1.27068E1 1.27068E1 1.01187E1 1.01187E1 7.51119E0 7.51119E0 7.51119E0 7.51119E0 1.01187E1 1.01187E1 1.01187E1 1.01187E1 1.01187E1 7.51119E0 7.51119E0
5.03989E1 5.27535E1 5.42907E1 5.42907E1 5.42907E1 5.2014E1 4.99903E1 4.60985E1 4.4172E1 4.19342E1 3.90348E1 3.90348E1 3.90348E1 3.65246E1 3.65246E1 3.06091E1 3.06091E1 2.73399E1 2.73399E1 2.73399E1 2.73399E1 2.73399E1 2.4246E1 2.08601E1 2.08601E1 2.08601E1 1.83304E1 1.83304E1 1.83304E1 2.08601E1 2.08601E1 2.08601E1 2.08601E1 1.83304E1 1.52753E1 1.52753E1 1.52753E1 1.27068E1 1.52753E1 1.52753E1 1.52753E1 1.52753E1 1.52753E1 1.52753E1 1.27068E1 1.27068E1 1.27068E1 1.01187E1 1.01187E1 1.27068E1 1.27068E1 1.27068E1 1.27068E1 1.27068E1 1.27068E1 1.27068E1 1.01187E1 1.01187E1 7.51119E0 7.51119E0 7.51119E0 7.51119E0 7.51119E0 7.51119E0 7.51119E0 1.01187E1 1.01187E1 7.51119E0 7.51119E0 7.51119E0
4.45612E1 5.03989E1 5.2014E1 4.99903E1 4.99903E1 4.99903E1 4.80054E1 4.4172E1 4.19342E1 3.90348E1 3.90348E1 3.90348E1 3.65246E1 3.65246E1 3.36836E1 3.06091E1 2.73399E1 2.73399E1 2.73399E1 2.4246E1 2.4246E1 2.4246E1 2.08601E1 2.08601E1 1.83304E1 1.83304E1 1.83304E1 2.08601E1 2.08601E1 2.4246E1 2.4246E1 2.4246E1 2.08601E1 2.08601E1 1.83304E1 1.52753E1 1.52753E1 1.27068E1 1.27068E1 1.27068E1 1.27068E1 1.27068E1 1.52753E1 1.52753E1 1.52753E1 1.52753E1 1.27068E1 1.27068E1 1.27068E1 1.27068E1 1.27068E1 1.27068E1 1.27068E1 1.27068E1 1.27068E1 1.01187E1 1.01187E1 7.51119E0 7.51119E0 7.51119E0 5.05935E0 5.05935E0 5.05935E0 7.51119E0 7.51119E0 7.51119E0 1.01187E1 1.01187E1 7.51119E0 7.51119E0
4.18953E1 4.99903E1 4.80054E1 4.80054E1 4.80054E1 4.60985E1 4.4172E1 4.19342E1 3.90348E1 3.65246E1 3.65246E1 3.36836E1 3.36836E1 3.36836E1 3.06091E1 3.06091E1 2.73399E1 2.4246E1 2.4246E1 2.4246E1 2.08601E1 2.08601E1 1.83304E1 1.83304E1 1.83304E1 1.83304E1 1.83304E1 2.08601E1 2.08601E1 2.4246E1 2.4246E1 2.4246E1 2.41681E1 2.08601E1 1.83304E1 1.52753E1 1.52753E1 1.27068E1 1.27068E1 1.27068E1 1.27068E1 1.27068E1 1.27068E1 1.52753E1 1.52753E1 1.52753E1 1.52753E1 1.27068E1 1.52753E1 1.52753E1 1.52753E1 1.27068E1 1.27068E1 1.01187E1 1.01187E1 1.01187E1 1.01187E1 7.51119E0 7.51119E0 7.51119E0 5.05935E0 5.05935E0 5.05935E0 5.05935E0 7.51119E0 7.51119E0 1.01187E1 1.01187E1 1.01187E1 7.51119E0
3.97354E1 4.45612E1 4.60985E1 4.60985E1 4.4172E1 4.4172E1 4.19342E1 3.90348E1 3.90348E1 3.65246E1 3.36836E1 3.36836E1 3.06091E1 3.06091E1 3.06091E1 2.73399E1 2.4246E1 2.4246E1 2.08601E1 2.08601E1 1.83304E1 1.83304E1 1.83304E1 1.83304E1 1.83304E1 1.83304E1 1.83304E1 2.08601E1 2.4246E1 2.4246E1 2.4246E1 2.4246E1 2.24557E1 2.08601E1 1.83304E1 1.52753E1 1.27068E1 1.27068E1 1.27068E1 1.27068E1 1.27068E1 1.27068E1 1.27068E1 1.52753E1 1.52753E1 1.83304E1 1.52753E1 1.52753E1 1.52753E1 1.52753E1 1.52753E1 1.52753E1 1.27068E1 1.27068E1 1.01187E1 1.01187E1 1.01187E1 1.01187E1 7.51119E0 7.51119E0 5.05935E0 5.05935E0 5.05935E0 5.05935E0 7.51119E0 7.51119E0 1.01187E1 1.01187E1 1.01187E1 1.01187E1
4.18953E1 4.60985E1 4.60985E1 4.4172E1 4.19342E1 4.19342E1 3.90348E1 3.65246E1 3.65246E1 3.36836E1 3.36836E1 3.06091E1 3.06091E1 2.73399E1 2.73399E1 2.73399E1 2.4246E1 2.4246E1 2.08601E1 2.08601E1 1.83304E1 1.83304E1 1.83304E1 1.83304E1 1.83304E1 1.83304E1 1.83304E1 2.08601E1 2.4246E1 2.63086E1 2.4246E1 2.4246E1 2.08601E1 2.04125E1 1.83304E1 1.52753E1 1.52753E1 1.27068E1 1.27068E1 1.27068E1 1.27068E1 1.27068E1 1.27068E1 1.52753E1 1.52753E1 1.83304E1 1.83304E1 1.52753E1 1.52753E1 1.52753E1 1.52753E1 1.27068E1 1.27068E1 1.27068E1 1.01187E1 1.01187E1 1.01187E1 1.01187E1 1.01187E1 7.51119E0 7.51119E0 7.51119E0 7.51119E0 7.51119E0 7.51119E0 7.51119E0 1.01187E1 1.01187E1 1.27068E1 1.27068E1
4.71687E1 4.50671E1 4.39969E1 4.32185E1 4.19342E1 3.90348E1 3.65246E1 3.65246E1 3.36836E1 3.36836E1 3.06091E1 3.06091E1 3.06091E1 3.06091E1 2.73399E1 2.73399E1 2.4246E1 2.4246E1 2.08601E1 2.08601E1 1.83304E1 1.83304E1 1.83304E1 2.08601E1 2.08601E1 2.08601E1 2.08601E1 2.41681E1 2.4246E1 2.4246E1 2.4246E1 2.08601E1 2.08601E1 1.83304E1 1.83304E1 1.52753E1 1.52753E1 1.27068E1 1.27068E1 1.27068E1 1.27068E1 1.27068E1 1.52753E1 1.52753E1 1.83304E1 1.83304E1 1.52753E1 1.52753E1 1.52753E1 1.52753E1 1.52753E1 1.27068E1 1.27068E1 1.27068E1 1.27068E1 1.27068E1 1.01187E1 1.01187E1 1.01187E1 1.01187E1 1.01187E1 1.01187E1 7.51119E0 1.01187E1 7.51119E0 1.01187E1 1.01187E1 1.01187E1 1.27068E1 1.27068E1
4.56704E1 4.39969E1 4.29461E1 4.13699E1 4.1798E1 3.90348E1 3.65246E1 3.36836E1 3.36836E1 3.36836E1 3.06091E1 3.06091E1 3.06091E1 3.06091E1 2.73399E1 2.73399E1 2.4246E1 2.4246E1 2.08601E1 2.08601E1 2.08601E1 2.08601E1 2.04125E1 2.29033E1 2.05293E1 2.05293E1 2.29033E1 2.17747E1 2.4246E1 2.4246E1 2.08601E1 2.08601E1 2.08601E1 2.08601E1 2.08601E1 1.83304E1 1.52753E1 1.52753E1 1.27068E1 1.27068E1 1.52753E1 1.52753E1 1.83304E1 1.83304E1 1.83304E1 1.83304E1 1.52753E1 1.52753E1 1.27068E1 1.52753E1 1.27068E1 1.27068E1 1.27068E1 1.27068E1 1.27068E1 1.27068E1 1.27068E1 1.27068E1 1.27068E1 1.27068E1 1.27068E1 1.27068E1 1.27068E1 1.27068E1 1.27068E1 1.27068E1 1.27068E1 1.27068E1 1.27068E1 1.27068E1
3.97354E1 4.45612E1 4.13699E1 3.8023E1 3.65246E1 3.64468E1 3.36836E1 3.36836E1 3.24966E1 3.20101E1 3.06091E1 3.06091E1 3.06091E1 3.06091E1 2.97529E1 2.63475E1 2.42849E1 2.33314E1 2.35065E1 2.4246E1 2.4246E1 2.08601E1 1.96731E1 1.9245E1 1.77661E1 1.9245E1 1.9245E1 1.9245E1 2.05293E1 2.4246E1 2.4246E1 2.4246E1 2.4246E1 2.4246E1 2.08601E1 1.83304E1 1.83304E1 1.52753E1 1.52753E1 1.52753E1 1.52753E1 1.78829E1 1.83304E1 1.96731E1 1.83304E1 1.83304E1 1.83304E1 1.52753E1 1.52753E1 1.27068E1 1.52753E1 1.52753E1 1.52753E1 1.27068E1 1.27068E1 1.27068E1 1.27068E1 1.27068E1 1.27068E1 1.51781E1 1.45748E1 1.27068E1 1.52753E1 1.52753E1 1.52753E1 1.52753E1 1.27068E1 1.27068E1 1.27068E1 1.27068E1
3.53182E1 4.45612E1 3.98327E1 3.57657E1 3.36836E1 3.36836E1 3.29636E1 3.06091E1 3.06091E1 3.04145E1 2.97529E1 2.80599E1 2.7087E1 2.60557E1 2.50243E1 2.27671E1 2.0432E1 2.07044E1 2.1872E1 2.4246E1 2.41681E1 1.87585E1 1.77661E1 1.67931E1 1.67931E1 1.67931E1 1.67931E1 1.77661E1 1.9245E1 2.63475E1 2.4246E1 2.73399E1 2.71648E1 2.63086E1 2.4246E1 2.08601E1 1.83304E1 1.83304E1 1.83304E1 1.78829E1 1.71045E1 1.78829E1 1.78829E1 1.87585E1 1.87585E1 1.78829E1 1.71045E1 1.52753E1 1.52753E1 1.52753E1 1.52753E1 1.52753E1 1.52753E1 1.27068E1 1.27068E1 1.52753E1 1.52753E1 1.41078E1 1.41078E1 1.45748E1 1.41078E1 1.52753E1 1.65596E1 1.73964E1 1.52753E1 1.81747E1 1.52753E1 1.27068E1 1.01187E1 1.01187E1
3.3236E1 3.53182E1 3.53182E1 3.53182E1 3.36836E1 3.3489E1 3.06091E1 2.73399E1 3.01226E1 2.89356E1 2.77875E1 2.60557E1 2.45768E1 2.302E1 2.12687E1 2.12687E1 2.07044E1 2.07044E1 2.07044E1 2.15801E1 2.04125E1 1.71045E1 1.67931E1 1.67931E1 1.55867E1 1.67931E1 1.67931E1 1.67931E1 1.77661E1 2.73399E1 2.73399E1 2.73399E1 2.71648E1 2.71648E1 2.7087E1 2.4246E1 2.08601E1 2.08601E1 2.08601E1 1.83304E1 1.87585E1 1.87585E1 1.78829E1 1.71045E1 1.65596E1 1.58202E1 1.51781E1 1.51781E1 1.65596E1 1.52753E1 1.52753E1 1.52753E1 1.45748E1 1.41078E1 1.51781E1 1.51781E1 1.29792E1 1.24927E1 1.45748E1 1.37575E1 1.58202E1 1.58202E1 1.51781E1 1.52753E1 1.52753E1 1.52753E1 1.27068E1 7.51119E0 2.97723E0 1.45943E0
1.89142E1 2.24557E1 2.50243E1 2.50243E1 2.374E1 2.6367E1 2.95583E1 2.73399E1 2.73399E1 2.73399E1 2.60557E1 2.45768E1 2.302E1 2.24752E1 2.1872E1 2.0432E1 1.97315E1 1.97315E1 2.10158E1 1.96731E1 1.78829E1 1.71045E1 1.55867E1 1.55867E1 1.67931E1 1.67931E1 1.55867E1 1.67931E1 2.53746E1 2.71648E1 2.80599E1 2.71648E1 2.63086E1 2.63086E1 2.60557E1 2.4246E1 2.4246E1 2.33119E1 2.04125E1 1.96731E1 1.96731E1 1.96731E1 1.87585E1 1.78829E1 1.65596E1 1.45748E1 1.37575E1 1.37575E1 1.41078E1 1.45748E1 1.45748E1 1.41078E1 1.41078E1 1.41078E1 1.29792E1 1.12473E1 1.17143E1 1.29792E1 1.33684E1 1.51781E1 1.58202E1 1.51781E1 1.45748E1 1.51781E1 1.52753E1 1.01187E1 1.01187E1 7.51119E0 7.51119E0 5.05935E0
1.89142E1 1.89142E1 1.89142E1 2.374E1 2.50243E1 2.6367E1 2.78653E1 2.73399E1 2.73399E1 2.60557E1 2.45768E1 2.32146E1 2.32146E1 2.17747E1 2.29033E1 2.24557E1 2.04125E1 1.87585E1 1.71045E1 1.65596E1 1.71045E1 1.67931E1 1.67931E1 1.67931E1 1.67931E1 1.77661E1 1.67931E1 2.33119E1 2.53746E1 2.71648E1 2.71648E1 2.63086E1 2.53746E1 2.41681E1 2.41681E1 2.38179E1 2.41681E1 2.14439E1 2.04125E1 1.96731E1 1.96731E1 1.87585E1 1.87585E1 1.71045E1 1.65596E1 1.45748E1 1.37575E1 1.41078E1 1.45748E1 1.51781E1 1.51781E1 1.45748E1 1.41078E1 1.41078E1 1.21035E1 1.09554E1 1.17143E1 1.33684E1 1.33684E1 1.65596E1 1.51781E1 1.45748E1 1.27068E1 1.27068E1 1.21035E1 7.51119E0 7.51119E0 7.51119E0 2.97723E0 5.05935E0
2.24557E1 2.50243E1 1.89142E1 2.6367E1 2.50243E1 2.50243E1 2.78653E1 3.06091E1 2.73399E1 2.57443E1 2.33314E1 2.302E1 2.10158E1 2.24557E1 1.77661E1 1.9245E1 1.96731E1 1.78829E1 1.71045E1 1.67931E1 1.55867E1 1.67931E1 1.67931E1 1.67931E1 1.77661E1 1.87585E1 1.96731E1 2.24557E1 2.41681E1 2.63086E1 2.63086E1 2.41681E1 2.24557E1 2.24557E1 2.14439E1 2.14439E1 2.14439E1 2.04125E1 2.14439E1 1.96731E1 1.87585E1 1.87585E1 1.78829E1 1.78829E1 1.78829E1 1.58202E1 1.45748E1 1.45748E1 1.51781E1 1.58202E1 1.58202E1 1.51781E1 1.41078E1 1.24927E1 1.21035E1 1.29792E1 1.45748E1 1.37575E1 1.71045E1 1.58202E1 1.41078E1 1.27068E1 1.24927E1 1.20062E1 1.19089E1 1.26095E1 1.01187E1 7.51119E0 2.97723E0 5.05935E0
2.06655E1 1.89142E1 2.374E1 3.3236E1 3.76143E1 2.78653E1 3.26523E1 2.77875E1 2.38179E1 2.15801E1 1.9245E1 1.8525E1 1.82331E1 1.97315E1 1.77661E1 1.55867E1 1.67931E1 1.77661E1 1.77661E1 1.67931E1 1.55867E1 2.24557E1 2.24557E1 2.24557E1 2.04125E1 1.96731E1 2.04125E1 2.14439E1 2.24557E1 2.33119E1 2.33119E1 2.24557E1 2.04125E1 1.87585E1 1.87585E1 1.87585E1 1.96731E1 1.96731E1 2.04125E1 1.87585E1 1.87585E1 1.87585E1 1.96731E1 2.04125E1 1.96731E1 1.71045E1 1.58202E1 1.51781E1 1.45748E1 1.51781E1 1.58202E1 1.51781E1 1.37575E1 1.33684E1 1.45748E1 1.51781E1 1.37575E1 1.41078E1 1.65596E1 1.45748E1 1.37575E1 1.27068E1 9.67114E0 1.12473E1 1.13835E1 1.01187E1 9.67114E0 7.51119E0 5.05935E0 5.05935E0
2.95583E1 3.01226E1 3.04145E1 3.0862E1 3.10177E1 2.89356E1 2.42849E1 2.0432E1 1.78829E1 1.72212E1 1.54116E1 1.44581E1 1.54116E1 1.72212E1 1.87585E1 1.67931E1 1.44775E1 1.55867E1 1.67931E1 1.55867E1 2.41681E1 2.53746E1 2.53746E1 2.41681E1 2.33119E1 2.24557E1 2.24557E1 2.33119E1 2.33119E1 2.04125E1 2.14439E1 2.04125E1 1.87585E1 1.71045E1 1.71045E1 1.78829E1 1.78829E1 1.87585E1 1.96731E1 1.87585E1 1.78829E1 1.87585E1 1.96731E1 2.14244E1 2.14439E1 1.87585E1 1.65596E1 1.58202E1 1.58202E1 1.65596E1 1.65596E1 1.71045E1 1.58202E1 1.71045E1 1.78829E1 1.45748E1 1.45748E1 1.41078E1 1.51781E1 1.41078E1 1.41078E1 1.27068E1 1.07414E1 1.00019E1 9.14575E0 8.65927E0 7.51119E0 7.49173E0 7.51119E0 7.49173E0
2.87994E1 2.50243E1 2.33314E1 2.27671E1 1.9245E1 1.8058E1 1.63651E1 1.57034E1 1.54116E1 1.48278E1 1.43997E1 1.38354E1 1.43024E1 1.55867E1 1.77272E1 1.77661E1 1.55867E1 1.55867E1 2.4246E1 2.53746E1 2.7087E1 2.67756E1 2.7087E1 2.71648E1 2.63086E1 2.53746E1 2.41681E1 2.41681E1 2.33119E1 2.04125E1 1.87585E1 1.78829E1 1.78829E1 1.71045E1 1.71045E1 1.78829E1 1.87585E1 1.96731E1 2.04125E1 1.87585E1 1.71045E1 1.71045E1 1.78829E1 1.78829E1 1.87585E1 1.71045E1 1.65596E1 1.65596E1 1.71045E1 1.87585E1 1.87585E1 1.96731E1 1.88753E1 1.9245E1 1.64818E1 1.58591E1 1.52753E1 1.51781E1 1.58202E1 1.51781E1 1.58202E1 1.45748E1 1.17143E1 1.00019E1 9.02899E0 9.45709E0 9.45709E0 9.02899E0 9.02899E0 7.51119E0
2.67756E1 2.302E1 2.07044E1 1.82331E1 1.58591E1 1.41273E1 1.2804E1 1.29792E1 1.31543E1 1.33294E1 1.38938E1 1.4244E1 1.44581E1 1.51391E1 1.72212E1 1.77661E1 1.67931E1 1.44775E1 2.33119E1 2.53746E1 2.63086E1 2.74567E1 2.74567E1 2.80599E1 2.80599E1 2.71648E1 2.63086E1 2.53746E1 2.41681E1 2.14439E1 2.04125E1 1.96731E1 1.87585E1 1.78829E1 1.87585E1 1.96731E1 2.04125E1 2.24557E1 2.04125E1 1.78829E1 1.65596E1 1.58202E1 1.58202E1 1.58202E1 1.58202E1 1.58202E1 1.51781E1 1.65596E1 1.71045E1 1.78829E1 1.82331E1 1.9245E1 2.00623E1 1.8058E1 1.73575E1 1.72212E1 1.72212E1 1.88753E1 1.8525E1 1.87585E1 1.78829E1 1.71045E1 1.24927E1 1.12473E1 1.07414E1 1.07414E1 1.07414E1 1.0216E1 1.01187E1 1.09554E1
2.55108E1 2.27671E1 1.97315E1 1.73575E1 1.59953E1 1.43997E1 1.31932E1 1.31932E1 1.34851E1 1.41273E1 1.43997E1 1.51391E1 1.57034E1 1.57034E1 1.73575E1 1.52753E1 1.67931E1 1.44775E1 2.14439E1 2.33119E1 2.4246E1 2.71648E1 2.80599E1 2.89356E1 2.89745E1 2.89745E1 2.80599E1 2.71648E1 2.41681E1 2.33119E1 2.14439E1 2.04125E1 2.04125E1 2.04125E1 2.04125E1 2.14439E1 2.24557E1 2.33119E1 1.96731E1 1.71045E1 1.58202E1 1.51781E1 1.51781E1 1.45748E1 1.45748E1 1.45748E1 1.51781E1 1.51781E1 1.65596E1 1.73575E1 1.8058E1 1.9459E1 1.9245E1 1.88753E1 1.9245E1 1.82331E1 2.0432E1 2.00623E1 2.00623E1 2.10158E1 2.14439E1 1.87585E1 1.41078E1 1.24927E1 1.17143E1 1.13835E1 1.12473E1 1.12473E1 1.12473E1 1.21035E1
