_episodes_rmd/output/experiment_big/species_big_extent.asc
ncols         660
nrows         720
xllcorner     -130.0
yllcorner     -60.0
cellsize      0.166666666666667
NODATA_value  -9999
[rows 589 to 619 of 720, columns 345 to 413 of 660]
4.02748E-2 4.14535E-2 1.78775E-2 2.16646E-2 1.80149E-2 1.62171E-2 1.30825E-2 1.23636E-2 2.39854E-3 1.82554E-3 2.1388E-3 4.85233E-3 9.52743E-4 7.74465E-4 1.63557E-3 1.49474E-3 1.11278E-3 1.70282E-3 1.31885E-3 8.70733E-4 1.93199E-3 2.42441E-3 2.15552E-3 2.177E-3 2.04994E-3 1.67792E-3 1.941E-3 1.98084E-3 2.05655E-3 2.39818E-3 2.46002E-3 2.49382E-3 2.99142E-3 2.65555E-3 2.75763E-3 4.18669E-3 4.44731E-3 1.60702E-2 1.75178E-2 1.79011E-2 1.69289E-2 1.71452E-2 1.48375E-2 1.51322E-2 1.54501E-2 1.9288E-2 2.35513E-2 5.56805E-2 5.67301E-2 6.33963E-2 6.55564E-2 7.17645E-2 9.746E-2 9.68992E-2 9.57783E-2 9.16891E-2 9.31217E-2 9.38283E-2 1.0206E-1 1.00888E-1 8.96235E-2 8.97439E-2 8.88271E-2 8.31528E-2 7.15042E-2 6.05915E-2 8.16062E-2 6.06127E-2 6.94168E-2
5.69161E-2 4.08576E-2 4.44401E-2 2.1152E-2 1.86862E-2 1.40872E-2 1.37573E-2 1.49959E-2 2.34371E-3 1.79114E-3 2.07286E-3 4.3625E-3 9.28373E-4 7.34325E-4 1.63403E-3 1.84245E-3 1.80472E-3 1.77274E-3 1.35973E-3 8.79994E-4 8.82619E-4 7.48091E-4 1.28307E-3 2.17991E-3 2.17271E-3 2.08278E-3 1.72374E-3 1.73384E-3 1.97181E-3 2.03082E-3 2.03982E-3 2.48216E-3 2.5666E-3 3.09369E-3 3.19394E-3 3.36843E-3 4.37717E-3 4.47498E-3 4.75223E-3 5.00691E-3 5.17089E-3 1.69997E-2 1.67242E-2 1.74209E-2 2.18792E-2 2.20587E-2 1.97145E-2 2.3279E-2 2.37797E-2 6.07621E-2 6.83217E-2 7.00099E-2 7.04923E-2 9.37679E-2 9.68303E-2 1.02412E-1 9.72859E-2 1.06249E-1 1.00878E-1 1.02474E-1 1.0211E-1 9.91411E-2 9.74992E-2 7.19657E-2 7.64992E-2 7.10797E-2 7.0571E-2 7.01736E-2 6.98662E-2
1.51769E-1 5.12563E-2 4.68568E-2 1.81079E-2 1.60692E-2 1.32647E-2 1.32624E-2 1.0844E-2 2.5972E-3 1.74354E-3 1.70739E-3 4.90468E-3 1.98802E-3 7.74678E-4 8.43131E-4 1.95179E-3 1.89203E-3 1.77109E-3 8.66633E-4 8.62873E-4 8.69031E-4 7.42384E-4 1.08961E-3 2.15232E-3 2.4825E-3 2.26152E-3 2.18649E-3 1.73444E-3 2.04852E-3 2.00298E-3 2.05449E-3 2.13442E-3 2.52088E-3 3.04406E-3 3.25097E-3 3.42644E-3 3.50426E-3 3.61394E-3 3.7366E-3 5.02038E-3 4.84397E-3 4.86578E-3 4.9989E-3 5.06211E-3 6.25018E-3 2.17174E-2 2.22494E-2 2.23663E-2 2.55759E-2 2.85841E-2 6.54771E-2 6.56488E-2 6.71883E-2 6.94954E-2 9.26367E-2 9.47693E-2 9.9345E-2 1.05157E-1 1.06445E-1 1.08353E-1 1.08703E-1 1.0632E-1 8.41293E-2 8.42199E-2 7.89886E-2 7.51304E-2 7.50407E-2 7.40535E-2 7.34375E-2
1.55005E-1 6.11366E-2 1.83334E-2 1.65763E-2 1.22594E-2 1.41599E-2 1.04689E-2 9.90665E-3 2.2307E-3 1.84162E-3 1.36352E-3 1.14873E-3 3.70283E-4 9.85942E-4 2.05283E-3 1.91065E-3 1.80479E-3 1.73449E-3 1.33585E-3 8.46847E-4 8.5478E-4 7.42107E-4 1.69603E-3 1.43444E-3 1.68698E-3 2.29891E-3 2.2225E-3 1.75783E-3 1.7256E-3 1.69464E-3 2.03638E-3 2.12921E-3 2.20583E-3 2.71838E-3 3.34807E-3 3.59779E-3 3.63894E-3 3.67565E-3 3.718E-3 3.74567E-3 3.78019E-3 3.78935E-3 3.79006E-3 3.90253E-3 4.83804E-3 5.10357E-3 6.43351E-3 2.41016E-2 2.4627E-2 2.67794E-2 2.72625E-2 6.23598E-2 6.32635E-2 6.47653E-2 6.68856E-2 8.9623E-2 7.45882E-2 7.86545E-2 8.49998E-2 8.85643E-2 9.20944E-2 9.1909E-2 8.77004E-2 8.63141E-2 8.63793E-2 8.0966E-2 9.70779E-2 9.72071E-2 9.66663E-2
1.75376E-1 7.20259E-2 5.55377E-2 1.77397E-2 1.52171E-2 1.30335E-2 9.94493E-3 2.65006E-3 2.13953E-3 1.66729E-3 1.46727E-3 1.19462E-3 3.18024E-4 2.82541E-4 8.4567E-4 7.98579E-4 1.77025E-3 1.66267E-3 1.59298E-3 1.02941E-3 8.53566E-4 7.33871E-4 7.45659E-4 1.43689E-3 1.47354E-3 1.52568E-3 1.48832E-3 1.38055E-3 1.13619E-3 2.00155E-3 2.08514E-3 2.19332E-3 2.64496E-3 2.80062E-3 3.39926E-3 3.63344E-3 3.6587E-3 3.65592E-3 3.6549E-3 3.70089E-3 3.65421E-3 3.72551E-3 3.78556E-3 4.65929E-3 4.71349E-3 4.91604E-3 5.33946E-3 5.34097E-3 5.40603E-3 5.40222E-3 1.90697E-2 1.93123E-2 2.50427E-2 5.87444E-2 5.05263E-2 5.2888E-2 5.40799E-2 7.33151E-2 7.5645E-2 8.18473E-2 8.5626E-2 8.58332E-2 8.62315E-2 8.62669E-2 8.51292E-2 1.03113E-1 1.03232E-1 1.03424E-1 1.04018E-1
8.0367E-2 7.86606E-2 2.16908E-2 1.66151E-2 1.35097E-2 1.04433E-2 9.04508E-3 2.19985E-3 1.95648E-3 1.88283E-3 1.34815E-3 9.77269E-4 2.79912E-4 2.53241E-4 7.88445E-4 7.72203E-4 7.00645E-4 1.67066E-3 1.59468E-3 1.28832E-3 8.53185E-4 7.09653E-4 7.15559E-4 1.39854E-3 1.44469E-3 1.51948E-3 1.4943E-3 1.19626E-3 1.18318E-3 1.37503E-3 2.14591E-3 2.56012E-3 3.79743E-3 4.19887E-3 4.15278E-3 4.1847E-3 4.17061E-3 4.01591E-3 3.65386E-3 3.53325E-3 3.59465E-3 3.60452E-3 3.62336E-3 4.49662E-3 4.71242E-3 4.70459E-3 4.73265E-3 4.79856E-3 4.79475E-3 5.24544E-3 5.2606E-3 5.42811E-3 2.05287E-2 2.11758E-2 4.91188E-2 5.0373E-2 5.12279E-2 5.29436E-2 7.1045E-2 7.34861E-2 7.54445E-2 8.17361E-2 8.58393E-2 8.50373E-2 1.03612E-1 1.02494E-1 1.0479E-1 1.03447E-1 1.03674E-1
1.03716E-1 8.88006E-2 8.25754E-2 1.76141E-2 1.46597E-2 9.90397E-3 9.12458E-3 1.8364E-3 1.70099E-3 1.75732E-3 1.28837E-3 6.82679E-4 2.58751E-4 2.73169E-4 9.0186E-4 8.24071E-4 1.86858E-3 1.78087E-3 1.69809E-3 1.3154E-3 1.32232E-3 1.31111E-3 8.36399E-4 1.3668E-3 2.25203E-3 2.35721E-3 2.35691E-3 1.52292E-3 1.47804E-3 1.85E-3 2.18118E-3 2.73655E-3 3.38615E-3 4.28405E-3 4.665E-3 4.60313E-3 4.52531E-3 4.94082E-3 4.0481E-3 3.45971E-3 3.9578E-3 3.44418E-3 4.30968E-3 4.45102E-3 4.59381E-3 4.56463E-3 4.965E-3 4.61615E-3 5.05192E-3 5.13638E-3 5.16632E-3 5.24181E-3 5.40103E-3 5.525E-3 2.09113E-2 4.78317E-2 4.90227E-2 5.06029E-2 5.17938E-2 5.30646E-2 7.23047E-2 7.43664E-2 7.80443E-2 8.00624E-2 -9999 -9999 -9999 -9999 -9999
1.06731E-1 3.79571E-2 2.22305E-2 1.05374E-2 1.3257E-2 1.12637E-2 2.54823E-3 2.12927E-3 1.77166E-3 1.61615E-3 1.0881E-3 3.01534E-4 2.74083E-4 2.76165E-4 8.74971E-4 2.10828E-3 1.97062E-3 1.81937E-3 1.77862E-3 1.11668E-3 8.33658E-4 8.55808E-4 1.65681E-3 2.16134E-3 8.98079E-4 2.24064E-3 2.32628E-3 1.53597E-3 1.53553E-3 1.55607E-3 3.20645E-3 3.29634E-3 3.44276E-3 4.26932E-3 4.45202E-3 4.50173E-3 4.46691E-3 3.81125E-3 3.80557E-3 4.1747E-3 4.17752E-3 4.80574E-3 4.44995E-3 4.43883E-3 4.476E-3 4.45084E-3 4.4844E-3 4.53006E-3 4.54737E-3 4.99898E-3 5.07696E-3 5.1397E-3 5.29834E-3 5.3546E-3 5.47143E-3 5.5872E-3 2.08198E-2 4.90325E-2 4.87797E-2 5.12433E-2 4.99652E-2 6.9575E-2 6.7095E-2 -9999 -9999 -9999 -9999 -9999 -9999
1.14635E-1 8.67454E-2 2.22191E-2 1.68587E-2 9.26632E-3 7.43807E-3 2.18556E-3 2.02395E-3 1.81411E-3 1.51108E-3 8.30134E-4 3.38298E-4 2.85516E-4 2.9125E-4 8.53E-4 8.92762E-4 1.99509E-3 1.95577E-3 1.8272E-3 1.09005E-3 1.67708E-3 1.34838E-3 1.38569E-3 1.1426E-3 9.29673E-4 2.27081E-3 2.33917E-3 2.38621E-3 2.27724E-3 2.38312E-3 2.43589E-3 3.95402E-3 4.19757E-3 4.33077E-3 4.44278E-3 4.46573E-3 3.79767E-3 3.81555E-3 3.81226E-3 4.08361E-3 4.18372E-3 4.24283E-3 4.09607E-3 3.74919E-3 4.7513E-3 4.36737E-3 4.39605E-3 4.42872E-3 4.49693E-3 4.56558E-3 4.5803E-3 5.03586E-3 5.16957E-3 5.23623E-3 5.30546E-3 5.40962E-3 5.83694E-3 5.97528E-3 1.64801E-2 1.36779E-2 4.84774E-2 5.06829E-2 6.39848E-2 -9999 -9999 -9999 -9999 -9999 -9999
1.02864E-1 2.27098E-2 1.94563E-2 1.80712E-2 1.0776E-2 8.97723E-3 1.9395E-3 1.88868E-3 1.84575E-3 1.63358E-3 9.60246E-4 3.72804E-4 2.97732E-4 2.67538E-4 9.45071E-4 2.21407E-3 2.08648E-3 1.97733E-3 1.85506E-3 1.79416E-3 1.36555E-3 1.36877E-3 1.38829E-3 8.95533E-4 2.25138E-3 2.27789E-3 2.38267E-3 3.55457E-3 2.26465E-3 2.34051E-3 2.41484E-3 2.89011E-3 3.46086E-3 4.00808E-3 4.14562E-3 3.67703E-3 3.68249E-3 3.61651E-3 3.68767E-3 3.6967E-3 3.97931E-3 4.0782E-3 4.06572E-3 4.00283E-3 3.95648E-3 4.69497E-3 4.68552E-3 4.69163E-3 4.68602E-3 4.74637E-3 4.8564E-3 4.95109E-3 5.03544E-3 5.12816E-3 5.21875E-3 5.31005E-3 5.41137E-3 5.53593E-3 5.54605E-3 1.33874E-2 4.7435E-2 4.59148E-2 4.67208E-2 -9999 -9999 -9999 -9999 -9999 -9999
2.11394E-2 1.93713E-2 1.76575E-2 1.80233E-2 1.34777E-2 7.08821E-3 1.76046E-3 1.83629E-3 1.82827E-3 1.66694E-3 9.90561E-4 3.10753E-4 3.45926E-4 3.04974E-4 9.7948E-4 2.25286E-3 2.21434E-3 1.99299E-3 7.82764E-4 7.55927E-4 7.15556E-4 5.83329E-4 1.37129E-3 8.97022E-4 9.42121E-4 2.26565E-3 3.29732E-3 3.45985E-3 3.53602E-3 2.31913E-3 2.3998E-3 2.47012E-3 2.94834E-3 3.49792E-3 3.90542E-3 3.61295E-3 3.57087E-3 3.55494E-3 3.63131E-3 3.61627E-3 3.60467E-3 3.63023E-3 3.91665E-3 3.95114E-3 3.93708E-3 3.94576E-3 4.57696E-3 4.60783E-3 4.50961E-3 4.58477E-3 4.71078E-3 4.82261E-3 4.90192E-3 5.04087E-3 5.08889E-3 5.19733E-3 5.32015E-3 5.40899E-3 5.56054E-3 5.69967E-3 1.2703E-2 4.50514E-2 4.58221E-2 -9999 -9999 -9999 -9999 -9999 -9999
6.7218E-2 1.99748E-2 1.61487E-2 1.56097E-2 1.21735E-2 1.10835E-2 2.20853E-3 1.83996E-3 1.87466E-3 1.84894E-3 1.5826E-3 8.28538E-4 3.36506E-4 1.05102E-3 1.01511E-3 9.14371E-4 8.01944E-4 7.38898E-4 7.20372E-4 2.31209E-4 5.29066E-4 5.29941E-4 5.6631E-4 2.87675E-4 8.57205E-4 9.3747E-4 1.40775E-3 3.42874E-3 3.54859E-3 3.62154E-3 2.38457E-3 2.43232E-3 2.4847E-3 2.91324E-3 2.99076E-3 3.4932E-3 3.50715E-3 3.52737E-3 3.5575E-3 3.60492E-3 3.58906E-3 3.56E-3 3.57917E-3 3.84785E-3 3.90223E-3 3.89107E-3 4.59517E-3 4.47791E-3 4.38906E-3 4.54219E-3 4.6502E-3 4.77915E-3 4.83379E-3 4.90228E-3 4.98686E-3 5.10805E-3 5.21531E-3 4.98452E-3 5.12535E-3 5.17705E-3 1.24692E-2 4.39394E-2 8.41145E-2 -9999 -9999 -9999 -9999 -9999 -9999
1.86677E-1 7.06355E-2 6.11269E-2 1.44805E-2 1.00002E-2 1.04123E-2 2.51597E-3 1.35397E-3 1.59634E-3 1.72307E-3 1.75796E-3 1.07416E-3 3.16781E-4 3.17326E-4 9.8921E-4 2.81199E-4 2.50056E-4 2.14702E-4 2.07148E-4 2.08504E-4 1.62063E-4 1.62774E-4 1.72346E-4 1.45657E-4 2.9077E-4 8.85448E-4 1.35998E-3 1.42E-3 3.48046E-3 3.56549E-3 3.67456E-3 2.39135E-3 2.40571E-3 2.47955E-3 2.50995E-3 2.96605E-3 3.46256E-3 3.45513E-3 3.47997E-3 3.46842E-3 4.58334E-3 4.07825E-3 4.03464E-3 4.02275E-3 3.77551E-3 3.78723E-3 3.80123E-3 3.76903E-3 4.41253E-3 4.41048E-3 4.60125E-3 4.64025E-3 4.73444E-3 4.8618E-3 4.59202E-3 4.70624E-3 4.72936E-3 4.89521E-3 4.97112E-3 5.13727E-3 1.23251E-2 1.96066E-2 8.35221E-2 -9999 -9999 -9999 -9999 -9999 -9999
1.76228E-2 1.52999E-2 1.66481E-2 1.48445E-2 1.09475E-2 9.85334E-3 2.20673E-3 2.10814E-3 1.66846E-3 1.75167E-3 1.89568E-3 1.07676E-3 3.46057E-4 3.65813E-4 1.00736E-3 2.39498E-4 2.10729E-4 1.94189E-4 1.84261E-4 1.79668E-4 1.50397E-4 1.51462E-4 1.49679E-4 1.61501E-4 1.4674E-4 1.47319E-4 1.23993E-3 1.36023E-3 1.4354E-3 3.63597E-3 3.62202E-3 2.34152E-3 2.3818E-3 2.43883E-3 2.49687E-3 2.93537E-3 3.40884E-3 3.73718E-3 3.73158E-3 3.46293E-3 3.70038E-3 4.00884E-3 4.04366E-3 4.06208E-3 4.04797E-3 3.89084E-3 3.78415E-3 3.78689E-3 3.83559E-3 3.8763E-3 3.66026E-3 3.95381E-3 3.97777E-3 4.04237E-3 4.50804E-3 4.55372E-3 4.69069E-3 4.788E-3 4.89984E-3 5.03796E-3 8.24687E-3 2.45507E-2 2.47153E-2 -9999 -9999 -9999 -9999 -9999 -9999
1.88526E-2 1.51982E-2 1.23922E-2 1.20056E-2 1.28409E-2 9.71654E-3 8.61827E-3 1.98677E-3 1.62716E-3 1.8641E-3 1.83198E-3 1.51597E-3 9.65929E-4 3.74587E-4 2.86257E-4 2.0831E-4 1.93846E-4 1.87802E-4 1.93036E-4 1.90104E-4 1.96386E-4 1.44856E-4 1.43936E-4 1.35311E-4 1.4378E-4 1.48712E-4 4.21859E-4 1.40118E-3 1.46043E-3 3.60462E-3 3.61041E-3 3.6401E-3 2.34948E-3 2.38691E-3 2.46929E-3 2.90815E-3 2.87731E-3 3.36661E-3 3.38494E-3 3.3853E-3 3.80204E-3 3.43128E-3 3.6838E-3 3.90239E-3 3.94893E-3 3.93213E-3 3.96663E-3 3.73284E-3 3.78621E-3 3.81951E-3 3.85738E-3 3.86161E-3 3.93846E-3 3.97092E-3 4.02893E-3 3.81E-3 4.59442E-3 4.72553E-3 4.84568E-3 7.89143E-3 1.02154E-2 3.06864E-2 -9999 -9999 -9999 -9999 -9999 -9999 -9999
6.04882E-2 1.58863E-2 1.3058E-2 1.06094E-2 1.45206E-2 9.94964E-3 1.9546E-3 2.19083E-3 2.05086E-3 1.43891E-3 1.53018E-3 9.04955E-4 3.49876E-4 3.68774E-4 2.65906E-4 2.00334E-4 2.09347E-4 2.13293E-4 2.12482E-4 2.08544E-4 1.49188E-4 1.4106E-4 1.40891E-4 1.631E-4 1.48098E-4 3.01072E-4 1.29553E-3 1.38914E-3 1.42942E-3 1.46155E-3 3.53792E-3 3.59593E-3 3.67671E-3 3.75124E-3 2.36745E-3 2.41863E-3 2.44356E-3 2.84767E-3 3.35045E-3 3.34558E-3 3.3651E-3 3.36663E-3 3.387E-3 4.12328E-3 3.81582E-3 3.80067E-3 3.81865E-3 4.40146E-3 3.71868E-3 3.77412E-3 3.79744E-3 3.57768E-3 3.59216E-3 3.65025E-3 3.71777E-3 3.76159E-3 3.83531E-3 4.58424E-3 5.9155E-3 9.61603E-3 6.19157E-3 8.02819E-3 -9999 -9999 -9999 -9999 -9999 -9999 -9999
2.07211E-2 1.65528E-2 1.58899E-2 1.14523E-2 9.27074E-3 1.25531E-2 8.82539E-3 1.73876E-3 2.02346E-3 1.57102E-3 1.33364E-3 9.80466E-4 3.25574E-4 3.39971E-4 2.4665E-4 1.92107E-4 2.22391E-4 2.2811E-4 2.31232E-4 2.35404E-4 2.01557E-4 1.30082E-4 1.27371E-4 1.59432E-4 1.47493E-4 2.98141E-4 1.26552E-3 1.31099E-3 1.4109E-3 1.42586E-3 1.44595E-3 3.53561E-3 3.58059E-3 3.62113E-3 3.6156E-3 3.69896E-3 4.19134E-3 2.41935E-3 2.71969E-3 2.7601E-3 3.18481E-3 3.74278E-3 3.71959E-3 4.00918E-3 4.30234E-3 5.36775E-3 4.24967E-3 4.34831E-3 4.1199E-3 3.66789E-3 3.76488E-3 3.5266E-3 3.55224E-3 3.5762E-3 3.7025E-3 4.61931E-3 4.73327E-3 5.71863E-3 9.18131E-3 6.75824E-3 6.11741E-3 7.99407E-3 -9999 -9999 -9999 -9999 -9999 -9999 -9999
2.75657E-2 3.85149E-2 2.46977E-2 1.10434E-2 1.09836E-2 1.06508E-2 1.00744E-2 2.44479E-3 2.13168E-3 1.39941E-3 1.40699E-3 9.62519E-4 3.29408E-4 2.90365E-4 2.13929E-4 1.93786E-4 2.02174E-4 2.28378E-4 2.68147E-4 2.55881E-4 1.69692E-4 1.54539E-4 1.61256E-4 1.67465E-4 1.5326E-4 4.25225E-4 4.18956E-4 1.29725E-3 1.31468E-3 1.31127E-3 1.32868E-3 1.28567E-3 1.30872E-3 1.39105E-3 1.48584E-3 1.4848E-3 3.64705E-3 4.14208E-3 4.16847E-3 2.70098E-3 2.81355E-3 3.23709E-3 3.71344E-3 3.97509E-3 4.27684E-3 -9999 -9999 -9999 -9999 4.43581E-3 3.91109E-3 2.99488E-3 3.00213E-3 3.05051E-3 4.47533E-3 4.56713E-3 4.70427E-3 4.83572E-3 6.3793E-3 6.52112E-3 -9999 -9999 -9999 -9999 -9999 -9999 -9999 -9999 -9999
2.49452E-2 2.59807E-2 1.53713E-2 9.83568E-3 9.48617E-3 7.65157E-3 6.72621E-3 1.96345E-3 2.03724E-3 1.54985E-3 1.27682E-3 8.12803E-4 2.98387E-4 2.44229E-4 2.12164E-4 2.03726E-4 2.16772E-4 2.40485E-4 2.56362E-4 2.48001E-4 2.44991E-4 1.81449E-4 1.80345E-4 1.55547E-4 1.48782E-4 1.50301E-4 2.04941E-4 4.21643E-4 3.70573E-4 3.77536E-4 3.88694E-4 3.8567E-4 3.8032E-4 3.7586E-4 3.98125E-4 1.30688E-3 1.49554E-3 4.07527E-3 3.69873E-3 4.14596E-3 2.68846E-3 3.11773E-3 3.13513E-3 3.68101E-3 4.17922E-3 -9999 -9999 -9999 -9999 -9999 -9999 -9999 -9999 -9999 3.08514E-3 -9999 -9999 -9999 -9999 -9999 -9999 -9999 -9999 -9999 -9999 -9999 -9999 -9999 -9999
2.62087E-2 2.31509E-2 1.16441E-2 1.08358E-2 1.05112E-2 8.18796E-3 1.91039E-3 1.63424E-3 1.56314E-3 1.41432E-3 1.26866E-3 7.55354E-4 2.74279E-4 2.05507E-4 2.13429E-4 2.02285E-4 2.34351E-4 2.14621E-4 2.48122E-4 2.33466E-4 2.21659E-4 1.73209E-4 1.8024E-4 1.7328E-4 1.41867E-4 1.46071E-4 1.35363E-4 1.3667E-4 1.8956E-4 3.57864E-4 3.5851E-4 3.53264E-4 3.2191E-4 3.14933E-4 3.57672E-4 4.26679E-4 1.42201E-3 3.98969E-3 4.06563E-3 4.11148E-3 2.61158E-3 2.66092E-3 3.06233E-3 2.49608E-3 3.9025E-3 -9999 -9999 -9999 -9999 -9999 -9999 -9999 -9999 -9999 -9999 -9999 -9999 -9999 -9999 -9999 -9999 -9999 -9999 -9999 -9999 -9999 -9999 -9999 -9999
2.41991E-2 2.18884E-2 1.18015E-2 1.25241E-2 1.01581E-2 9.46951E-3 8.09235E-3 1.56225E-3 1.07076E-3 1.1668E-3 8.55475E-4 8.35423E-4 2.79059E-4 2.25368E-4 2.05233E-4 2.19788E-4 1.92846E-4 2.0467E-4 1.97721E-4 1.9095E-4 1.32022E-4 1.40187E-4 1.67503E-4 1.60329E-4 1.53106E-4 1.36252E-4 1.35211E-4 1.41368E-4 1.4265E-4 2.45993E-4 3.41773E-4 3.47176E-4 3.38868E-4 3.33235E-4 3.90905E-4 4.42328E-4 1.64116E-3 3.52753E-3 4.0046E-3 4.06683E-3 4.11222E-3 4.10029E-3 3.69675E-3 3.50632E-3 2.37894E-3 -9999 -9999 -9999 -9999 -9999 -9999 -9999 -9999 -9999 -9999 -9999 -9999 -9999 -9999 -9999 -9999 -9999 -9999 -9999 -9999 -9999 -9999 -9999 -9999
1.56539E-2 1.48407E-2 1.47661E-2 1.20083E-2 8.00683E-3 8.71066E-3 2.17781E-3 1.54103E-3 1.14091E-3 1.27396E-3 8.49454E-4 3.42527E-4 2.54506E-4 2.45939E-4 2.00008E-4 2.16994E-4 2.06664E-4 1.69487E-4 1.82721E-4 1.61283E-4 1.6336E-4 1.29102E-4 1.53603E-4 1.55713E-4 1.38621E-4 1.29817E-4 1.30978E-4 1.38398E-4 1.39711E-4 1.34081E-4 2.6254E-4 9.0445E-4 9.12251E-4 4.07045E-4 4.38635E-4 1.58308E-3 1.64191E-3 3.92728E-3 3.96448E-3 3.97821E-3 2.83786E-3 2.84077E-3 2.86116E-3 3.33241E-3 2.44544E-3 -9999 -9999 -9999 -9999 -9999 -9999 -9999 -9999 -9999 -9999 -9999 -9999 -9999 -9999 -9999 -9999 -9999 -9999 -9999 -9999 -9999 -9999 -9999 -9999
1.7036E-2 9.55747E-3 1.08599E-2 1.28605E-2 7.53743E-3 6.97062E-3 1.89193E-3 1.50274E-3 1.60935E-3 1.38101E-3 8.11275E-4 3.30348E-4 2.67449E-4 2.34001E-4 2.1949E-4 2.19459E-4 2.04773E-4 1.73222E-4 1.88845E-4 1.72346E-4 1.8009E-4 1.3028E-4 1.24505E-4 1.32568E-4 1.30055E-4 1.2642E-4 1.16188E-4 1.29023E-4 1.30776E-4 2.40457E-4 1.42833E-4 2.97892E-4 1.0331E-3 1.01688E-3 1.60157E-3 1.6073E-3 1.62044E-3 3.46315E-3 3.93435E-3 2.81831E-3 2.81548E-3 2.83408E-3 2.5368E-3 2.07412E-3 2.16083E-3 -9999 -9999 -9999 -9999 -9999 -9999 -9999 -9999 -9999 -9999 -9999 -9999 -9999 -9999 -9999 -9999 -9999 -9999 -9999 -9999 -9999 -9999 -9999 -9999
1.62213E-2 9.55435E-3 9.29636E-3 1.14541E-2 9.42646E-3 9.4899E-3 1.85077E-3 1.56186E-3 1.36015E-3 1.31779E-3 8.53069E-4 2.9955E-4 2.64656E-4 2.04628E-4 2.13919E-4 2.39325E-4 2.01022E-4 1.85758E-4 1.77468E-4 1.53921E-4 1.66364E-4 1.24752E-4 1.07999E-4 1.19815E-4 1.28782E-4 1.25516E-4 1.14997E-4 1.12439E-4 1.19261E-4 1.19564E-4 2.99974E-4 9.09977E-4 9.99896E-4 2.4658E-3 1.15905E-3 1.01763E-3 1.6159E-3 3.86815E-3 2.78035E-3 3.54539E-3 3.5328E-3 2.82769E-3 2.50893E-3 2.91589E-3 2.12679E-3 1.13324E-3 -9999 -9999 -9999 -9999 5.39065E-3 5.48283E-3 5.53839E-3 -9999 -9999 -9999 -9999 -9999 -9999 -9999 -9999 -9999 -9999 -9999 -9999 -9999 -9999 -9999 -9999
1.53851E-2 1.22718E-2 8.80587E-3 1.04261E-2 1.0742E-2 8.01593E-3 2.06113E-3 1.7027E-3 1.54789E-3 8.56111E-4 7.68056E-4 3.09727E-4 2.74465E-4 2.12129E-4 1.92152E-4 2.09765E-4 2.07318E-4 2.12771E-4 1.90256E-4 1.68677E-4 1.66384E-4 1.31016E-4 1.33972E-4 1.21957E-4 1.17551E-4 1.33832E-4 1.25799E-4 1.11238E-4 1.37904E-4 1.46818E-4 8.76565E-4 9.86745E-4 1.00096E-3 9.99314E-4 1.0184E-3 1.15324E-3 2.76707E-3 2.74559E-3 2.77924E-3 2.78694E-3 2.5261E-3 1.33129E-3 1.3449E-3 2.89173E-3 1.54267E-3 1.52936E-3 2.56797E-3 4.85935E-3 5.07975E-3 5.16553E-3 5.34387E-3 5.50657E-3 5.66723E-3 7.84673E-3 -9999 -9999 -9999 -9999 -9999 -9999 -9999 -9999 -9999 -9999 -9999 -9999 -9999 -9999 -9999
1.49808E-2 1.61621E-2 8.83533E-3 7.86926E-3 7.8495E-3 8.01634E-3 2.28003E-3 1.54843E-3 1.46812E-3 8.52237E-4 3.23352E-4 3.22441E-4 2.41848E-4 2.19246E-4 2.0513E-4 2.0001E-4 2.06934E-4 1.85792E-4 1.91595E-4 1.94115E-4 1.64815E-4 1.16536E-4 1.36485E-4 1.39839E-4 1.4456E-4 1.36378E-4 1.17251E-4 1.23758E-4 1.22943E-4 1.36527E-4 4.75984E-4 5.23801E-4 5.37654E-4 1.29756E-3 5.35197E-4 5.39509E-4 2.77982E-3 1.47345E-3 1.32352E-3 1.32323E-3 1.34259E-3 1.33681E-3 1.31937E-3 1.50827E-3 1.51972E-3 1.52524E-3 1.8737E-3 2.58377E-3 4.99579E-3 5.09607E-3 5.32761E-3 6.92302E-3 7.21988E-3 7.37193E-3 -9999 -9999 -9999 -9999 -9999 -9999 -9999 -9999 -9999 -9999 -9999 -9999 -9999 -9999 -9999
1.60965E-2 1.19966E-2 9.25479E-3 8.9692E-3 8.12469E-3 8.61161E-3 2.05248E-3 1.52615E-3 1.3569E-3 8.66356E-4 2.76584E-4 3.03916E-4 2.72988E-4 2.33536E-4 2.35815E-4 2.36574E-4 2.44249E-4 1.83542E-4 1.94719E-4 2.01082E-4 1.78765E-4 1.29501E-4 1.24341E-4 1.39255E-4 1.5133E-4 1.59984E-4 1.61922E-4 1.25975E-4 1.12059E-4 1.30399E-4 4.66975E-4 5.21306E-4 1.28619E-3 1.3125E-3 1.30931E-3 1.31204E-3 1.30101E-3 1.31314E-3 1.47812E-3 1.48102E-3 1.33382E-3 1.32911E-3 1.3136E-3 1.30827E-3 1.49313E-3 1.73317E-3 2.18306E-3 2.61822E-3 5.02787E-3 5.18362E-3 5.33404E-3 7.00314E-3 7.28587E-3 7.34875E-3 -9999 -9999 -9999 -9999 -9999 -9999 -9999 -9999 -9999 -9999 -9999 -9999 -9999 -9999 -9999
1.23453E-2 1.45786E-2 9.83629E-3 1.03781E-2 9.70738E-3 7.00792E-3 1.90569E-3 1.32084E-3 9.01013E-4 3.15647E-4 2.7301E-4 2.82335E-4 2.37939E-4 1.9826E-4 2.12459E-4 1.74747E-4 2.34968E-4 2.43804E-4 1.70104E-4 1.75614E-4 1.74564E-4 1.34895E-4 1.16409E-4 1.17017E-4 1.20308E-4 1.29344E-4 1.28971E-4 1.32219E-4 1.30844E-4 1.55508E-4 6.22033E-4 1.52801E-3 1.3288E-3 8.3798E-4 8.28111E-4 1.32567E-3 1.31045E-3 1.31145E-3 1.31213E-3 1.32983E-3 1.33786E-3 1.49923E-3 1.32837E-3 1.28433E-3 1.46656E-3 1.69329E-3 -9999 -9999 -9999 5.09176E-3 6.52906E-3 7.03706E-3 7.23311E-3 7.40872E-3 -9999 -9999 -9999 -9999 -9999 -9999 -9999 -9999 -9999 -9999 -9999 -9999 -9999 -9999 -9999
1.537E-2 1.0363E-2 1.0648E-2 7.64561E-3 8.45182E-3 8.55047E-3 2.0304E-3 1.77585E-3 7.92633E-4 2.94991E-4 2.79071E-4 3.03956E-4 2.47685E-4 2.13191E-4 1.75442E-4 1.85772E-4 1.82692E-4 1.86408E-4 2.1806E-4 1.66362E-4 1.7486E-4 1.92445E-4 1.68408E-4 1.54976E-4 1.24969E-4 1.2891E-4 1.54091E-4 1.78495E-4 5.40513E-4 6.22431E-4 1.53212E-3 1.54844E-3 9.85076E-4 9.85175E-4 8.46311E-4 1.56776E-3 1.32869E-3 1.31999E-3 1.31846E-3 1.33629E-3 1.49218E-3 1.48738E-3 1.48798E-3 1.31277E-3 1.2874E-3 1.47462E-3 1.87503E-3 2.19541E-3 2.24798E-3 5.04828E-3 6.59639E-3 6.77584E-3 -9999 -9999 -9999 -9999 -9999 -9999 -9999 -9999 -9999 -9999 -9999 -9999 -9999 -9999 -9999 -9999 -9999
1.84969E-2 1.18498E-2 1.10567E-2 9.93233E-3 9.98295E-3 9.68243E-3 8.8566E-3 1.72454E-3 9.83288E-4 2.89775E-4 2.47468E-4 2.59608E-4 2.47223E-4 2.07155E-4 1.78678E-4 1.56242E-4 1.74935E-4 1.73724E-4 1.79903E-4 6.76487E-4 2.17335E-4 2.05663E-4 1.75523E-4 1.68264E-4 1.50678E-4 1.81257E-4 1.84526E-4 6.1397E-4 6.27847E-4 1.56705E-3 1.56141E-3 1.5729E-3 1.55779E-3 9.85408E-4 9.86801E-4 1.55509E-3 1.31692E-3 1.30321E-3 1.75824E-3 1.32486E-3 1.5055E-3 1.52698E-3 2.86776E-3 2.86313E-3 1.31215E-3 1.51999E-3 2.1578E-3 2.19372E-3 2.24872E-3 -9999 -9999 -9999 -9999 -9999 -9999 -9999 -9999 -9999 -9999 -9999 -9999 -9999 -9999 -9999 -9999 -9999 -9999 -9999 -9999
2.43172E-2 1.28777E-2 9.39527E-3 1.41255E-2 7.5177E-3 9.37984E-3 8.3448E-3 1.44441E-3 9.81889E-4 3.40601E-4 2.24414E-4 2.1257E-4 2.24588E-4 1.90351E-4 1.81968E-4 1.71759E-4 1.49104E-4 1.46259E-4 1.44709E-4 6.61331E-4 7.14237E-4 2.15507E-4 6.84839E-4 5.99767E-4 1.77301E-4 6.2067E-4 1.53444E-3 1.53915E-3 1.53758E-3 1.55911E-3 1.57701E-3 1.57308E-3 1.56857E-3 1.5615E-3 1.54701E-3 1.55261E-3 1.54816E-3 1.32062E-3 1.31265E-3 1.31565E-3 1.78232E-3 1.34284E-3 2.01992E-3 3.829E-3 1.50464E-3 1.86758E-3 2.21604E-3 -9999 -9999 -9999 -9999 -9999 -9999 -9999 -9999 -9999 -9999 -9999 -9999 -9999 -9999 -9999 -9999 -9999 -9999 -9999 -9999 -9999 -9999
