_episodes_rmd/output/experiment_big/species_big_extent.asc
ncols         660
nrows         720
xllcorner     -130.0
yllcorner     -60.0
cellsize      0.166666666666667
NODATA_value  -9999
[rows 93 to 123 of 720, columns 138 to 206 of 660]
1.54999E-3 3.64765E-3 3.4641E-3 3.45997E-3 6.18544E-3 6.88322E-3 7.05708E-3 7.14401E-3 1.71465E-2 1.76818E-2 7.49867E-3 7.53107E-3 7.438E-3 1.37667E-2 5.9042E-3 6.19058E-3 7.24968E-3 7.78827E-3 7.75122E-3 8.46857E-3 9.37863E-3 1.25894E-2 1.60198E-2 1.37571E-2 1.33614E-2 1.28504E-2 1.24223E-2 1.26647E-2 1.29619E-2 1.28063E-2 1.27037E-2 1.25233E-2 1.2657E-2 1.24174E-2 1.17064E-2 1.21278E-2 1.18963E-2 1.15009E-2 1.21493E-2 1.22512E-2 1.27009E-2 1.13281E-2 1.11516E-2 1.283E-2 1.19903E-2 1.18028E-2 1.1731E-2 1.16916E-2 1.26629E-2 1.2516E-2 1.33063E-2 1.47555E-2 1.50052E-2 1.48365E-2 1.4899E-2 1.48522E-2 1.3342E-2 1.26764E-2 1.21443E-2 1.1957E-2 1.18449E-2 1.10553E-2 1.10075E-2 1.37037E-2 1.46234E-2 1.51638E-2 1.5865E-2 1.58958E-2 1.58365E-2
1.52037E-3 2.22878E-3 3.35945E-3 3.36222E-3 5.491E-3 5.6857E-3 6.60462E-3 6.67635E-3 1.70191E-2 2.05542E-2 7.35976E-3 7.3655E-3 6.98494E-3 6.84717E-3 1.65966E-2 4.7954E-3 6.54179E-3 3.2003E-3 2.92076E-3 3.288E-3 7.92877E-3 7.94423E-3 9.02006E-3 8.64256E-3 1.40149E-2 1.33407E-2 1.2953E-2 1.37534E-2 1.31258E-2 1.3528E-2 1.29971E-2 1.2716E-2 1.31149E-2 1.3311E-2 1.28322E-2 1.3135E-2 1.34566E-2 1.34634E-2 1.34366E-2 1.35356E-2 1.31005E-2 1.25276E-2 1.1682E-2 1.05495E-2 1.30721E-2 1.28505E-2 1.22143E-2 1.15457E-2 1.32215E-2 1.44168E-2 1.59798E-2 1.68447E-2 1.68443E-2 1.66941E-2 1.63692E-2 1.56471E-2 1.48227E-2 1.30841E-2 1.2518E-2 1.20206E-2 1.09712E-2 1.01258E-2 1.17773E-2 1.12078E-2 1.39352E-2 1.4795E-2 1.46237E-2 1.43948E-2 1.4921E-2
1.72493E-3 3.28619E-3 2.88915E-3 2.9136E-3 5.18318E-3 5.5684E-3 6.54433E-3 4.0934E-3 3.89049E-3 7.1864E-3 7.11357E-3 7.09581E-3 6.28528E-3 6.46478E-3 6.7636E-3 1.0723E-2 6.54326E-3 6.29722E-3 5.10566E-3 7.17837E-3 7.38188E-3 7.57422E-3 3.89744E-3 8.75996E-3 1.54043E-2 1.34694E-2 1.40217E-2 1.38239E-2 1.3862E-2 1.37861E-2 1.43076E-2 1.43184E-2 1.43116E-2 1.48431E-2 1.49342E-2 1.49983E-2 1.44684E-2 1.46867E-2 1.30041E-2 1.66074E-2 1.69737E-2 1.26636E-2 1.19588E-2 1.19424E-2 1.54923E-2 1.4648E-2 1.28977E-2 1.27148E-2 1.30937E-2 1.6496E-2 1.81047E-2 1.91787E-2 1.81959E-2 1.73255E-2 1.68423E-2 1.64236E-2 1.49856E-2 1.38073E-2 1.23338E-2 1.30769E-2 1.29817E-2 1.21776E-2 1.18364E-2 1.19534E-2 1.16886E-2 1.40285E-2 1.42182E-2 1.44496E-2 1.44118E-2
1.45611E-3 2.74193E-3 2.97921E-3 2.70913E-3 3.04141E-3 3.14014E-3 3.96864E-3 4.19867E-3 4.1696E-3 7.25857E-3 6.7372E-3 6.28307E-3 6.33613E-3 6.02563E-3 4.21266E-3 4.81549E-3 5.14934E-3 7.09199E-3 6.43007E-3 5.8897E-3 7.38567E-3 7.31077E-3 7.15546E-3 9.06865E-3 1.45485E-2 1.42511E-2 1.4238E-2 1.45432E-2 1.44248E-2 1.52765E-2 1.48665E-2 1.49441E-2 1.54082E-2 1.51255E-2 1.57441E-2 1.47825E-2 1.46903E-2 1.39337E-2 1.80212E-2 1.81705E-2 1.74235E-2 1.73945E-2 1.75032E-2 1.7085E-2 1.63272E-2 1.60621E-2 1.57261E-2 1.46208E-2 1.46289E-2 1.85069E-2 1.96303E-2 2.05004E-2 1.96873E-2 1.86804E-2 1.82038E-2 1.69932E-2 1.60588E-2 1.48283E-2 1.36647E-2 1.37338E-2 1.37862E-2 1.31803E-2 1.27603E-2 1.29209E-2 1.25538E-2 1.22769E-2 1.1828E-2 1.44023E-2 1.4379E-2
1.00261E-3 2.67304E-3 2.76806E-3 2.82033E-3 3.06392E-3 3.34066E-3 2.62893E-3 2.46539E-3 4.73127E-3 4.39352E-3 6.83051E-3 5.32616E-3 5.01059E-3 3.28281E-3 3.55068E-3 4.83313E-3 5.26752E-3 6.94716E-3 6.55968E-3 6.60193E-3 7.30971E-3 7.39049E-3 5.17713E-3 1.47687E-2 1.4802E-2 1.46492E-2 1.4578E-2 1.4765E-2 1.52375E-2 1.69167E-2 1.7676E-2 1.66341E-2 1.61099E-2 1.63013E-2 1.6572E-2 1.52151E-2 1.63449E-2 1.58377E-2 2.12072E-2 2.1354E-2 2.06551E-2 2.1017E-2 2.04917E-2 1.99909E-2 1.93845E-2 1.94473E-2 1.79265E-2 1.74713E-2 1.83899E-2 2.07042E-2 2.17472E-2 2.23996E-2 2.11361E-2 2.0342E-2 1.93541E-2 1.81151E-2 1.78507E-2 1.59549E-2 1.5131E-2 1.42367E-2 1.41558E-2 1.43919E-2 1.43405E-2 1.37837E-2 1.35658E-2 1.29515E-2 1.22442E-2 1.11958E-2 1.42947E-2
1.4065E-3 2.76689E-3 2.89875E-3 3.25289E-3 3.57716E-3 4.97575E-3 2.77918E-3 2.70279E-3 2.74188E-3 4.52287E-3 3.89112E-3 5.4135E-3 3.36625E-3 3.3203E-3 3.54482E-3 3.70381E-3 3.99277E-3 4.13744E-3 5.50388E-3 5.1833E-3 4.40264E-3 5.69661E-3 6.56018E-3 1.21041E-2 1.45583E-2 1.37293E-2 1.3001E-2 1.09864E-2 1.41679E-2 1.51437E-2 1.5894E-2 1.64E-2 1.57554E-2 1.52115E-2 1.58684E-2 1.60041E-2 1.66906E-2 2.21679E-2 2.01414E-2 2.0212E-2 2.24708E-2 2.36042E-2 2.53735E-2 2.52471E-2 2.55479E-2 2.53746E-2 2.29019E-2 2.18012E-2 2.25755E-2 2.42136E-2 2.27155E-2 2.20598E-2 2.11993E-2 2.20108E-2 2.10873E-2 1.9737E-2 1.91081E-2 1.76052E-2 1.57944E-2 1.49721E-2 1.49517E-2 1.51763E-2 1.56553E-2 1.50243E-2 1.48109E-2 1.44718E-2 1.28146E-2 1.18795E-2 1.16413E-2
3.13837E-4 8.40339E-4 3.28871E-3 3.91465E-3 4.17701E-3 2.13202E-3 2.27971E-3 2.94587E-3 5.40293E-3 4.59437E-3 3.32902E-3 3.6975E-3 3.5922E-3 3.53496E-3 3.54934E-3 3.55355E-3 3.59921E-3 3.60124E-3 3.91851E-3 8.23441E-3 9.30732E-3 5.89727E-3 1.09407E-2 1.17351E-2 1.14056E-2 1.10701E-2 1.0292E-2 1.09294E-2 1.33801E-2 1.43985E-2 1.52726E-2 1.54315E-2 1.42315E-2 1.50042E-2 1.40986E-2 1.93012E-2 1.98031E-2 2.00032E-2 1.89131E-2 1.99986E-2 2.22542E-2 2.48535E-2 2.85335E-2 2.91951E-2 2.90508E-2 2.74151E-2 2.55355E-2 2.51352E-2 2.3308E-2 2.3844E-2 2.30573E-2 2.33353E-2 2.31373E-2 2.22021E-2 2.21008E-2 2.13861E-2 1.95488E-2 1.746E-2 1.66778E-2 1.66279E-2 1.61013E-2 1.61038E-2 1.62253E-2 1.6053E-2 1.55589E-2 1.51877E-2 1.3814E-2 1.27586E-2 1.2809E-2
1.16817E-3 1.02063E-3 7.24394E-4 2.75918E-3 3.02979E-3 2.18745E-3 2.20405E-3 2.35771E-3 3.09663E-3 5.23781E-3 3.5957E-3 2.22015E-3 2.13592E-3 3.73112E-3 3.68129E-3 3.42264E-3 3.41897E-3 3.62262E-3 3.66005E-3 8.67785E-3 9.13421E-3 1.06065E-2 1.10478E-2 1.18709E-2 1.10231E-2 1.11798E-2 1.09767E-2 1.09318E-2 1.36613E-2 1.30388E-2 1.36054E-2 1.40654E-2 1.47214E-2 1.94426E-2 1.82569E-2 1.85309E-2 1.86104E-2 1.81611E-2 1.81474E-2 1.89512E-2 2.20617E-2 2.27617E-2 2.49248E-2 2.65038E-2 2.63549E-2 2.49987E-2 2.32263E-2 2.42928E-2 2.52865E-2 2.47276E-2 2.43926E-2 2.62027E-2 2.6311E-2 2.33492E-2 2.39802E-2 2.31787E-2 2.1109E-2 1.74244E-2 1.70113E-2 1.74731E-2 1.72213E-2 1.67883E-2 1.69687E-2 1.72031E-2 1.7147E-2 1.6211E-2 1.54854E-2 1.40772E-2 1.3914E-2
1.20303E-3 7.1833E-4 7.84783E-4 6.24466E-4 2.2509E-3 2.17451E-3 2.25218E-3 2.35651E-3 2.38893E-3 2.98252E-3 4.23718E-3 2.26056E-3 2.25683E-3 2.25763E-3 2.2095E-3 3.56214E-3 3.47258E-3 3.49603E-3 3.52202E-3 8.38288E-3 9.14678E-3 9.68313E-3 1.13721E-2 1.17566E-2 1.13669E-2 1.17043E-2 1.07591E-2 1.05792E-2 1.27289E-2 1.33064E-2 1.36528E-2 1.47406E-2 1.93004E-2 1.89262E-2 1.91239E-2 1.89299E-2 1.79943E-2 1.76411E-2 1.76416E-2 1.78874E-2 2.15833E-2 2.37512E-2 2.422E-2 2.48316E-2 2.55601E-2 2.45645E-2 2.34974E-2 2.33274E-2 2.28565E-2 2.56682E-2 2.70022E-2 2.64977E-2 2.83426E-2 2.46733E-2 2.51381E-2 2.429E-2 2.13915E-2 1.92435E-2 1.77583E-2 1.77971E-2 1.76659E-2 1.70395E-2 1.81168E-2 1.87827E-2 1.7831E-2 1.74803E-2 1.69621E-2 1.61276E-2 1.55258E-2
4.88196E-4 6.90049E-4 6.07248E-4 6.81923E-4 7.05087E-4 7.13732E-4 2.60725E-3 2.71651E-3 2.64311E-3 2.4119E-3 2.3376E-3 2.4588E-3 2.49886E-3 2.58938E-3 2.42813E-3 3.77212E-3 3.20286E-3 3.12533E-3 3.56186E-3 3.56049E-3 9.15671E-3 1.00996E-2 1.15407E-2 1.20932E-2 1.22716E-2 1.21375E-2 1.12811E-2 1.28395E-2 1.27777E-2 1.28327E-2 1.4133E-2 2.01668E-2 2.06011E-2 2.06777E-2 1.97254E-2 1.9695E-2 1.81542E-2 1.84229E-2 1.77516E-2 1.9035E-2 2.12525E-2 2.28572E-2 2.23755E-2 2.33265E-2 2.72096E-2 2.73104E-2 2.58138E-2 2.57972E-2 2.65857E-2 2.5959E-2 2.63926E-2 2.91132E-2 2.90186E-2 2.87341E-2 2.8246E-2 2.65481E-2 2.25518E-2 2.17946E-2 2.14783E-2 2.01055E-2 2.01111E-2 1.9697E-2 1.92162E-2 1.96318E-2 1.86807E-2 1.87409E-2 1.77649E-2 1.70716E-2 1.65563E-2
4.63969E-4 5.20816E-4 6.18652E-4 5.26006E-4 9.01238E-4 2.30087E-3 2.12047E-3 2.3284E-3 2.47378E-3 1.91668E-3 1.8588E-3 2.36363E-3 2.46979E-3 2.93865E-3 5.47724E-3 2.29837E-3 2.07572E-3 4.62206E-3 8.68112E-3 8.0073E-3 1.57319E-2 1.08097E-2 1.15176E-2 1.22507E-2 1.52512E-2 2.13729E-2 1.56944E-2 1.71665E-2 1.20572E-2 1.24163E-2 1.40304E-2 1.96363E-2 2.08071E-2 2.12659E-2 2.04262E-2 2.05885E-2 1.99115E-2 1.97142E-2 1.93791E-2 1.9795E-2 2.23108E-2 2.34527E-2 2.3667E-2 2.37626E-2 2.41356E-2 2.72886E-2 2.63244E-2 2.58947E-2 2.59539E-2 2.60521E-2 2.70807E-2 2.80845E-2 2.87655E-2 3.03095E-2 2.73346E-2 2.18707E-2 2.03103E-2 2.2225E-2 2.25039E-2 2.18727E-2 2.239E-2 2.22547E-2 2.18968E-2 1.9751E-2 1.96503E-2 1.91459E-2 1.85319E-2 1.74814E-2 1.68948E-2
4.92763E-4 5.28001E-4 6.02158E-4 5.43176E-4 7.02027E-4 1.58416E-3 1.62633E-3 9.19852E-4 2.22905E-3 2.33927E-3 1.85284E-3 2.39445E-3 2.15001E-3 1.98237E-3 2.16379E-3 2.00791E-3 1.89454E-3 3.59595E-3 3.26966E-3 7.56488E-3 8.76828E-3 6.14465E-3 9.19849E-3 5.1302E-3 7.32645E-3 1.0777E-2 1.61162E-2 1.09621E-2 1.25962E-2 1.27149E-2 1.38379E-2 1.9476E-2 2.04807E-2 2.09601E-2 2.18543E-2 2.10983E-2 2.10417E-2 2.55723E-2 2.27463E-2 2.17311E-2 2.30843E-2 2.29924E-2 2.43767E-2 2.45731E-2 2.57214E-2 2.50908E-2 2.44952E-2 2.45821E-2 2.40211E-2 2.33884E-2 2.35244E-2 2.40921E-2 2.64313E-2 2.87563E-2 2.68988E-2 2.21609E-2 1.98368E-2 2.2251E-2 2.1976E-2 2.15106E-2 2.12705E-2 2.27695E-2 2.40121E-2 2.12769E-2 2.07195E-2 2.00984E-2 1.94504E-2 1.83388E-2 1.73348E-2
5.08502E-4 4.63805E-4 2.31954E-4 2.4902E-4 7.57095E-4 7.1325E-4 1.40926E-3 1.46772E-3 1.83968E-3 1.09598E-3 2.31383E-3 1.74487E-3 2.19703E-3 1.764E-3 2.05476E-3 3.36503E-3 3.56023E-3 3.43043E-3 2.4386E-3 3.21695E-3 8.91668E-3 6.99881E-3 5.41215E-3 5.48832E-3 5.64191E-3 7.86462E-3 1.1468E-2 1.11332E-2 1.23891E-2 1.29188E-2 2.02516E-2 2.12847E-2 2.22882E-2 2.3366E-2 2.29221E-2 2.38114E-2 2.39113E-2 2.29497E-2 2.24964E-2 2.30102E-2 2.3923E-2 2.38956E-2 2.52108E-2 2.57903E-2 2.49389E-2 2.41506E-2 2.42209E-2 2.44526E-2 2.39537E-2 2.3723E-2 2.28766E-2 2.3865E-2 2.52434E-2 2.67755E-2 2.71401E-2 2.57201E-2 2.41494E-2 2.25712E-2 2.20654E-2 2.23009E-2 2.29183E-2 2.18657E-2 2.37526E-2 2.38896E-2 2.34521E-2 2.16997E-2 2.09304E-2 1.92547E-2 1.78607E-2
4.95111E-4 2.28964E-4 1.43194E-4 2.18661E-4 2.31587E-4 8.17925E-4 7.89068E-4 1.62473E-3 1.59698E-3 3.50288E-3 2.30172E-3 1.71194E-3 1.74133E-3 1.3183E-3 1.90622E-3 2.90229E-3 2.8733E-3 3.45943E-3 3.60644E-3 9.14512E-3 5.50427E-3 7.81084E-3 5.39714E-3 5.48246E-3 5.69786E-3 7.74798E-3 1.14044E-2 1.07223E-2 1.23897E-2 1.29972E-2 1.5206E-2 1.19952E-2 2.24814E-2 2.64575E-2 2.58648E-2 2.6466E-2 2.4168E-2 2.29502E-2 2.17357E-2 2.32388E-2 2.57223E-2 2.5266E-2 2.32922E-2 2.52006E-2 2.44915E-2 2.36204E-2 2.44753E-2 2.37808E-2 2.39041E-2 2.34711E-2 2.40762E-2 2.53304E-2 2.57626E-2 2.46107E-2 2.54522E-2 2.55376E-2 2.5935E-2 2.43493E-2 2.32967E-2 2.36825E-2 2.27009E-2 2.24772E-2 2.36179E-2 2.51268E-2 2.6602E-2 2.52507E-2 2.34383E-2 2.11371E-2 1.92571E-2
4.45643E-4 4.44209E-4 1.66765E-4 1.79132E-4 2.22811E-4 8.61673E-4 8.41126E-4 8.24817E-4 1.40196E-3 1.49726E-3 1.83301E-3 1.74772E-3 1.80456E-3 1.74116E-3 2.09141E-3 1.90905E-3 1.8654E-3 1.95179E-3 2.6121E-3 2.41825E-3 6.08672E-3 5.09851E-3 5.44661E-3 5.47945E-3 5.19966E-3 7.61022E-3 6.12742E-3 1.05028E-2 1.28846E-2 1.44274E-2 8.76273E-3 1.25517E-2 1.43216E-2 2.57978E-2 2.89982E-2 2.75828E-2 2.52419E-2 2.36177E-2 2.2348E-2 2.32639E-2 2.38584E-2 2.56144E-2 2.59262E-2 2.46608E-2 2.59182E-2 2.47051E-2 2.44277E-2 2.45046E-2 2.45785E-2 2.39588E-2 2.37197E-2 2.43283E-2 2.48947E-2 2.44979E-2 2.45695E-2 2.54718E-2 2.48577E-2 2.63261E-2 2.501E-2 2.57625E-2 2.47851E-2 2.37374E-2 2.4187E-2 2.52765E-2 2.78981E-2 2.85807E-2 2.89401E-2 2.52111E-2 2.81534E-2
4.57828E-4 4.80405E-4 1.92103E-4 1.87591E-4 4.56964E-4 2.39511E-4 8.68093E-4 1.60088E-3 1.59715E-3 1.75553E-3 2.24462E-3 1.80156E-3 1.90891E-3 1.94438E-3 1.16291E-3 1.09868E-3 2.07325E-3 2.20704E-3 2.85478E-3 2.998E-3 1.82848E-3 4.36651E-3 5.44116E-3 5.47307E-3 4.33562E-3 7.5674E-3 6.17033E-3 1.0631E-2 1.28932E-2 1.61402E-2 1.00596E-2 1.05219E-2 1.42834E-2 2.61179E-2 2.72097E-2 2.5288E-2 2.5321E-2 2.42052E-2 2.3393E-2 2.3316E-2 2.29867E-2 2.37354E-2 2.35045E-2 2.40515E-2 2.58178E-2 2.62894E-2 2.62666E-2 2.48689E-2 2.49613E-2 2.41483E-2 2.43291E-2 2.43499E-2 2.46861E-2 2.42775E-2 2.34517E-2 2.46261E-2 2.43871E-2 2.59489E-2 2.73853E-2 2.56266E-2 2.53106E-2 2.48104E-2 2.49357E-2 2.51921E-2 2.73707E-2 3.11605E-2 2.74478E-2 1.77874E-2 1.68102E-2
3.42997E-4 1.86293E-4 1.7878E-4 1.84269E-4 1.88252E-4 8.19397E-4 1.55655E-3 1.55315E-3 1.55437E-3 1.72593E-3 2.10114E-3 2.22421E-3 2.64451E-3 2.2659E-3 2.15863E-3 2.04892E-3 1.549E-3 1.54857E-3 2.53225E-3 1.65411E-3 1.83064E-3 3.30195E-3 7.94295E-3 7.6658E-3 4.2114E-3 7.30286E-3 6.48481E-3 1.07892E-2 1.14911E-2 1.64153E-2 1.79171E-2 9.95429E-3 2.45439E-2 2.59209E-2 2.76696E-2 2.39891E-2 2.46294E-2 2.4648E-2 2.46273E-2 2.4867E-2 2.4156E-2 2.32518E-2 2.43383E-2 2.43255E-2 2.48875E-2 2.65071E-2 2.70122E-2 2.71638E-2 2.61179E-2 2.48684E-2 2.45896E-2 2.45488E-2 2.41514E-2 2.46565E-2 2.47105E-2 2.44089E-2 2.50569E-2 2.57827E-2 2.70436E-2 2.66163E-2 2.62005E-2 2.69179E-2 2.67233E-2 2.92214E-2 3.03947E-2 3.13819E-2 2.74716E-2 2.66973E-2 1.70499E-2
1.7195E-4 1.86906E-4 3.98864E-4 5.01167E-4 4.57408E-4 1.11031E-3 1.50509E-3 1.55833E-3 1.49637E-3 1.32405E-3 1.91149E-3 2.16591E-3 2.5759E-3 2.82763E-3 6.32919E-3 5.34514E-3 5.58132E-3 5.71518E-3 4.92917E-3 3.10393E-3 4.10397E-3 4.17551E-3 7.60276E-3 7.02437E-3 6.95958E-3 6.72929E-3 6.75517E-3 1.17599E-2 1.24775E-2 1.92618E-2 1.84902E-2 1.81229E-2 1.84259E-2 2.53085E-2 2.55726E-2 2.42043E-2 2.34934E-2 2.45583E-2 2.56E-2 2.55658E-2 2.33546E-2 2.33225E-2 2.35145E-2 2.36722E-2 2.53562E-2 2.75143E-2 2.68812E-2 2.73062E-2 2.73978E-2 2.67311E-2 2.42919E-2 2.50431E-2 2.55769E-2 2.55689E-2 2.55009E-2 2.76335E-2 2.6437E-2 2.74783E-2 2.813E-2 2.86063E-2 2.8571E-2 2.90724E-2 3.25472E-2 3.1973E-2 1.6589E-2 1.72458E-2 1.67678E-2 1.5062E-2 1.7607E-2
1.63241E-4 1.75606E-4 9.30151E-4 1.03047E-3 9.06124E-4 1.92762E-3 1.4535E-3 1.49332E-3 1.48909E-3 2.83737E-3 1.60777E-3 1.91041E-3 2.38143E-3 6.20724E-3 6.69428E-3 6.29278E-3 5.55362E-3 5.79116E-3 5.03198E-3 5.11404E-3 5.20845E-3 3.35779E-3 4.17039E-3 4.17245E-3 7.85304E-3 7.81496E-3 6.91665E-3 1.23053E-2 1.25898E-2 1.43485E-2 2.02177E-2 1.9659E-2 1.9503E-2 2.41022E-2 2.7111E-2 2.39677E-2 2.33724E-2 2.5299E-2 2.44819E-2 2.47827E-2 2.4618E-2 2.45087E-2 2.6179E-2 2.64372E-2 2.75242E-2 2.90659E-2 3.12902E-2 2.76041E-2 2.70224E-2 2.64125E-2 2.61773E-2 2.48578E-2 2.54104E-2 2.75333E-2 3.08969E-2 3.19465E-2 3.05748E-2 3.08013E-2 3.21202E-2 3.47946E-2 3.34471E-2 3.03172E-2 3.39607E-2 3.45379E-2 2.20673E-2 2.12468E-2 2.21507E-2 1.97303E-2 2.59179E-2
1.08898E-3 5.04875E-4 1.16178E-3 1.16683E-3 1.02717E-3 2.0668E-3 1.13811E-3 1.5033E-3 1.4788E-3 2.69058E-3 1.52018E-3 1.96722E-3 2.21302E-3 2.54696E-3 5.63868E-3 4.55885E-3 4.22277E-3 4.15158E-3 4.32452E-3 4.77654E-3 3.17776E-3 3.87758E-3 4.02863E-3 3.99868E-3 4.27576E-3 8.21595E-3 8.02093E-3 7.62862E-3 1.41569E-2 1.46323E-2 1.87156E-2 2.0068E-2 2.07839E-2 2.12346E-2 2.51597E-2 2.52713E-2 2.54768E-2 2.39031E-2 2.48922E-2 2.49701E-2 2.69895E-2 2.75327E-2 2.85887E-2 2.90055E-2 1.62549E-2 3.02589E-2 3.10104E-2 2.81899E-2 2.79335E-2 2.63934E-2 2.42536E-2 2.58803E-2 3.02077E-2 3.56167E-2 3.6687E-2 3.63274E-2 3.66441E-2 3.6345E-2 1.90544E-2 1.89551E-2 1.8328E-2 3.35676E-2 3.36725E-2 3.43506E-2 2.23495E-2 2.30947E-2 2.31174E-2 2.10356E-2 2.73998E-2
1.14195E-3 1.23157E-3 1.57103E-3 1.62573E-3 1.27892E-3 2.12601E-3 2.49467E-3 1.43438E-3 1.24862E-3 3.03146E-3 3.52322E-3 1.93428E-3 2.41177E-3 2.58546E-3 1.8593E-3 1.69716E-3 1.91503E-3 1.84381E-3 4.61606E-3 5.11207E-3 5.7411E-3 3.7452E-3 3.95259E-3 4.00662E-3 4.41988E-3 4.83354E-3 9.30422E-3 8.26896E-3 1.41789E-2 1.49376E-2 1.89009E-2 2.03457E-2 2.10303E-2 1.8979E-2 2.43613E-2 2.52374E-2 2.58473E-2 2.44989E-2 2.63386E-2 2.63147E-2 2.82127E-2 2.86611E-2 1.62366E-2 1.70428E-2 1.77693E-2 2.99486E-2 3.06803E-2 2.70861E-2 2.91966E-2 2.86385E-2 2.88954E-2 2.84975E-2 3.64464E-2 3.95502E-2 6.00693E-2 3.76562E-2 1.03287E-1 1.01724E-1 2.00616E-2 1.92546E-2 1.93579E-2 3.45122E-2 3.50899E-2 9.58291E-2 1.92225E-2 2.26213E-2 2.28703E-2 2.14552E-2 2.96331E-2
1.40851E-3 8.68693E-4 1.22358E-3 1.56617E-3 1.49431E-3 1.17795E-3 2.19652E-3 1.23197E-3 2.73301E-3 1.6232E-3 1.96671E-3 2.60051E-3 2.82877E-3 2.53457E-3 1.79652E-3 1.46615E-3 1.08738E-3 1.25442E-3 1.2663E-3 2.18569E-3 4.5655E-3 6.6803E-3 4.03334E-3 4.37118E-3 8.23185E-3 9.13799E-3 9.9157E-3 9.44646E-3 1.5517E-2 1.51186E-2 1.61835E-2 1.68872E-2 2.29111E-2 2.03077E-2 1.86233E-2 2.33442E-2 2.49512E-2 2.49524E-2 2.81185E-2 2.89103E-2 2.96731E-2 3.0995E-2 3.22122E-2 1.70792E-2 1.71699E-2 1.68525E-2 3.07929E-2 2.8704E-2 2.72307E-2 2.97215E-2 3.10779E-2 3.61152E-2 3.84402E-2 3.73912E-2 3.79806E-2 1.03545E-1 1.06135E-1 5.97057E-2 5.74707E-2 5.60421E-2 5.71193E-2 1.04143E-1 1.00138E-1 9.4553E-2 1.83187E-2 1.80144E-2 1.86458E-2 3.13934E-2 3.09155E-2
1.21188E-3 9.49317E-4 1.10281E-3 1.09977E-3 1.05804E-3 2.50134E-3 1.02715E-3 8.96151E-4 2.80096E-3 1.74917E-3 2.62935E-3 3.06749E-3 2.91497E-3 2.21708E-3 1.7701E-3 1.62552E-3 1.08997E-3 1.05251E-3 1.06527E-3 1.2604E-3 1.68769E-3 4.58336E-3 4.96166E-3 7.35452E-3 8.78057E-3 5.32286E-3 5.81321E-3 1.03142E-2 9.9105E-3 1.52988E-2 1.53153E-2 1.57834E-2 2.19351E-2 2.05873E-2 1.87795E-2 2.29497E-2 2.56807E-2 2.69534E-2 2.71364E-2 2.78672E-2 3.00475E-2 3.15283E-2 3.25037E-2 1.8122E-2 1.85521E-2 1.84547E-2 1.73219E-2 3.2418E-2 3.13871E-2 3.29423E-2 3.3956E-2 3.92831E-2 3.93696E-2 3.78627E-2 3.7801E-2 1.04774E-1 6.0013E-2 6.15782E-2 6.15762E-2 6.15662E-2 6.08359E-2 6.27519E-2 5.76082E-2 5.67052E-2 9.62905E-2 5.44495E-2 5.40843E-2 9.42933E-2 9.23097E-2
1.24487E-3 8.94322E-4 2.38093E-3 1.91553E-3 1.88254E-3 1.85974E-3 8.52036E-4 8.32564E-4 9.98512E-4 3.13008E-3 5.88744E-3 1.1461E-2 1.60676E-3 1.48732E-3 1.49552E-3 1.26328E-3 1.1594E-3 1.14054E-3 1.17191E-3 1.30774E-3 1.7507E-3 1.97827E-3 5.18658E-3 8.65704E-3 6.31476E-3 5.37277E-3 5.53285E-3 9.89483E-3 9.13825E-3 9.20416E-3 9.38091E-3 1.76561E-2 2.20597E-2 2.02672E-2 2.04412E-2 2.66907E-2 2.8677E-2 2.69406E-2 2.81207E-2 2.82572E-2 3.06476E-2 3.00206E-2 3.33617E-2 1.78085E-2 1.82109E-2 1.88303E-2 1.8888E-2 1.86049E-2 3.45848E-2 3.82457E-2 4.00747E-2 1.09285E-1 1.10095E-1 1.0738E-1 3.88024E-2 5.82028E-2 5.92108E-2 6.07562E-2 6.13055E-2 6.25933E-2 6.18258E-2 6.10318E-2 5.94329E-2 5.74637E-2 1.06837E-1 1.03492E-1 5.74897E-2 5.81697E-2 5.63925E-2
1.07157E-3 8.66458E-4 2.14249E-3 1.73807E-3 9.5764E-4 9.6458E-4 7.89788E-4 6.72155E-4 1.10571E-3 3.51964E-3 6.3752E-3 7.06162E-3 1.68922E-3 1.98268E-3 3.25781E-3 1.77653E-3 1.31034E-3 1.31196E-3 1.3316E-3 1.66801E-3 1.90078E-3 2.08256E-3 5.59419E-3 5.05112E-3 5.24535E-3 5.16749E-3 5.38854E-3 5.59354E-3 5.5196E-3 5.24744E-3 9.63526E-3 1.01923E-2 2.07837E-2 2.1262E-2 2.27726E-2 3.09077E-2 3.10744E-2 2.95745E-2 2.93636E-2 3.15369E-2 3.24232E-2 3.3652E-2 3.65607E-2 3.79214E-2 2.01295E-2 1.538E-2 1.94252E-2 1.90525E-2 1.98248E-2 3.93703E-2 1.1155E-1 1.14212E-1 1.12544E-1 1.09394E-1 1.05058E-1 6.11822E-2 6.03055E-2 6.15521E-2 6.08125E-2 6.31126E-2 6.40474E-2 5.96627E-2 5.91499E-2 6.0505E-2 1.07865E-1 1.06826E-1 6.17541E-2 6.37712E-2 6.14248E-2
1.9078E-3 1.7293E-3 1.61837E-3 1.05403E-3 1.43205E-3 9.50338E-4 9.89593E-4 8.16333E-4 8.55147E-4 3.56171E-3 2.56064E-2 7.54355E-3 7.54107E-3 9.2106E-3 2.00008E-3 2.67343E-3 1.50996E-3 1.46916E-3 1.80442E-3 1.89778E-3 2.09837E-3 2.39225E-3 4.77019E-3 4.95332E-3 4.88877E-3 2.07901E-2 2.25072E-2 2.3822E-2 2.43275E-2 2.43022E-2 5.75434E-3 7.63942E-3 2.27365E-2 2.22173E-2 2.568E-2 2.73201E-2 2.73461E-2 2.77848E-2 1.09761E-1 9.85878E-2 2.81259E-2 2.9399E-2 1.01364E-1 1.08548E-1 1.0209E-1 5.8068E-2 1.96996E-2 3.46976E-2 4.0269E-2 1.1114E-1 1.11062E-1 1.1252E-1 1.09142E-1 1.1379E-1 6.54903E-2 6.65125E-2 6.76901E-2 6.64834E-2 6.42225E-2 6.3676E-2 6.56524E-2 6.75528E-2 6.23832E-2 6.01288E-2 6.32037E-2 6.54038E-2 6.65669E-2 6.65828E-2 6.65778E-2
1.82161E-3 1.6561E-3 1.6403E-3 1.59535E-3 9.35977E-4 1.51564E-3 1.19333E-3 8.53167E-4 8.4401E-4 2.96398E-3 2.86609E-2 8.71614E-3 8.61121E-3 8.32272E-3 9.58935E-3 7.84127E-3 2.66695E-3 1.89364E-3 1.84175E-3 1.95707E-3 2.11492E-3 2.46147E-3 4.6116E-3 4.79473E-3 5.00585E-3 2.06476E-2 2.19555E-2 6.52463E-2 6.87889E-2 7.06297E-2 7.16085E-2 1.58105E-1 3.9884E-2 6.95052E-2 2.69542E-2 2.75971E-2 2.87708E-2 1.1345E-1 1.46897E-1 1.18034E-1 1.04172E-1 1.02968E-1 8.69767E-2 1.14102E-1 1.07704E-1 1.0212E-1 9.50967E-2 9.78054E-2 1.02764E-1 1.15245E-1 1.10606E-1 1.09126E-1 1.17131E-1 1.18789E-1 6.88868E-2 6.9281E-2 7.00611E-2 6.96113E-2 6.72931E-2 1.16583E-1 1.19377E-1 1.20279E-1 1.18393E-1 6.45735E-2 6.73576E-2 7.03156E-2 8.01026E-2 8.07469E-2 7.13143E-2
1.25713E-3 1.15525E-3 1.35312E-3 1.08016E-3 1.10239E-3 1.32521E-3 8.54731E-4 8.19311E-4 9.48658E-4 2.46418E-3 2.2707E-2 2.3574E-2 1.05795E-2 1.11064E-2 8.35589E-3 9.15376E-3 3.03369E-3 2.57132E-3 1.88274E-3 2.00257E-3 2.10642E-3 2.38334E-3 4.53325E-3 4.77008E-3 4.87029E-3 2.09283E-2 2.1461E-2 2.35178E-2 6.76871E-2 7.21506E-2 7.74538E-2 1.00894E-1 1.69663E-1 2.893E-2 2.6657E-2 2.70138E-2 8.27737E-2 1.16113E-1 2.52124E-1 3.77567E-1 1.1395E-1 1.11332E-1 1.07793E-1 1.14158E-1 1.10055E-1 1.05971E-1 1.00132E-1 1.06007E-1 1.13432E-1 1.20854E-1 1.16416E-1 1.11257E-1 1.0679E-1 1.09016E-1 1.27279E-1 7.06779E-2 7.08849E-2 7.29447E-2 7.5487E-2 1.49165E-1 1.47793E-1 1.41661E-1 1.38168E-1 6.9018E-2 7.17683E-2 8.54668E-2 7.03874E-2 7.15658E-2 7.15579E-2
1.20485E-3 1.06709E-3 1.08081E-3 1.4264E-3 7.3705E-4 1.76464E-3 6.05805E-4 7.3879E-4 2.14032E-3 2.28876E-3 4.01346E-3 2.37372E-2 2.51867E-2 2.37143E-2 2.35283E-2 7.36687E-3 1.69265E-3 2.79423E-3 2.80359E-3 2.16866E-3 2.17355E-3 1.68441E-3 4.27746E-3 4.39949E-3 4.74695E-3 1.96922E-2 2.09145E-2 2.29656E-2 2.3469E-2 6.85808E-2 7.99917E-2 7.9948E-2 1.04944E-1 4.80406E-2 2.81658E-2 2.7187E-2 8.10803E-2 1.19706E-1 3.91748E-1 3.83945E-1 3.83924E-1 1.18057E-1 1.16926E-1 1.1747E-1 1.25114E-1 1.28383E-1 1.30171E-1 1.38154E-1 1.68817E-1 1.72593E-1 1.52176E-1 1.27677E-1 1.11084E-1 1.1792E-1 1.52124E-1 8.94462E-2 9.11966E-2 9.35172E-2 2.03301E-1 3.33647E-1 3.3191E-1 1.5668E-1 1.49106E-1 8.91595E-2 8.90281E-2 1.86882E-1 7.63865E-2 7.627E-2 7.55783E-2
1.13385E-3 1.08464E-3 1.26726E-3 1.22425E-3 7.82917E-4 1.64509E-3 7.29528E-4 5.84801E-4 6.96842E-4 2.7546E-3 1.33291E-3 1.80414E-2 1.77183E-2 1.77759E-2 2.58523E-2 1.43434E-2 1.31179E-3 1.50259E-3 1.51467E-3 2.78597E-3 1.57529E-3 1.61904E-3 3.96793E-3 4.22423E-3 4.41624E-3 4.50835E-3 4.96313E-3 2.16839E-2 4.05649E-2 6.81984E-2 7.39025E-2 7.85043E-2 1.05742E-1 5.79933E-2 9.92108E-2 3.64799E-2 1.12847E-1 1.23802E-1 4.06959E-1 4.09176E-1 4.06204E-1 4.07442E-1 4.12781E-1 4.18589E-1 1.31604E-1 1.40425E-1 1.4398E-1 1.4442E-1 1.75586E-1 2.10063E-1 2.09466E-1 1.67833E-1 1.64224E-1 1.6545E-1 3.35801E-1 2.54471E-1 5.61175E-1 5.78201E-1 5.81633E-1 2.6067E-1 2.62034E-1 3.18485E-1 3.19421E-1 8.77448E-2 1.92915E-1 1.59268E-1 1.57978E-1 1.6597E-1 1.60196E-1
1.12743E-3 1.11082E-3 7.69715E-4 7.9486E-4 7.32456E-4 6.08756E-4 6.62309E-4 1.87492E-3 1.99918E-3 7.0736E-4 8.16398E-4 2.7491E-3 1.88317E-2 4.89151E-3 4.59072E-3 4.54222E-3 1.93146E-3 1.83044E-3 2.22069E-3 1.79566E-3 1.85821E-3 1.5412E-3 3.7821E-3 4.00859E-3 4.23062E-3 8.1464E-3 8.5299E-3 5.10491E-3 5.47914E-3 2.44808E-2 7.47744E-2 8.2403E-2 1.00137E-1 1.25654E-1 1.01378E-1 1.02947E-1 1.14416E-1 2.53342E-1 4.21165E-1 4.33648E-1 4.2137E-1 4.22991E-1 2.80648E-1 4.50455E-1 4.36798E-1 1.66021E-1 1.65454E-1 1.66415E-1 1.77537E-1 2.10079E-1 3.92194E-1 3.94573E-1 3.8664E-1 3.90442E-1 7.34212E-1 5.72869E-1 5.72198E-1 5.84447E-1 5.9513E-1 5.91302E-1 2.68667E-1 2.46552E-1 8.98325E-2 1.94116E-1 1.70653E-1 1.57786E-1 4.24769E-1 4.23061E-1 4.396E-1
